========================================
覆盖路径点统计信息
========================================
总路径点数: 1199

总路径距离: 848.769 米

----------------------------------------
按房间统计
----------------------------------------
房间 16: 1199 个点, 距离: 848.769 米

----------------------------------------
按房间+Segment统计
----------------------------------------
房间 16, Segment 0: 1199 个点, 距离: 848.769 米

----------------------------------------
详细路径点信息
----------------------------------------
ID	Room	Segment	X(m)	Y(m)	Yaw(rad)	U(px)	V(px)	Acc_Dist	Room_Dist	Seg_Dist
0	16	0	-0.101363	-9.453147	1.527170	1775	597	0.000	0.000	0.000
1	16	0	-0.077377	-8.903672	1.527170	1776	586	0.550	0.550	0.550
2	16	0	-0.003439	-8.356376	1.436512	1777	575	1.102	1.102	1.102
3	16	0	-0.029391	-7.804722	1.617806	1777	564	1.655	1.655	1.655
4	16	0	-0.055355	-7.253062	1.617827	1776	553	2.207	2.207	2.207
5	16	0	-0.081320	-6.701402	1.617827	1776	542	2.759	2.759	2.759
6	16	0	-0.107284	-6.149748	1.617828	1775	531	3.311	3.311	3.311
7	16	0	-0.083297	-5.600273	1.527170	1776	520	3.861	3.861	3.861
8	16	0	-0.061483	-5.100749	1.527155	1776	510	4.361	4.361	4.361
9	16	0	-0.087447	-4.549089	1.617827	1776	499	4.914	4.914	4.914
10	16	0	-0.063448	-3.999613	1.527148	1776	488	5.464	5.464	5.464
11	16	0	-0.089413	-3.447953	1.617827	1775	477	6.016	6.016	6.016
12	16	0	-0.115377	-2.896299	1.617828	1775	466	6.568	6.568	6.568
13	16	0	-0.091390	-2.346824	1.527170	1775	455	7.118	7.118	7.118
14	16	0	-0.117342	-1.795164	1.617805	1775	444	7.670	7.670	7.670
15	16	0	-0.093356	-1.245689	1.527170	1775	433	8.220	8.220	8.220
16	16	0	-0.069369	-0.696214	1.527170	1776	422	8.770	8.770	8.770
17	16	0	-0.045370	-0.146739	1.527148	1776	411	9.320	9.320	9.320
18	16	0	-0.116927	0.507009	1.679820	1775	397	9.978	9.978	9.978
19	16	0	-0.097299	0.956582	1.527163	1775	388	10.428	10.428	10.428
20	16	0	-0.073312	1.506057	1.527170	1776	377	10.978	10.978	10.978
21	16	0	-0.546664	2.127297	2.221900	1766	365	11.759	11.759	11.759
22	16	0	-0.622579	2.681136	1.707019	1765	354	12.318	12.318	12.318
23	16	0	-0.448727	3.224068	1.260902	1768	343	12.888	12.888	12.888
24	16	0	-0.426913	3.723592	1.527155	1769	333	13.388	13.388	13.388
25	16	0	-0.452877	4.275252	1.617827	1768	322	13.940	13.940	13.940
26	16	0	-0.528793	4.829088	1.707020	1767	311	14.499	14.499	14.499
27	16	0	-0.506979	5.328612	1.527155	1767	301	14.999	14.999	14.999
28	16	0	-0.433041	5.875909	1.436512	1769	290	15.552	15.552	15.552
29	16	0	-0.109335	6.412298	1.027814	1775	279	16.178	16.178	16.178
30	16	0	-0.085348	6.961773	1.527170	1776	268	16.728	16.728	16.728
31	16	0	-0.584872	6.983584	3.097957	1766	268	17.228	17.228	17.228
32	16	0	-1.134347	7.007574	3.097961	1755	267	17.778	17.778	17.778
33	16	0	-1.683822	7.031563	3.097961	1744	267	18.328	18.328	18.328
34	16	0	-2.233297	7.055556	3.097955	1733	267	18.878	18.878	18.878
35	16	0	-2.787142	6.979644	-3.005377	1722	268	19.437	19.437	19.437
36	16	0	-3.284481	7.051406	2.998290	1712	267	19.940	19.940	19.940
37	16	0	-3.306295	6.551882	-1.614438	1711	277	20.440	20.440	20.440
38	16	0	-3.378048	6.054537	-1.714080	1710	287	20.942	20.942	20.942
39	16	0	-3.399862	5.555013	-1.614438	1709	297	21.442	21.442	21.442
40	16	0	-3.421676	5.055489	-1.614438	1709	307	21.942	21.942	21.942
41	16	0	-3.393527	4.553786	-1.514747	1709	317	22.445	22.445	22.445
42	16	0	-3.365389	4.052080	-1.514772	1710	327	22.947	22.947	22.947
43	16	0	-3.437142	3.554738	-1.714080	1709	337	23.450	23.450	23.450
44	16	0	-3.320004	2.798910	-1.417039	1711	352	24.215	24.215	24.215
45	16	0	-3.291866	2.297201	-1.514772	1711	362	24.717	24.717	24.717
46	16	0	-2.740206	2.323165	0.047031	1722	361	25.269	25.269	25.269
47	16	0	-2.188546	2.349123	0.047020	1733	361	25.822	25.822	25.822
48	16	0	-1.639071	2.325136	-0.043626	1744	361	26.372	26.372	26.372
49	16	0	-1.087411	2.351095	0.047020	1756	361	26.924	26.924	26.924
50	16	0	-1.165511	2.854983	1.724569	1754	351	27.434	27.434	27.434
51	16	0	-1.443417	3.367592	2.067583	1748	340	28.017	28.017	28.017
52	16	0	-1.421603	3.867116	1.527155	1749	330	28.517	28.517	28.517
53	16	0	-1.447567	4.418774	1.617828	1748	319	29.069	29.069	29.069
54	16	0	-1.475704	4.920479	1.626821	1748	309	29.572	29.572	29.572
55	16	0	-1.451717	5.469958	1.527170	1748	298	30.122	30.122	30.122
56	16	0	-1.429904	5.969482	1.527155	1749	288	30.622	30.622	30.622
57	16	0	-1.156161	6.508050	1.100548	1754	277	31.226	31.226	31.226
58	16	0	-0.656637	6.486242	-0.043630	1764	278	31.726	31.726	31.726
59	16	0	0.464127	6.937783	0.382993	1787	269	32.934	32.934	32.934
60	16	0	0.390189	6.390490	-1.705081	1785	280	33.486	33.486	33.486
61	16	0	0.066483	5.854101	-2.113779	1779	291	34.113	34.113	34.113
62	16	0	-0.007455	5.306801	-1.705079	1777	301	34.665	34.665	34.665
63	16	0	-0.081405	4.759508	-1.705103	1776	312	35.217	35.217	35.217
64	16	0	-0.005489	4.205669	-1.434574	1777	324	35.776	35.776	35.776
65	16	0	0.072611	3.701781	-1.417024	1779	334	36.286	36.286	36.286
66	16	0	0.048612	3.152306	-1.614445	1778	345	36.836	36.836	36.836
67	16	0	-0.075277	2.607192	-1.794272	1776	355	37.395	37.395	37.395
68	16	0	0.500162	2.031545	-0.785578	1787	367	38.209	38.209	38.209
69	16	0	0.476163	1.482064	-1.614444	1787	378	38.759	38.759	38.759
70	16	0	0.452177	0.932589	-1.614423	1786	389	39.309	39.309	39.309
71	16	0	0.278324	0.389657	-1.880690	1783	400	39.879	39.879	39.879
72	16	0	0.454154	-0.168546	-1.265642	1786	411	40.465	40.465	40.465
73	16	0	0.430155	-0.718022	-1.614445	1786	422	41.015	41.015	41.015
74	16	0	0.458305	-1.219724	-1.514747	1786	432	41.517	41.517	41.517
75	16	0	0.434306	-1.769200	-1.614445	1786	443	42.067	42.067	42.067
76	16	0	0.460270	-2.320860	-1.523765	1786	454	42.619	42.619	42.619
77	16	0	0.436283	-2.870341	-1.614422	1786	465	43.169	43.169	43.169
78	16	0	0.312382	-3.415452	-1.794295	1783	476	43.728	43.728	43.728
79	16	0	0.338346	-3.967106	-1.523765	1784	487	44.281	44.281	44.281
80	16	0	0.314359	-4.516581	-1.614423	1784	498	44.831	44.831	44.831
81	16	0	0.340324	-5.068247	-1.523766	1784	509	45.383	45.383	45.383
82	16	0	0.316325	-5.617723	-1.614445	1784	520	45.933	45.933	45.933
83	16	0	0.292338	-6.167198	-1.614423	1783	531	46.483	46.483	46.483
84	16	0	0.318302	-6.718852	-1.523765	1784	542	47.035	47.035	47.035
85	16	0	0.294303	-7.268327	-1.614445	1783	553	47.585	47.585	47.585
86	16	0	0.320267	-7.819987	-1.523765	1784	564	48.137	48.137	48.137
87	16	0	0.346232	-8.371647	-1.523765	1784	575	48.690	48.690	48.690
88	16	0	0.272294	-8.918937	-1.705082	1783	586	49.242	49.242	49.242
89	16	0	0.600150	-9.433732	-1.003708	1789	596	49.852	49.852	49.852
90	16	0	1.001945	-9.401225	0.080730	1797	596	50.255	50.255	50.255
91	16	0	1.351615	-9.416496	-0.043645	1804	596	50.605	50.605	50.605
92	16	0	1.325651	-8.864836	1.617827	1804	585	51.158	51.158	51.158
93	16	0	1.349638	-8.315361	1.527170	1804	574	51.708	51.708	51.708
94	16	0	1.373637	-7.765879	1.527148	1805	563	52.258	52.258	52.258
95	16	0	1.447575	-7.218589	1.436511	1806	552	52.810	52.810	52.810
96	16	0	1.471561	-6.669114	1.527170	1807	541	53.360	53.360	53.360
97	16	0	1.443424	-6.167405	1.626820	1806	531	53.862	53.862	53.862
98	16	0	1.467411	-5.617930	1.527170	1807	520	54.412	54.412	54.412
99	16	0	1.491410	-5.068449	1.527148	1807	509	54.962	54.962	54.962
100	16	0	1.515397	-4.518974	1.527170	1808	498	55.512	55.512	55.512
101	16	0	1.539384	-3.969499	1.527170	1808	487	56.062	56.062	56.062
102	16	0	1.563383	-3.420024	1.527148	1809	476	56.612	56.612	56.612
103	16	0	1.537418	-2.868363	1.617827	1808	465	57.165	57.165	57.165
104	16	0	1.511454	-2.316709	1.617828	1807	454	57.717	57.717	57.717
105	16	0	1.535441	-1.767234	1.527170	1808	443	58.267	58.267	58.267
106	16	0	1.509476	-1.215574	1.617827	1807	432	58.819	58.819	58.819
107	16	0	1.483524	-0.663914	1.617805	1807	421	59.372	59.372	59.372
108	16	0	1.507511	-0.114439	1.527170	1807	410	59.922	59.922	59.922
109	16	0	1.481547	0.437215	1.617828	1807	399	60.474	60.474	60.474
110	16	0	1.505546	0.986696	1.527148	1807	388	61.024	61.024	61.024
111	16	0	1.529533	1.536172	1.527170	1808	377	61.574	61.574	61.574
112	16	0	1.603471	2.083468	1.436512	1809	366	62.126	62.126	62.126
113	16	0	1.527555	2.637307	1.707019	1808	355	62.685	62.685	62.685
114	16	0	1.551554	3.186782	1.527148	1808	344	63.235	63.235	63.235
115	16	0	1.525590	3.738439	1.617828	1808	333	63.787	63.787	63.787
116	16	0	1.497440	4.240145	1.626845	1807	323	64.290	64.290	64.290
117	16	0	1.371574	4.796163	1.793416	1805	312	64.860	64.860	64.860
118	16	0	1.445524	5.343459	1.436491	1806	301	65.412	65.412	65.412
119	16	0	1.519462	5.890755	1.436512	1808	290	65.964	65.964	65.964
120	16	0	1.493510	6.442412	1.617806	1807	279	66.517	66.517	66.517
121	16	0	1.567448	6.989709	1.436512	1809	268	67.069	67.069	67.069
122	16	0	2.116923	6.965716	-0.043637	1820	268	67.619	67.619	67.619
123	16	0	2.627348	7.193670	0.420020	1830	264	68.178	68.178	68.178
124	16	0	3.176835	7.169677	-0.043636	1841	264	68.728	68.728	68.728
125	16	0	3.728483	7.195641	0.047032	1852	264	69.280	69.280	69.280
126	16	0	4.275785	7.121697	-0.134293	1863	265	69.833	69.833	69.833
127	16	0	4.827445	7.147662	0.047031	1874	265	70.385	70.385	70.385
128	16	0	5.322599	7.025945	-0.241036	1884	267	70.895	70.895	70.895
129	16	0	5.869901	6.952001	-0.134293	1895	269	71.447	71.447	71.447
130	16	0	6.421549	6.977965	0.047032	1906	268	71.999	71.999	71.999
131	16	0	6.971037	6.953973	-0.043636	1917	269	72.549	72.549	72.549
132	16	0	7.522685	6.979934	0.047027	1928	268	73.102	73.102	73.102
133	16	0	8.024394	7.008077	0.056036	1938	267	73.604	73.604	73.604
134	16	0	8.576054	7.034038	0.047026	1949	267	74.156	74.156	74.156
135	16	0	9.121171	6.910143	-0.223485	1960	269	74.715	74.715	74.715
136	16	0	9.670646	6.886153	-0.043632	1971	270	75.265	75.265	75.265
137	16	0	10.222306	6.912115	0.047026	1982	269	75.818	75.818	75.818
138	16	0	10.828275	7.035799	0.201345	1994	267	76.436	76.436	76.436
139	16	0	11.379936	7.061761	0.047026	2005	266	76.988	76.988	76.988
140	16	0	11.929411	7.037771	-0.043632	2016	267	77.538	77.538	77.538
141	16	0	12.478886	7.013781	-0.043632	2027	267	78.088	78.088	78.088
142	16	0	13.028361	6.989788	-0.043637	2038	268	78.638	78.638	78.638
143	16	0	13.577836	6.965798	-0.043632	2049	268	79.188	79.188	79.188
144	16	0	14.131669	7.041714	0.136224	2060	267	79.747	79.747	79.747
145	16	0	14.678971	6.967773	-0.134288	2071	268	80.300	80.300	80.300
146	16	0	15.180680	6.995913	0.056030	2081	268	80.802	80.802	80.802
147	16	0	15.732328	7.021877	0.047032	2092	267	81.354	81.354	81.354
148	16	0	16.283988	7.047839	0.047026	2103	267	81.907	81.907	81.907
149	16	0	16.833463	7.023846	-0.043637	2114	267	82.457	82.457	82.457
150	16	0	17.385124	7.049807	0.047026	2125	267	83.009	83.009	83.009
151	16	0	17.934599	7.025817	-0.043632	2136	267	83.559	83.559	83.559
152	16	0	18.477531	6.851968	-0.309889	2147	271	84.129	84.129	84.129
153	16	0	18.977055	6.830160	-0.043630	2157	271	84.629	84.629	84.629
154	16	0	19.526530	6.806170	-0.043632	2168	271	85.179	85.179	85.179
155	16	0	20.078190	6.832131	0.047026	2179	271	85.731	85.731	85.731
156	16	0	20.629850	6.858092	0.047026	2190	270	86.284	86.284	86.284
157	16	0	21.181510	6.884054	0.047026	2201	270	86.836	86.836	86.836
158	16	0	21.730986	6.860064	-0.043632	2212	270	87.386	87.386	87.386
159	16	0	22.282646	6.886025	0.047026	2223	270	87.938	87.938	87.938
160	16	0	22.834294	6.911986	0.047027	2234	269	88.490	88.490	88.490
161	16	0	23.490226	7.033489	0.183160	2247	267	89.157	89.157	89.157
162	16	0	24.039701	7.009499	-0.043632	2258	267	89.707	89.707	89.707
163	16	0	24.593534	7.085415	0.136224	2269	266	90.266	90.266	90.266
164	16	0	25.143009	7.061425	-0.043632	2280	266	90.816	90.816	90.816
165	16	0	25.694670	7.087386	0.047026	2291	266	91.369	91.369	91.369
166	16	0	26.192021	7.015624	-0.143300	2301	267	91.871	91.871	91.871
167	16	0	26.743669	7.041589	0.047032	2312	267	92.423	92.423	92.423
168	16	0	27.290971	6.967641	-0.134299	2323	268	92.976	92.976	92.976
169	16	0	27.842631	6.993606	0.047031	2334	268	93.528	93.528	93.528
170	16	0	28.392106	6.969616	-0.043632	2345	268	94.078	94.078	94.078
171	16	0	28.943754	6.995577	0.047027	2356	268	94.630	94.630	94.630
172	16	0	29.495414	7.021535	0.047020	2367	267	95.183	95.183	95.183
173	16	0	30.047075	7.047500	0.047031	2378	267	95.735	95.735	95.735
174	16	0	30.596550	7.023510	-0.043632	2389	267	96.285	96.285	96.285
175	16	0	31.098259	7.051650	0.056030	2399	267	96.787	96.787	96.787
176	16	0	31.647734	7.027660	-0.043632	2410	267	97.337	97.337	97.337
177	16	0	32.197209	7.003670	-0.043632	2421	268	97.887	97.887	97.887
178	16	0	32.746684	6.979677	-0.043637	2432	268	98.437	98.437	98.437
179	16	0	33.293986	6.905736	-0.134288	2443	269	98.990	98.990	98.990
180	16	0	33.943364	6.877386	-0.043631	2456	270	99.640	99.640	99.640
181	16	0	34.492839	6.853393	-0.043637	2467	271	100.190	100.190	100.190
182	16	0	35.042314	6.829403	-0.043632	2478	271	100.740	100.740	100.740
183	16	0	35.593974	6.855364	0.047026	2489	271	101.292	101.292	101.292
184	16	0	35.993596	6.837914	-0.043638	2497	271	101.692	101.692	101.692
185	16	0	36.540886	6.763973	-0.134291	2508	272	102.244	102.244	102.244
186	16	0	37.092546	6.789934	0.047026	2519	272	102.796	102.796	102.796
187	16	0	37.642021	6.765945	-0.043632	2530	272	103.346	103.346	103.346
188	16	0	38.193681	6.791906	0.047026	2541	272	103.899	103.899	103.899
189	16	0	38.849601	6.913412	0.183168	2554	269	104.566	104.566	104.566
190	16	0	39.401262	6.939373	0.047026	2565	269	105.118	105.118	105.118
191	16	0	39.950737	6.915380	-0.043637	2576	269	105.668	105.668	105.668
192	16	0	40.506755	7.041250	0.222625	2587	267	106.238	106.238	106.238
193	16	0	41.056242	7.017260	-0.043631	2598	267	106.788	106.788	106.788
194	16	0	41.605717	6.993270	-0.043632	2609	268	107.338	107.338	107.338
195	16	0	42.155192	6.969277	-0.043637	2620	268	107.888	107.888	107.888
196	16	0	42.656901	6.997420	0.056036	2630	268	108.391	108.391	108.391
197	16	0	43.204191	6.923476	-0.134296	2641	269	108.943	108.943	108.943
198	16	0	43.758024	6.999389	0.136219	2652	268	109.502	109.502	109.502
199	16	0	44.305327	6.925448	-0.134288	2663	269	110.054	110.054	110.054
200	16	0	44.856987	6.951409	0.047026	2674	269	110.606	110.606	110.606
201	16	0	45.408635	6.977370	0.047027	2685	268	111.159	111.159	111.159
202	16	0	45.955937	6.903426	-0.134293	2696	270	111.711	111.711	111.711
203	16	0	46.507597	6.929391	0.047031	2707	269	112.263	112.263	112.263
204	16	0	47.059245	6.955352	0.047027	2718	269	112.815	112.815	112.815
205	16	0	47.558769	6.933541	-0.043636	2728	269	113.315	113.315	113.315
206	16	0	48.108256	6.909551	-0.043631	2739	269	113.865	113.865	113.865
207	16	0	48.657732	6.885558	-0.043637	2750	270	114.415	114.415	114.415
208	16	0	49.202837	6.761663	-0.223490	2761	272	114.974	114.974	114.974
209	16	0	49.754497	6.787627	0.047031	2772	272	115.527	115.527	115.527
210	16	0	50.303972	6.763637	-0.043632	2783	272	116.077	116.077	116.077
211	16	0	50.853447	6.739645	-0.043637	2794	273	116.627	116.627	116.627
212	16	0	51.402934	6.715655	-0.043631	2805	273	117.177	117.177	117.177
213	16	0	51.954582	6.741616	0.047027	2816	273	117.729	117.729	117.729
214	16	0	52.560564	6.865301	0.201341	2828	270	118.347	118.347	118.347
215	16	0	53.112212	6.891265	0.047032	2839	270	118.900	118.900	118.900
216	16	0	53.663872	6.917223	0.047020	2851	269	119.452	119.452	119.452
217	16	0	54.217717	6.993139	0.136221	2862	268	120.011	120.011	120.011
218	16	0	54.765007	6.919198	-0.134291	2873	269	120.563	120.563	120.563
219	16	0	55.316667	6.945159	0.047026	2884	269	121.116	121.116	121.116
220	16	0	55.866142	6.921166	-0.043637	2895	269	121.666	121.666	121.666
221	16	0	56.419975	6.997082	0.136224	2906	268	122.225	122.225	122.225
222	16	0	56.967278	6.923138	-0.134293	2917	269	122.777	122.777	122.777
223	16	0	57.518938	6.949102	0.047031	2928	269	123.329	123.329	123.329
224	16	0	58.068413	6.925109	-0.043637	2939	269	123.879	123.879	123.879
225	16	0	58.567937	6.903301	-0.043630	2949	270	124.379	124.379	124.379
226	16	0	59.119597	6.929262	0.047026	2960	269	124.931	124.931	124.931
227	16	0	59.669072	6.905270	-0.043637	2971	270	125.481	125.481	125.481
228	16	0	60.216362	6.831328	-0.134291	2982	271	126.034	126.034	126.034
229	16	0	60.765837	6.807339	-0.043632	2993	271	126.584	126.584	126.584
230	16	0	61.315312	6.783346	-0.043637	3004	272	127.134	127.134	127.134
231	16	0	61.864800	6.759356	-0.043631	3015	272	127.684	127.684	127.684
232	16	0	62.418633	6.835271	0.136224	3026	271	128.243	128.243	128.243
233	16	0	62.968108	6.811281	-0.043632	3037	271	128.793	128.793	128.793
234	16	0	63.517583	6.787289	-0.043637	3048	272	129.343	129.343	129.343
235	16	0	64.067058	6.763299	-0.043632	3059	272	129.893	129.893	129.893
236	16	0	64.616533	6.739309	-0.043632	3070	273	130.443	130.443	130.443
237	16	0	65.166020	6.715319	-0.043631	3081	273	130.993	130.993	130.993
238	16	0	65.774162	6.888955	0.278119	3093	270	131.625	131.625	131.625
239	16	0	66.321465	6.815011	-0.134293	3104	271	132.177	132.177	132.177
240	16	0	66.820989	6.793203	-0.043630	3114	272	132.677	132.677	132.677
241	16	0	67.311785	6.571581	-0.424147	3123	276	133.216	133.216	133.216
242	16	0	67.856902	6.447686	-0.223485	3134	279	133.775	133.775	133.775
243	16	0	68.404192	6.373745	-0.134291	3145	280	134.327	134.327	134.327
244	16	0	69.188164	5.989181	-0.456045	3161	288	135.200	135.200	135.200
245	16	0	69.676787	5.717611	-0.507275	3171	293	135.759	135.759	135.759
246	16	0	70.260954	5.341772	-0.571704	3182	301	136.454	136.454	136.454
247	16	0	70.788616	4.818255	-0.781456	3193	311	137.197	137.197	137.197
248	16	0	71.411833	4.190475	-0.789045	3205	324	138.082	138.082	138.082
249	16	0	72.087175	3.610467	-0.709602	3219	335	138.972	138.972	138.972
250	16	0	72.556157	2.889321	-0.994190	3228	350	139.832	139.832	139.832
251	16	0	73.033879	2.367989	-0.829021	3238	360	140.540	140.540	140.540
252	16	0	73.402959	1.651205	-1.095292	3245	375	141.346	141.346	141.346
253	16	0	73.822002	0.932247	-1.043084	3254	389	142.178	142.178	142.178
254	16	0	73.900090	0.428359	-1.417048	3255	399	142.688	142.688	142.688
255	16	0	74.075908	-0.129844	-1.265662	3259	410	143.273	143.273	143.273
256	16	0	74.256096	-0.588139	-1.196191	3262	419	143.765	143.765	143.765
257	16	0	74.332012	-1.141978	-1.434574	3264	430	144.325	144.325	144.325
258	16	0	74.310198	-1.641502	-1.614438	3263	440	144.825	144.825	144.825
259	16	0	74.386113	-2.195341	-1.434574	3265	452	145.384	145.384	145.384
260	16	0	74.264397	-2.690501	-1.811830	3263	461	145.893	145.893	145.893
261	16	0	74.190459	-3.237797	-1.705080	3261	472	146.446	146.446	146.446
262	16	0	74.168645	-3.737321	-1.614438	3261	482	146.946	146.946	146.946
263	16	0	74.094707	-4.284617	-1.705080	3259	493	147.498	147.498	147.498
264	16	0	73.923040	-4.777598	-1.905888	3256	503	148.020	148.020	148.020
265	16	0	73.651470	-5.266215	-2.078076	3250	513	148.579	148.579	148.579
266	16	0	73.477617	-5.809153	-1.880687	3247	524	149.149	149.149	149.149
267	16	0	73.355901	-6.304313	-1.811830	3244	534	149.659	149.659	149.659
268	16	0	72.828020	-6.931883	-2.270131	3234	546	150.479	150.479	150.479
269	16	0	72.415325	-7.214146	-2.541720	3226	552	150.979	150.979	150.979
270	16	0	71.989531	-7.796134	-2.202429	3217	564	151.700	151.700	151.700
271	16	0	71.520330	-8.226078	-2.399828	3208	572	152.337	152.337	152.337
272	16	0	70.949040	-8.701609	-2.447416	3196	582	153.080	153.080	153.080
273	16	0	70.438616	-8.929563	-2.721572	3186	586	153.639	153.639	153.639
274	16	0	69.667522	-9.396373	-2.597223	3171	596	154.540	154.540	154.540
275	16	0	69.098418	-9.821952	-2.499497	3159	604	155.251	155.251	155.251
276	16	0	69.595757	-9.893718	-0.143309	3169	605	155.753	155.753	155.753
277	16	0	70.143047	-9.967656	-0.134285	3180	607	156.306	156.306	156.306
278	16	0	70.642571	-9.989469	-0.043642	3190	607	156.806	156.806	156.806
279	16	0	71.144280	-9.961326	0.056036	3200	607	157.308	157.308	157.308
280	16	0	71.693755	-9.985319	-0.043637	3211	607	157.858	157.858	157.858
281	16	0	72.195464	-9.957176	0.056036	3221	607	158.361	158.361	158.361
282	16	0	72.694988	-9.978984	-0.043630	3231	607	158.861	158.861	158.861
283	16	0	73.246648	-9.953019	0.047031	3242	607	159.413	159.413	159.413
284	16	0	73.743987	-10.024784	-0.143309	3252	608	159.915	159.915	159.915
285	16	0	73.765801	-9.525260	1.527155	3253	598	160.415	160.415	160.415
286	16	0	73.789788	-8.975779	1.527170	3253	587	160.965	160.965	160.965
287	16	0	73.861553	-8.478434	1.427489	3254	577	161.468	161.468	161.468
288	16	0	73.885540	-7.928959	1.527170	3255	566	162.018	162.018	162.018
289	16	0	74.007256	-7.433799	1.329763	3257	556	162.528	162.528	162.528
290	16	0	74.244145	-6.593333	1.296068	3262	539	163.401	163.401	163.401
291	16	0	74.368035	-6.048216	1.347322	3265	529	163.960	163.960	163.960
292	16	0	74.491936	-5.503105	1.347298	3267	518	164.519	164.519	164.519
293	16	0	74.715728	-4.962351	1.178406	3272	507	165.104	165.104	165.104
294	16	0	74.889580	-4.419419	1.260902	3275	496	165.674	165.674	165.674
295	16	0	75.011296	-3.924259	1.329763	3277	486	166.184	166.184	166.184
296	16	0	75.389312	-3.290141	1.033230	3285	473	166.923	166.923	166.923
297	16	0	75.663066	-2.751573	1.100530	3291	463	167.527	167.527	167.527
298	16	0	76.295208	-2.028453	0.852428	3303	448	168.487	168.487	168.487
299	16	0	76.560234	-1.689695	0.906911	3308	441	168.917	168.917	168.917
300	16	0	76.781853	-1.198893	1.146659	3313	432	169.456	169.456	169.456
301	16	0	77.151152	-0.764585	0.866118	3320	423	170.026	170.026	170.026
302	16	0	77.665947	-0.436729	0.567088	3331	416	170.636	170.636	170.636
303	16	0	78.339312	0.084395	0.658630	3344	406	171.488	171.488	171.488
304	16	0	79.014873	0.655471	0.701779	3358	395	172.372	172.372	172.372
305	16	0	79.588335	1.180959	0.741772	3369	384	173.150	173.150	173.150
306	16	0	80.159624	1.656490	0.694177	3380	374	173.893	173.893	173.893
307	16	0	80.683135	2.184157	0.789352	3391	364	174.637	174.637	174.637
308	16	0	81.204473	2.661867	0.741756	3401	354	175.344	175.344	175.344
309	16	0	81.730169	3.239489	0.832427	3412	343	176.125	176.125	176.125
310	16	0	82.255864	3.817110	0.832427	3422	331	176.906	176.906	176.906
311	16	0	82.525249	4.255776	1.020073	3428	322	177.421	177.421	177.421
312	16	0	82.987908	4.535860	0.544366	3437	317	177.961	177.961	177.961
313	16	0	83.400615	4.818130	0.599869	3445	311	178.461	178.461	178.461
314	16	0	83.670012	5.256795	1.020053	3451	302	178.976	178.976	178.976
315	16	0	84.239116	5.682378	0.642099	3462	294	179.687	179.687	179.687
316	16	0	84.866900	6.305587	0.781741	3475	282	180.571	180.571	180.571
317	16	0	85.494671	6.928799	0.781754	3487	269	181.456	181.456	181.456
318	16	0	85.961699	7.308788	0.682998	3496	261	182.058	182.058	182.058
319	16	0	86.641607	7.979766	0.778788	3510	248	183.013	183.013	183.013
320	16	0	87.058672	8.361941	0.741771	3518	240	183.579	183.579	183.579
321	16	0	87.228167	8.804967	1.205394	3522	232	184.053	184.053	184.053
322	16	0	87.145708	9.208950	1.772145	3520	223	184.466	184.466	184.466
323	16	0	86.704863	9.428387	2.679735	3511	219	184.958	184.958	184.958
324	16	0	86.242205	9.148302	-2.597227	3502	225	185.499	185.499	185.499
325	16	0	85.981536	8.909444	-2.399830	3497	229	185.853	185.853	185.853
326	16	0	85.566643	8.577227	-2.466406	3489	236	186.384	186.384	186.384
327	16	0	85.297258	8.138558	-2.121516	3483	245	186.899	186.899	186.899
328	16	0	85.027861	7.699892	-2.121539	3478	254	187.414	187.414	187.414
329	16	0	84.450042	7.074502	-2.316679	3466	266	188.265	188.265	188.265
330	16	0	84.076384	6.540291	-2.181158	3459	277	188.917	188.917	188.917
331	16	0	83.555046	6.062578	-2.399833	3448	286	189.624	189.624	189.624
332	16	0	82.938164	5.689132	-2.597229	3436	294	190.345	190.345	190.345
333	16	0	82.529827	5.506768	-2.721569	3428	297	190.792	190.792	190.792
334	16	0	81.956353	4.981280	-2.399831	3416	308	191.570	191.570	191.570
335	16	0	81.484978	4.501385	-2.347238	3407	318	192.243	192.243	192.243
336	16	0	80.907146	3.875994	-2.316689	3395	330	193.094	193.094	193.094
337	16	0	80.335857	3.400463	-2.447416	3384	340	193.838	193.838	193.838
338	16	0	80.066472	2.961794	-2.121516	3379	348	194.352	194.352	194.352
339	16	0	79.662493	2.879339	-2.940250	3371	350	194.765	194.765	194.765
340	16	0	79.256328	2.746926	-2.826450	3362	353	195.192	195.192	195.192
341	16	0	78.150835	2.645052	-3.049700	3340	355	196.302	196.302	196.302
342	16	0	77.651311	2.666860	3.097963	3330	354	196.802	196.802	196.802
343	16	0	76.906377	2.799483	2.965405	3315	352	197.559	197.559	197.559
344	16	0	76.411223	2.921197	2.900562	3305	349	198.069	198.069	198.069
345	16	0	75.968193	3.090682	2.776211	3297	346	198.543	198.543	198.543
346	16	0	75.084319	3.479607	2.727066	3279	338	199.509	199.509	199.509
347	16	0	74.650005	3.848904	2.436926	3270	331	200.079	200.079	200.079
348	16	0	74.161394	4.120476	2.634303	3260	325	200.638	200.638	200.638
349	16	0	73.481682	4.600579	2.526629	3247	316	201.470	201.470	201.470
350	16	0	73.043022	4.869970	2.590853	3238	310	201.985	201.985	201.985
351	16	0	72.552214	5.091588	2.717460	3228	306	202.523	202.523	202.523
352	16	0	72.206914	5.206762	2.819651	3221	303	202.887	202.887	202.887
353	16	0	71.720476	5.528286	2.557540	3212	297	203.470	203.470	203.470
354	16	0	71.138494	5.954076	2.509958	3200	289	204.191	204.191	204.191
355	16	0	70.597746	6.177877	2.749184	3189	284	204.777	204.777	204.777
356	16	0	70.111308	6.499401	2.557540	3179	278	205.360	205.360	205.360
357	16	0	69.184014	7.040365	2.613485	3161	267	206.433	206.433	206.433
358	16	0	68.645452	7.314117	2.671326	3150	261	207.038	207.038	207.038
359	16	0	68.152458	7.485784	2.806509	3140	258	207.560	207.560	207.560
360	16	0	67.309819	7.672716	2.923287	3123	254	208.423	208.423	208.423
361	16	0	66.812468	7.744482	2.998287	3114	253	208.925	208.925	208.925
362	16	0	66.312944	7.766289	3.097963	3104	252	209.425	209.425	209.425
363	16	0	65.765654	7.840230	3.007302	3093	251	209.977	209.977	209.977
364	16	0	65.213994	7.814272	-3.094573	3082	251	210.530	210.530	210.530
365	16	0	64.712285	7.786126	-3.085550	3071	252	211.032	211.032	211.032
366	16	0	64.210588	7.757986	-3.085561	3061	252	211.535	211.535	211.535
367	16	0	63.663286	7.831927	3.007305	3051	251	212.087	212.087	212.087
368	16	0	63.111638	7.805965	-3.094566	3039	251	212.639	212.639	212.639
369	16	0	62.614287	7.877727	2.998293	3030	250	213.142	213.142	213.142
370	16	0	62.112590	7.849587	-3.085561	3020	251	213.644	213.644	213.644
371	16	0	61.560930	7.823623	-3.094562	3008	251	214.196	214.196	214.196
372	16	0	61.011455	7.847613	3.097961	2997	251	214.746	214.746	214.746
373	16	0	60.511931	7.869424	3.097957	2987	250	215.246	215.246	215.246
374	16	0	59.658379	7.806594	-3.068116	2970	251	216.102	216.102	216.102
375	16	0	59.158855	7.828405	3.097957	2960	251	216.602	216.602	216.602
376	16	0	58.607195	7.802444	-3.094567	2949	252	217.155	217.155	217.155
377	16	0	58.105486	7.774300	-3.085556	2939	252	217.657	217.657	217.657
378	16	0	57.558196	7.848244	3.007296	2928	251	218.209	218.209	218.209
379	16	0	57.008720	7.872234	3.097961	2917	250	218.759	218.759	218.759
380	16	0	56.511369	7.943996	2.998293	2907	249	219.262	219.262	219.262
381	16	0	55.959709	7.918035	-3.094567	2896	249	219.814	219.814	219.814
382	16	0	55.458012	7.889892	-3.085555	2886	250	220.317	220.317	220.317
383	16	0	54.906352	7.863930	-3.094567	2875	250	220.869	220.869	220.869
384	16	0	54.354692	7.837969	-3.094567	2864	251	221.421	221.421	221.421
385	16	0	53.852983	7.809823	-3.085550	2854	251	221.924	221.924	221.924
386	16	0	53.303508	7.833816	3.097955	2843	251	222.474	222.474	222.474
387	16	0	52.799626	7.755721	-2.987830	2833	252	222.984	222.984	222.984
388	16	0	52.250151	7.779714	3.097955	2822	252	223.534	223.534	223.534
389	16	0	51.698491	7.753750	-3.094562	2811	253	224.086	224.086	224.086
390	16	0	51.196782	7.725606	-3.085556	2801	253	224.588	224.588	224.588
391	16	0	50.649492	7.799551	3.007296	2790	252	225.141	225.141	225.141
392	16	0	50.149968	7.821358	3.097963	2780	251	225.641	225.641	225.641
393	16	0	49.600493	7.845351	3.097955	2769	251	226.191	226.191	226.191
394	16	0	48.846843	7.778161	-3.052674	2754	252	226.947	226.947	226.947
395	16	0	48.297368	7.802151	3.097961	2743	252	227.497	227.497	227.497
396	16	0	47.745708	7.776189	-3.094567	2732	252	228.049	228.049	228.049
397	16	0	47.196232	7.800179	3.097961	2721	252	228.599	228.599	228.599
398	16	0	46.646757	7.824172	3.097955	2710	251	229.149	229.149	229.149
399	16	0	46.097282	7.848162	3.097961	2699	251	229.699	229.699	229.699
400	16	0	45.545622	7.822201	-3.094567	2688	251	230.252	230.252	230.252
401	16	0	44.996147	7.846191	3.097961	2677	251	230.802	230.802	230.802
402	16	0	44.494438	7.818047	-3.085556	2667	251	231.304	231.304	231.304
403	16	0	43.944963	7.842037	3.097961	2656	251	231.854	231.854	231.854
404	16	0	43.395488	7.866027	3.097961	2645	250	232.404	232.404	232.404
405	16	0	42.846013	7.890020	3.097955	2634	250	232.954	232.954	232.954
406	16	0	42.294353	7.864059	-3.094567	2623	250	233.507	233.507	233.507
407	16	0	41.744877	7.888048	3.097961	2612	250	234.057	234.057	234.057
408	16	0	41.195402	7.912038	3.097961	2601	249	234.607	234.607	234.607
409	16	0	40.643742	7.886077	-3.094567	2590	250	235.159	235.159	235.159
410	16	0	40.092082	7.860116	-3.094567	2579	250	235.711	235.711	235.711
411	16	0	39.540422	7.834154	-3.094567	2568	251	236.263	236.263	236.263
412	16	0	38.988774	7.808193	-3.094566	2557	251	236.816	236.816	236.816
413	16	0	38.439287	7.832183	3.097962	2546	251	237.366	237.366	237.366
414	16	0	37.889811	7.856173	3.097961	2535	250	237.916	237.916	237.916
415	16	0	37.342521	7.930117	3.007296	2524	249	238.468	238.468	238.468
416	16	0	36.842997	7.951928	3.097957	2514	249	238.968	238.968	238.968
417	16	0	36.291337	7.925964	-3.094562	2503	249	239.520	239.520	239.520
418	16	0	35.739677	7.900002	-3.094567	2492	250	240.072	240.072	240.072
419	16	0	35.188017	7.874041	-3.094567	2481	250	240.625	240.625	240.625
420	16	0	34.638542	7.898031	3.097961	2470	250	241.175	241.175	241.175
421	16	0	34.089067	7.922021	3.097961	2459	249	241.725	241.725	241.725
422	16	0	33.539592	7.946011	3.097961	2448	249	242.275	242.275	242.275
423	16	0	32.888029	7.924413	-3.108458	2435	249	242.927	242.927	242.927
424	16	0	32.338554	7.948403	3.097961	2424	249	243.477	243.477	243.477
425	16	0	31.784709	7.872491	-3.005377	2413	250	244.036	244.036	244.036
426	16	0	31.285185	7.894298	3.097963	2403	250	244.536	244.536	244.536
427	16	0	30.733537	7.868337	-3.094566	2392	250	245.088	245.088	245.088
428	16	0	30.186235	7.942281	3.007299	2381	249	245.640	245.640	245.640
429	16	0	29.636760	7.966271	3.097961	2370	248	246.190	246.190	246.190
430	16	0	29.089470	8.040215	3.007296	2359	247	246.742	246.742	246.742
431	16	0	28.537809	8.014251	-3.094562	2348	247	247.295	247.295	247.295
432	16	0	27.990507	8.088198	3.007294	2337	246	247.847	247.847	247.847
433	16	0	27.436674	8.012282	-3.005369	2326	247	248.406	248.406	248.406
434	16	0	26.887199	8.036272	3.097961	2315	247	248.956	248.956	248.956
435	16	0	26.333354	7.960360	-3.005377	2304	248	249.515	249.515	249.515
436	16	0	25.786064	8.034301	3.007302	2293	247	250.067	250.067	250.067
437	16	0	25.234404	8.008340	-3.094567	2282	247	250.620	250.620	250.620
438	16	0	24.682743	7.982378	-3.094567	2271	248	251.172	251.172	251.172
439	16	0	24.131095	7.956417	-3.094566	2260	248	251.724	251.724	251.724
440	16	0	23.581608	7.980407	3.097962	2249	248	252.274	252.274	252.274
441	16	0	23.082084	8.002215	3.097963	2239	248	252.774	252.774	252.774
442	16	0	22.530436	7.976256	-3.094572	2228	248	253.326	253.326	253.326
443	16	0	21.980961	8.000246	3.097961	2217	248	253.876	253.876	253.876
444	16	0	21.429301	7.974282	-3.094562	2206	248	254.429	254.429	254.429
445	16	0	20.879826	7.998272	3.097961	2195	248	254.979	254.979	254.979
446	16	0	20.328166	7.972314	-3.094573	2184	248	255.531	255.531	255.531
447	16	0	19.778691	7.996303	3.097961	2173	248	256.081	256.081	256.081
448	16	0	19.229215	8.020293	3.097961	2162	247	256.631	256.631	256.631
449	16	0	18.679740	8.044286	3.097955	2151	247	257.181	257.181	257.181
450	16	0	18.178031	8.016143	-3.085556	2141	247	257.683	257.683	257.683
451	16	0	17.628556	8.040133	3.097961	2130	247	258.233	258.233	258.233
452	16	0	17.074711	7.964220	-3.005377	2119	248	258.792	258.792	258.792
453	16	0	16.575187	7.986028	3.097963	2109	248	259.292	259.292	259.292
454	16	0	16.023527	7.960064	-3.094562	2098	248	259.845	259.845	259.845
455	16	0	15.474052	7.984057	3.097955	2087	248	260.395	260.395	260.395
456	16	0	14.920219	7.908141	-3.005369	2076	249	260.954	260.954	260.954
457	16	0	14.372917	7.982085	3.007299	2065	248	261.506	261.506	261.506
458	16	0	13.819084	7.906173	-3.005374	2054	249	262.065	262.065	262.065
459	16	0	13.269608	7.930163	3.097961	2043	249	262.615	262.615	262.615
460	16	0	12.715763	7.854247	-3.005372	2032	251	263.174	263.174	263.174
461	16	0	12.166288	7.878237	3.097961	2021	250	263.724	263.724	263.724
462	16	0	11.668949	7.950002	2.998284	2011	249	264.226	264.226	264.226
463	16	0	11.117289	7.924038	-3.094562	2000	249	264.779	264.779	264.779
464	16	0	10.567814	7.948028	3.097961	1989	249	265.329	265.329	265.329
465	16	0	10.013981	7.872115	-3.005374	1978	250	265.888	265.888	265.888
466	16	0	9.464506	7.896105	3.097961	1967	250	266.438	266.438	266.438
467	16	0	8.812943	7.874508	-3.108458	1954	250	267.090	267.090	267.090
468	16	0	8.263456	7.898498	3.097962	1943	250	267.640	267.640	267.640
469	16	0	7.066789	8.000793	3.056317	1919	248	268.841	268.841	268.841
470	16	0	6.667167	8.018240	3.097962	1911	247	269.241	269.241	269.241
471	16	0	6.267545	8.035686	3.097962	1903	247	269.641	269.641	269.641
472	16	0	5.870109	8.103088	2.973601	1895	246	270.044	270.044	270.044
473	16	0	5.468302	8.070583	-3.060873	1887	246	270.447	270.447	270.447
474	16	0	5.016557	8.040261	-3.074571	1878	247	270.900	270.900	270.900
475	16	0	4.464896	8.014300	-3.094567	1867	247	271.452	271.452	271.452
476	16	0	3.915421	8.038290	3.097961	1856	247	272.002	272.002	272.002
477	16	0	3.363761	8.012325	-3.094562	1845	247	272.554	272.554	272.554
478	16	0	2.816471	8.086272	3.007291	1834	246	273.106	273.106	273.106
479	16	0	2.314762	8.058126	-3.085550	1824	246	273.609	273.609	273.609
480	16	0	1.765287	8.082119	3.097955	1813	246	274.159	274.159	274.159
481	16	0	1.213627	8.056158	-3.094567	1802	246	274.711	274.711	274.711
482	16	0	0.661967	8.030193	-3.094562	1790	247	275.264	275.264	275.264
483	16	0	0.110319	8.004232	-3.094566	1779	248	275.816	275.816	275.816
484	16	0	-0.439169	8.028225	3.097956	1768	247	276.366	276.366	276.366
485	16	0	-0.988644	8.052215	3.097961	1757	247	276.916	276.916	276.916
486	16	0	-1.538119	8.076205	3.097961	1746	246	277.466	277.466	277.466
487	16	0	-2.037643	8.098016	3.097957	1736	246	277.966	277.966	277.966
488	16	0	-2.591476	8.022100	-3.005369	1725	247	278.525	278.525	278.525
489	16	0	-3.140951	8.046090	3.097961	1714	247	279.075	279.075	279.075
490	16	0	-3.692611	8.020132	-3.094573	1703	247	279.627	279.627	279.627
491	16	0	-4.242086	8.044121	3.097961	1692	247	280.177	280.177	280.177
492	16	0	-4.363802	7.548959	-1.811828	1690	257	280.687	280.687	280.687
493	16	0	-4.385616	7.049435	-1.614438	1690	267	281.187	281.187	281.187
494	16	0	-4.357467	6.547729	-1.514748	1690	277	281.689	281.689	281.689
495	16	0	-4.379281	6.048205	-1.614438	1690	287	282.189	282.189	282.189
496	16	0	-4.351144	5.546499	-1.514772	1690	297	282.692	282.692	282.692
497	16	0	-4.372946	5.046975	-1.614414	1690	307	283.192	283.192	283.192
498	16	0	-4.396945	4.497500	-1.614445	1689	318	283.742	283.742	283.742
499	16	0	-4.368795	3.995794	-1.514748	1690	328	284.244	284.244	284.244
500	16	0	-4.440560	3.498452	-1.714105	1688	338	284.747	284.747	284.747
501	16	0	-4.360287	3.044515	-1.395767	1690	347	285.208	285.208	285.208
502	16	0	-4.332137	2.542812	-1.514747	1691	357	285.710	285.710	285.710
503	16	0	-4.353951	2.043288	-1.614438	1690	367	286.210	286.210	286.210
504	16	0	-4.275851	1.539400	-1.417024	1692	377	286.720	286.720	286.720
505	16	0	-3.774154	1.567544	0.056038	1702	376	287.223	287.223	287.223
506	16	0	-3.315853	1.747726	0.374589	1711	373	287.715	287.715	287.715
507	16	0	-2.762020	1.823641	0.136224	1722	371	288.274	288.274	288.274
508	16	0	-2.212533	1.799648	-0.043636	1733	372	288.824	288.824	288.824
509	16	0	-1.713009	1.777840	-0.043630	1743	372	289.324	289.324	289.324
510	16	0	-1.161361	1.803799	0.047021	1754	372	289.877	289.877	289.877
511	16	0	-0.620602	1.580001	-0.392396	1765	376	290.462	290.462	290.462
512	16	0	-0.592465	1.078298	-1.514772	1765	386	290.964	290.964	290.964
513	16	0	-0.097299	0.956582	-0.241030	1775	388	291.474	291.474	291.474
514	16	0	0.677946	0.372207	-0.645925	1791	400	292.445	292.445	292.445
515	16	0	1.005802	-0.142582	-1.003703	1797	410	293.055	293.055	293.055
516	16	0	0.984000	-0.642106	-1.614414	1797	420	293.555	293.555	293.555
517	16	0	0.960001	-1.191587	-1.614444	1796	431	294.105	294.105	294.105
518	16	0	0.985966	-1.743241	-1.523765	1797	442	294.658	294.658	294.658
519	16	0	0.961979	-2.292716	-1.614423	1796	453	295.208	295.208	295.208
520	16	0	0.987943	-2.844371	-1.523765	1797	465	295.760	295.760	295.760
521	16	0	1.163761	-3.402580	-1.265665	1801	476	296.345	296.345	296.345
522	16	0	1.139762	-3.952055	-1.614445	1800	487	296.895	296.895	296.895
523	16	0	1.115775	-4.501530	-1.614423	1800	498	297.445	297.445	297.445
524	16	0	1.091788	-5.051005	-1.614423	1799	509	297.995	297.995	297.995
525	16	0	1.069974	-5.550529	-1.614438	1799	519	298.495	298.495	298.495
526	16	0	1.045988	-6.100010	-1.614422	1798	530	299.045	299.045	299.045
527	16	0	1.071952	-6.651664	-1.523765	1799	541	299.597	299.597	299.597
528	16	0	1.097904	-7.203318	-1.523787	1799	552	300.150	300.150	300.150
529	16	0	1.023966	-7.750614	-1.705080	1798	563	300.702	300.702	300.702
530	16	0	0.975980	-8.849571	-1.614434	1797	585	301.802	301.802	301.802
531	16	0	0.624137	-8.884257	-3.043326	1790	585	302.155	302.155	302.155
532	16	0	0.672123	-7.785301	1.527159	1791	563	303.255	303.255	303.255
533	16	0	0.696110	-7.235826	1.527170	1791	552	303.805	303.805	303.805
534	16	0	0.720097	-6.686351	1.527170	1792	541	304.355	304.355	304.355
535	16	0	0.644181	-6.132511	1.707019	1790	530	304.914	304.914	304.914
536	16	0	0.668180	-5.583036	1.527148	1791	519	305.464	305.464	305.464
537	16	0	0.692167	-5.033555	1.527170	1791	508	306.014	306.014	306.014
538	16	0	0.716154	-4.484080	1.527170	1792	497	306.564	306.564	306.564
539	16	0	0.740153	-3.934605	1.527148	1792	486	307.114	307.114	307.114
540	16	0	0.764139	-3.385130	1.527170	1793	475	307.664	307.664	307.664
541	16	0	1.079752	0.404714	1.487709	1799	400	311.467	311.467	311.467
542	16	0	0.953886	0.960732	1.793416	1796	388	312.038	312.038	312.038
543	16	0	0.977872	1.510213	1.527170	1797	377	312.588	312.588	312.588
544	16	0	1.051823	2.057503	1.436489	1798	366	313.140	313.140	313.140
545	16	0	0.975907	2.611342	1.707019	1797	355	313.699	313.699	313.699
546	16	0	1.049845	3.158639	1.436512	1798	344	314.251	314.251	314.251
547	16	0	1.023881	3.710296	1.617828	1798	333	314.803	314.803	314.803
548	16	0	0.997916	4.261956	1.617827	1797	322	315.356	315.356	315.356
549	16	0	0.872050	4.817971	1.793417	1795	311	315.926	315.926	315.926
550	16	0	0.946000	5.365270	1.436491	1796	300	316.478	316.478	316.478
551	16	0	1.019938	5.912563	1.436512	1798	289	317.030	317.030	317.030
552	16	0	0.941849	6.416448	1.724546	1796	279	317.540	317.540	317.540
553	16	0	1.015787	6.963747	1.436513	1798	268	318.092	318.092	318.092
554	16	0	1.089738	7.511040	1.436490	1799	257	318.645	318.645	318.645
555	16	0	1.641386	7.537005	0.047032	1810	257	319.197	319.197	319.197
556	16	0	2.140910	7.515194	-0.043636	1820	257	319.697	319.697	319.697
557	16	0	2.696928	7.641061	0.222620	1831	255	320.267	320.267	320.267
558	16	0	3.246415	7.617071	-0.043631	1842	255	320.817	320.817	320.817
559	16	0	3.795890	7.593081	-0.043632	1853	256	321.367	321.367	321.367
560	16	0	4.345365	7.569088	-0.043637	1864	256	321.917	321.917	321.917
561	16	0	4.897025	7.595049	0.047026	1875	256	322.469	322.469	322.469
562	16	0	5.552946	7.716555	0.183168	1888	253	323.136	323.136	323.136
563	16	0	6.104606	7.742516	0.047026	1899	253	323.689	323.689	323.689
564	16	0	6.651896	7.668575	-0.134291	1910	254	324.241	324.241	324.241
565	16	0	7.201371	7.644585	-0.043632	1921	255	324.791	324.791	324.791
566	16	0	7.700895	7.622774	-0.043636	1931	255	325.291	325.291	325.291
567	16	0	8.143925	7.453286	-0.365388	1940	259	325.765	325.765	325.765
568	16	0	8.693400	7.429296	-0.043632	1951	259	326.315	326.315	326.315
569	16	0	9.349332	7.550802	0.183165	1964	257	326.982	326.982	326.982
570	16	0	10.452641	7.602724	0.047026	1986	256	328.087	328.087	328.087
571	16	0	10.997758	7.478829	-0.223485	1997	258	328.646	328.646	328.646
572	16	0	11.549418	7.504790	0.047026	2008	258	329.198	329.198	329.198
573	16	0	12.096708	7.430849	-0.134291	2019	259	329.750	329.750	329.750
574	16	0	12.596232	7.409038	-0.043636	2029	259	330.250	330.250	330.250
575	16	0	13.150077	7.484951	0.136216	2040	258	330.809	330.809	330.809
576	16	0	13.699552	7.460961	-0.043632	2051	258	331.359	331.359	331.359
577	16	0	14.251212	7.486925	0.047031	2062	258	331.912	331.912	331.912
578	16	0	14.798502	7.412978	-0.134302	2073	259	332.464	332.464	332.464
579	16	0	15.352348	7.488894	0.136221	2084	258	333.023	333.023	333.023
580	16	0	15.901823	7.464904	-0.043632	2095	258	333.573	333.573	333.573
581	16	0	16.453471	7.490868	0.047032	2106	258	334.125	334.125	334.125
582	16	0	16.952995	7.469057	-0.043636	2116	258	334.625	334.625	334.625
583	16	0	17.506840	7.544970	0.136216	2127	257	335.184	335.184	335.184
584	16	0	18.056315	7.520977	-0.043637	2138	257	335.734	335.734	335.734
585	16	0	18.712235	7.642486	0.183173	2151	255	336.401	336.401	336.401
586	16	0	19.261711	7.618496	-0.043632	2162	255	336.951	336.951	336.951
587	16	0	19.811198	7.594503	-0.043636	2173	256	337.501	337.501	337.501
588	16	0	20.362846	7.620464	0.047027	2185	255	338.054	338.054	338.054
589	16	0	20.912321	7.596474	-0.043632	2195	256	338.604	338.604	338.604
590	16	0	21.463981	7.622436	0.047026	2207	255	339.156	339.156	339.156
591	16	0	22.015641	7.648397	0.047026	2218	255	339.708	339.708	339.708
592	16	0	22.515165	7.626589	-0.043630	2228	255	340.208	340.208	340.208
593	16	0	23.066825	7.652547	0.047020	2239	255	340.760	340.760	340.760
594	16	0	23.611943	7.528652	-0.223485	2249	257	341.319	341.319	341.319
595	16	0	24.161418	7.504662	-0.043632	2260	258	341.869	341.869	341.869
596	16	0	24.713066	7.530627	0.047032	2272	257	342.422	342.422	342.422
597	16	0	25.264726	7.556585	0.047020	2283	256	342.974	342.974	342.974
598	16	0	25.816386	7.582549	0.047031	2294	256	343.526	343.526	343.526
599	16	0	26.363688	7.508605	-0.134293	2305	257	344.079	344.079	344.079
600	16	0	26.915336	7.534569	0.047032	2316	257	344.631	344.631	344.631
601	16	0	27.414860	7.512759	-0.043636	2326	257	345.131	345.131	345.131
602	16	0	27.966520	7.538720	0.047026	2337	257	345.683	345.683	345.683
603	16	0	28.513823	7.464776	-0.134293	2348	258	346.235	346.235	346.235
604	16	0	29.067656	7.540691	0.136224	2359	257	346.794	346.794	346.794
605	16	0	29.614946	7.466747	-0.134296	2370	258	347.347	347.347	347.347
606	16	0	30.166606	7.492712	0.047031	2381	258	347.899	347.899	347.899
607	16	0	30.713908	7.418764	-0.134299	2392	259	348.451	348.451	348.451
608	16	0	31.265556	7.444729	0.047032	2403	259	349.003	349.003	349.003
609	16	0	31.815043	7.420739	-0.043631	2414	259	349.553	349.553	349.553
610	16	0	32.318925	7.498830	0.153756	2424	258	350.063	350.063	350.063
611	16	0	32.868400	7.474840	-0.043632	2435	258	350.613	350.613	350.613
612	16	0	33.424418	7.600710	0.222625	2446	256	351.183	351.183	351.183
613	16	0	33.965178	7.376910	-0.392400	2457	260	351.769	351.769	351.769
614	16	0	34.514653	7.352917	-0.043637	2468	261	352.319	352.319	352.319
615	16	0	35.064128	7.328927	-0.043632	2479	261	352.869	352.869	352.869
616	16	0	35.615788	7.354888	0.047026	2490	261	353.421	353.421	353.421
617	16	0	36.158720	7.181039	-0.309889	2500	264	353.991	353.991	353.991
618	16	0	36.708195	7.157049	-0.043632	2511	264	354.541	354.541	354.541
619	16	0	37.259855	7.183013	0.047031	2522	264	355.093	355.093	355.093
620	16	0	37.759379	7.161202	-0.043636	2532	264	355.593	355.593	355.593
621	16	0	38.308854	7.137212	-0.043632	2543	265	356.143	356.143	356.143
622	16	0	38.919194	7.360802	0.351154	2556	260	356.793	356.793	356.793
623	16	0	39.470842	7.386764	0.047027	2567	260	357.346	357.346	357.346
624	16	0	40.022502	7.412725	0.047026	2578	259	357.898	357.898	357.898
625	16	0	40.574162	7.438686	0.047026	2589	259	358.450	358.450	358.450
626	16	0	41.075871	7.466830	0.056036	2599	258	358.953	358.953	358.953
627	16	0	41.625346	7.442840	-0.043632	2610	259	359.503	359.503	359.503
628	16	0	42.174821	7.418847	-0.043637	2621	259	360.053	360.053	360.053
629	16	0	42.726481	7.444811	0.047031	2632	259	360.605	360.605	360.605
630	16	0	43.275957	7.420821	-0.043632	2643	259	361.155	361.155	361.155
631	16	0	43.825432	7.396831	-0.043632	2654	260	361.705	361.705	361.705
632	16	0	44.374907	7.372839	-0.043637	2665	260	362.255	362.255	362.255
633	16	0	44.926567	7.398800	0.047026	2676	260	362.807	362.807	362.807
634	16	0	45.476042	7.374810	-0.043632	2687	260	363.357	363.357	363.357
635	16	0	46.027702	7.400768	0.047020	2698	260	363.909	363.909	363.909
636	16	0	46.577177	7.376778	-0.043632	2709	260	364.459	364.459	364.459
637	16	0	47.126652	7.352788	-0.043632	2720	261	365.009	365.009	365.009
638	16	0	47.678313	7.378753	0.047031	2731	260	365.562	365.562	365.562
639	16	0	48.227788	7.354760	-0.043637	2742	261	366.112	366.112	366.112
640	16	0	48.777263	7.330770	-0.043632	2753	261	366.662	366.662	366.662
641	16	0	49.385417	7.504406	0.278113	2765	258	367.294	367.294	367.294
642	16	0	49.934892	7.480416	-0.043632	2776	258	367.844	367.844	367.844
643	16	0	50.484367	7.456426	-0.043632	2787	258	368.394	368.394	368.394
644	16	0	51.031657	7.382482	-0.134296	2798	260	368.946	368.946	368.946
645	16	0	51.583317	7.408443	0.047026	2809	259	369.499	369.499	369.499
646	16	0	52.085026	7.436590	0.056042	2819	259	370.001	370.001	370.001
647	16	0	52.630144	7.312691	-0.223491	2830	261	370.560	370.560	370.560
648	16	0	53.183977	7.388607	0.136224	2841	260	371.119	371.119	371.119
649	16	0	53.733452	7.364617	-0.043632	2852	260	371.669	371.669	371.669
650	16	0	54.285112	7.390578	0.047026	2863	260	372.221	372.221	372.221
651	16	0	54.836772	7.416540	0.047026	2874	259	372.774	372.774	372.774
652	16	0	55.386247	7.392550	-0.043632	2885	260	373.324	373.324	373.324
653	16	0	55.937907	7.418511	0.047026	2896	259	373.876	373.876	373.876
654	16	0	56.489568	7.444472	0.047026	2907	259	374.428	374.428	374.428
655	16	0	57.039043	7.420480	-0.043637	2918	259	374.978	374.978	374.978
656	16	0	57.588518	7.396490	-0.043632	2929	260	375.528	375.528	375.528
657	16	0	58.135808	7.322549	-0.134291	2940	261	376.080	376.080	376.080
658	16	0	58.687468	7.348507	0.047020	2951	261	376.633	376.633	376.633
659	16	0	59.189177	7.376653	0.056042	2961	260	377.135	377.135	377.135
660	16	0	59.738652	7.352663	-0.043632	2972	261	377.685	377.685	377.685
661	16	0	60.281584	7.178814	-0.309889	2983	264	378.255	378.255	378.255
662	16	0	60.831059	7.154824	-0.043632	2994	265	378.805	378.805	378.805
663	16	0	61.380534	7.130834	-0.043632	3005	265	379.355	379.355	379.355
664	16	0	61.930010	7.106844	-0.043632	3016	265	379.905	379.905	379.905
665	16	0	62.483855	7.182754	0.136210	3027	264	380.464	380.464	380.464
666	16	0	63.033330	7.158764	-0.043632	3038	264	381.014	381.014	381.014
667	16	0	63.582805	7.134774	-0.043632	3049	265	381.564	381.564	381.564
668	16	0	64.132280	7.110784	-0.043632	3060	265	382.114	382.114	382.114
669	16	0	64.681755	7.086791	-0.043637	3071	266	382.664	382.664	382.664
670	16	0	65.231230	7.062801	-0.043632	3082	266	383.214	383.214	383.214
671	16	0	65.494084	7.351614	0.832418	3087	261	383.605	383.605	383.605
672	16	0	65.993608	7.329803	-0.043636	3097	261	384.105	384.105	384.105
673	16	0	66.543083	7.305813	-0.043632	3108	261	384.655	384.655	384.655
674	16	0	67.094744	7.331774	0.047026	3119	261	385.207	385.207	385.207
675	16	0	67.592082	7.260012	-0.143303	3129	262	385.710	385.710	385.710
676	16	0	68.478142	6.921038	-0.365385	3147	269	386.658	386.658	386.658
677	16	0	69.564006	6.573345	-0.309884	3169	276	387.798	387.798	387.798
678	16	0	70.043901	6.101961	-0.776451	3178	286	388.471	388.471	388.471
679	16	0	70.678020	5.723943	-0.537570	3191	293	389.209	389.209	389.209
680	16	0	71.218767	5.500143	-0.392408	3202	298	389.795	389.795	389.795
681	16	0	71.650896	5.080895	-0.770269	3210	306	390.397	390.397	390.397
682	16	0	72.087383	4.761550	-0.631638	3219	312	390.938	390.938	390.938
683	16	0	72.728032	4.533391	-0.342131	3232	317	391.618	391.618	391.618
684	16	0	73.168889	4.313952	-0.461852	3241	321	392.110	392.110	392.110
685	16	0	73.659685	4.092330	-0.424147	3250	326	392.649	392.649	392.649
686	16	0	74.189531	3.618770	-0.729361	3261	335	393.359	393.359	393.359
687	16	0	74.975688	3.284157	-0.402405	3277	342	394.214	394.214	394.214
688	16	0	75.459941	2.912682	-0.654362	3286	349	394.824	394.824	394.824
689	16	0	76.094060	2.534664	-0.537570	3299	357	395.562	395.562	395.562
690	16	0	76.589226	2.412948	-0.241030	3309	359	396.072	396.072	396.072
691	16	0	77.134331	2.289052	-0.223490	3320	362	396.631	396.631	396.631
692	16	0	77.627312	2.117385	-0.335091	3330	365	397.153	397.153	397.153
693	16	0	78.129021	2.145528	0.056036	3340	365	397.656	397.656	397.656
694	16	0	78.637273	2.323531	0.336876	3350	361	398.194	398.194	398.194
695	16	0	79.697173	2.527492	0.190110	3371	357	399.273	399.273	399.273
696	16	0	80.198882	2.555636	0.056036	3381	357	399.776	399.776	399.776
697	16	0	80.518218	2.992119	0.939169	3388	348	400.317	400.317	400.317
698	16	0	81.093877	3.567559	0.785207	3399	336	401.131	401.131	401.131
699	16	0	81.715105	4.040911	0.651113	3412	327	401.912	401.912	401.912
700	16	0	82.240801	4.618529	0.832424	3422	315	402.693	402.693	402.693
701	16	0	82.816460	5.193969	0.785207	3434	304	403.507	403.507	403.507
702	16	0	83.383379	5.569598	0.585167	3445	296	404.187	404.187	404.187
703	16	0	83.956841	6.095080	0.741766	3456	286	404.965	404.965	404.965
704	16	0	84.530315	6.620568	0.741761	3468	275	405.742	405.742	405.742
705	16	0	84.956109	7.202550	0.939159	3476	264	406.464	406.464	406.464
706	16	0	85.588250	7.925664	0.852424	3489	249	407.424	407.424	407.424
707	16	0	86.152996	8.251342	0.523096	3500	243	408.076	408.076	408.076
708	16	0	86.613469	8.481475	0.463467	3510	238	408.591	408.591	408.591
709	16	0	86.832903	8.922320	1.108945	3514	229	409.083	409.083	409.083
710	16	0	86.131182	7.751815	-2.110850	3500	253	410.448	410.448	410.448
711	16	0	85.466533	7.430501	-2.691286	3487	259	411.186	411.186	411.186
712	16	0	84.986431	6.750796	-2.185764	3477	273	412.018	412.018	412.018
713	16	0	84.408599	6.125408	-2.316691	3465	285	412.870	412.870	412.870
714	16	0	83.839495	5.699825	-2.499493	3454	294	413.580	413.580	413.580
715	16	0	83.211712	5.076617	-2.359851	3441	306	414.465	414.465	414.465
716	16	0	82.646965	4.750939	-2.618497	3430	313	415.117	415.117	415.117
717	16	0	81.849700	3.684701	-2.212847	3414	334	416.448	416.448	416.448
718	16	0	81.324004	3.107079	-2.309166	3404	345	417.229	417.229	417.229
719	16	0	80.702764	2.633730	-2.490492	3391	355	418.010	418.010	418.010
720	16	0	80.179253	2.106063	-2.352240	3381	365	418.754	418.754	418.754
721	16	0	79.657915	1.628347	-2.399830	3370	375	419.461	419.461	419.461
722	16	0	79.084453	1.102859	-2.399821	3359	386	420.239	420.239	420.239
723	16	0	78.508806	0.527425	-2.356380	3347	397	421.053	421.053	421.053
724	16	0	77.887566	0.054073	-2.490489	3335	407	421.834	421.834	421.834
725	16	0	77.377129	-0.173881	-2.721581	3325	411	422.393	422.393	422.393
726	16	0	76.653813	-0.692826	-2.519249	3310	421	423.283	423.283	423.283
727	16	0	76.288872	-1.027226	-2.399839	3303	428	423.778	423.778	423.778
728	16	0	76.117205	-1.520207	-1.905888	3300	438	424.300	424.300	424.300
729	16	0	75.784783	-2.256407	-1.994928	3293	453	425.108	425.108	425.108
730	16	0	75.206951	-2.881797	-2.316689	3281	465	425.959	425.959	425.959
731	16	0	74.985332	-3.372593	-1.994938	3277	475	426.498	426.498	426.498
732	16	0	74.563909	-3.854673	-2.289160	3269	485	427.138	427.138	427.138
733	16	0	74.489958	-4.401969	-1.705102	3267	496	427.690	427.690	427.690
734	16	0	74.316118	-4.944902	-1.880670	3264	507	428.260	428.260	428.260
735	16	0	74.098857	-5.335801	-2.078079	3259	514	428.707	428.707	428.707
736	16	0	73.927190	-5.828782	-1.905888	3256	524	429.229	429.229	429.229
737	16	0	73.803289	-6.373893	-1.794295	3253	535	429.788	429.788	429.788
738	16	0	73.681572	-6.869059	-1.811827	3251	545	430.298	430.298	430.298
739	16	0	73.509905	-7.362040	-1.905888	3247	555	430.820	430.820	430.820
740	16	0	73.438152	-7.859379	-1.714081	3246	565	431.323	431.323	431.323
741	16	0	73.364202	-8.406675	-1.705102	3245	576	431.875	431.875	431.875
742	16	0	73.292449	-8.904020	-1.714080	3243	586	432.378	432.378	432.378
743	16	0	73.268450	-9.453495	-1.614445	3243	597	432.928	432.928	432.928
744	16	0	72.716789	-9.479460	-3.094562	3232	597	433.480	433.480	433.480
745	16	0	72.215093	-9.507603	-3.085555	3222	598	433.982	433.982	433.982
746	16	0	71.713384	-9.535746	-3.085556	3212	598	434.485	434.485	434.485
747	16	0	71.163909	-9.511753	3.097955	3201	598	435.035	435.035	435.035
748	16	0	70.660027	-9.589848	-2.987830	3190	599	435.545	435.545	435.545
749	16	0	71.400798	-8.671287	0.892136	3205	581	436.725	436.725	436.725
750	16	0	71.969902	-8.245707	0.642096	3217	573	437.435	437.435	437.435
751	16	0	72.404204	-8.615000	-0.704677	3225	580	438.006	438.006	438.006
752	16	0	72.495598	-7.668083	1.474577	3227	561	438.957	438.957	438.957
753	16	0	73.006023	-7.440129	0.420020	3237	556	439.516	439.516	439.516
754	16	0	73.281963	-6.851609	1.132360	3243	545	440.166	440.166	440.166
755	16	0	72.899785	-6.434538	2.312564	3235	536	440.732	440.732	440.732
756	16	0	73.021501	-5.939378	1.329763	3238	526	441.241	441.241	441.241
757	16	0	73.243120	-5.448576	1.146659	3242	517	441.780	441.780	441.780
758	16	0	73.523418	-4.760148	1.184136	3248	503	442.523	442.523	442.523
759	16	0	73.695085	-4.267167	1.235705	3251	493	443.045	443.045	443.045
760	16	0	73.719072	-3.717692	1.527170	3252	482	443.595	443.595	443.595
761	16	0	73.790837	-3.220347	1.427489	3253	472	444.098	444.098	444.098
762	16	0	73.812651	-2.720823	1.527155	3254	462	444.598	444.598	444.598
763	16	0	73.886589	-2.173527	1.436512	3255	451	445.150	445.150	445.150
764	16	0	73.858452	-1.671824	1.626821	3254	441	445.653	445.653	445.653
765	16	0	73.832488	-1.120170	1.617828	3254	430	446.205	446.205	446.205
766	16	0	73.754387	-0.616282	1.724569	3252	420	446.715	446.715	446.715
767	16	0	73.582927	0.041823	1.825666	3249	407	447.395	447.395	447.395
768	16	0	73.407109	0.600027	1.875931	3245	396	447.980	447.980	447.980
769	16	0	73.329021	1.103908	1.724547	3244	386	448.490	448.490	448.490
770	16	0	72.909978	1.822872	2.098505	3235	371	449.322	449.322	449.322
771	16	0	72.536528	2.439754	2.115164	3228	359	450.043	450.043	450.043
772	16	0	72.067546	3.160894	2.147407	3219	344	450.903	450.903	450.903
773	16	0	71.592009	3.732180	2.264982	3209	333	451.647	451.647	451.647
774	16	0	70.968804	4.359963	2.352535	3197	320	452.531	452.531	452.531
775	16	0	70.293450	4.939971	2.432000	3183	309	453.422	453.422	453.422
776	16	0	69.757060	5.263674	2.598614	3172	302	454.048	454.048	454.048
777	16	0	69.318401	5.533065	2.590853	3164	297	454.563	454.563	454.563
778	16	0	68.629973	5.813363	2.754932	3150	291	455.306	455.306	455.306
779	16	0	68.141350	6.084936	2.634313	3140	286	455.865	455.865	455.865
780	16	0	67.646184	6.206649	2.900568	3130	283	456.375	456.375	456.375
781	16	0	66.751409	6.345812	2.987300	3112	281	457.281	457.281	457.281
782	16	0	66.251885	6.367620	3.097963	3102	280	457.781	457.781	457.781
783	16	0	65.702410	6.391610	3.097961	3091	280	458.331	458.331	458.331
784	16	0	65.000896	6.372195	-3.113923	3077	280	459.032	459.032	459.032
785	16	0	64.451409	6.396184	3.097962	3066	280	459.582	459.582	459.582
786	16	0	63.901933	6.420174	3.097961	3055	279	460.132	460.132	460.132
787	16	0	63.352458	6.444164	3.097961	3044	279	460.682	460.682	460.682
788	16	0	62.802983	6.468157	3.097955	3033	278	461.232	461.232	461.232
789	16	0	62.303459	6.489965	3.097963	3023	278	461.732	461.732	461.732
790	16	0	61.749626	6.414052	-3.005374	3012	279	462.291	462.291	462.291
791	16	0	61.200151	6.438042	3.097961	3001	279	462.841	462.841	462.841
792	16	0	60.650664	6.462032	3.097962	2990	278	463.391	463.391	463.391
793	16	0	60.101189	6.486022	3.097961	2979	278	463.941	463.941	463.941
794	16	0	59.549541	6.460064	-3.094572	2968	278	464.494	464.494	464.494
795	16	0	59.000053	6.484054	3.097962	2957	278	465.044	465.044	465.044
796	16	0	58.448405	6.458089	-3.094560	2946	278	465.596	465.596	465.596
797	16	0	57.898918	6.482079	3.097962	2935	278	466.146	466.146	466.146
798	16	0	57.399394	6.503890	3.097957	2925	278	466.646	466.646	466.646
799	16	0	56.847746	6.477929	-3.094566	2914	278	467.198	467.198	467.198
800	16	0	56.298271	6.501919	3.097961	2903	278	467.748	467.748	467.748
801	16	0	55.744426	6.426006	-3.005377	2892	279	468.307	468.307	468.307
802	16	0	55.194951	6.449996	3.097961	2881	279	468.857	468.857	468.857
803	16	0	54.645476	6.473986	3.097961	2870	278	469.407	469.407	469.407
804	16	0	54.098173	6.547930	3.007299	2859	277	469.959	469.959	469.959
805	16	0	53.544340	6.472018	-3.005374	2848	278	470.518	470.518	470.518
806	16	0	52.992680	6.446053	-3.094562	2837	279	471.071	471.071	471.071
807	16	0	52.441020	6.420092	-3.094567	2826	279	471.623	471.623	471.623
808	16	0	51.789458	6.398492	-3.108453	2813	280	472.275	472.275	472.275
809	16	0	51.237810	6.372530	-3.094566	2802	280	472.827	472.827	472.827
810	16	0	50.688335	6.396520	3.097961	2791	280	473.377	473.377	473.377
811	16	0	50.138847	6.420513	3.097956	2780	279	473.927	473.927	473.927
812	16	0	49.589372	6.444503	3.097961	2769	279	474.477	474.477	474.477
813	16	0	49.087675	6.416360	-3.085555	2759	279	474.980	474.980	474.980
814	16	0	48.538200	6.440349	3.097961	2748	279	475.530	475.530	475.530
815	16	0	47.988713	6.464339	3.097962	2737	278	476.080	476.080	476.080
816	16	0	47.441423	6.538283	3.007296	2726	277	476.632	476.632	476.632
817	16	0	46.889763	6.512322	-3.094567	2715	277	477.184	477.184	477.184
818	16	0	46.338103	6.486361	-3.094567	2704	278	477.737	477.737	477.737
819	16	0	45.786455	6.460400	-3.094566	2693	278	478.289	478.289	478.289
820	16	0	45.239152	6.534341	3.007305	2682	277	478.841	478.841	478.841
821	16	0	44.737443	6.506200	-3.085563	2672	277	479.344	479.344	479.344
822	16	0	44.185795	6.480236	-3.094560	2661	278	479.896	479.896	479.896
823	16	0	43.638493	6.554180	3.007299	2650	277	480.448	480.448	480.448
824	16	0	43.084660	6.478268	-3.005374	2639	278	481.007	481.007	481.007
825	16	0	42.537358	6.552209	3.007305	2628	277	481.559	481.559	481.559
826	16	0	41.985710	6.526247	-3.094566	2617	277	482.112	482.112	482.112
827	16	0	41.436223	6.550240	3.097956	2606	277	482.662	482.662	482.662
828	16	0	40.886748	6.574230	3.097961	2595	276	483.212	483.212	483.212
829	16	0	40.337272	6.598220	3.097961	2584	276	483.762	483.762	483.762
830	16	0	39.831206	6.470174	-2.893773	2574	278	484.284	484.284	484.284
831	16	0	39.281730	6.494164	3.097961	2563	278	484.834	484.834	484.834
832	16	0	38.730070	6.468200	-3.094562	2552	278	485.386	485.386	485.386
833	16	0	38.028557	6.448781	-3.113919	2538	279	486.088	486.088	486.088
834	16	0	37.476896	6.422820	-3.094567	2527	279	486.640	486.640	486.640
835	16	0	36.925236	6.396859	-3.094567	2516	280	487.192	487.192	487.192
836	16	0	36.373588	6.370898	-3.094566	2505	280	487.744	487.744	487.744
837	16	0	35.876237	6.442660	2.998293	2495	279	488.247	488.247	488.247
838	16	0	35.420121	6.312432	-2.863478	2486	281	488.721	488.721	488.721
839	16	0	34.918425	6.284286	-3.085549	2476	282	489.224	489.224	489.224
840	16	0	34.744572	5.741353	-1.880690	2472	293	489.794	489.794	489.794
841	16	0	34.622856	5.246194	-1.811830	2470	303	490.304	490.304	490.304
842	16	0	34.648820	4.694533	-1.523765	2470	314	490.856	490.856	490.856
843	16	0	34.627006	4.195009	-1.614438	2470	324	491.356	491.356	491.356
844	16	0	34.652971	3.643352	-1.523765	2470	335	491.908	491.908	491.908
845	16	0	34.628984	3.093874	-1.614422	2470	346	492.458	492.458	492.458
846	16	0	34.657121	2.592171	-1.514772	2470	356	492.961	492.961	492.961
847	16	0	34.633134	2.042696	-1.614423	2470	367	493.511	493.511	493.511
848	16	0	34.609147	1.493215	-1.614422	2469	378	494.061	494.061	494.061
849	16	0	34.637285	0.991512	-1.514772	2470	388	494.563	494.563	494.563
850	16	0	34.613298	0.442037	-1.614423	2470	399	495.113	495.113	495.113
851	16	0	34.639262	-0.109623	-1.523765	2470	410	495.666	495.666	495.666
852	16	0	34.617448	-0.609147	-1.614438	2470	420	496.166	496.166	496.166
853	16	0	34.643412	-1.160801	-1.523765	2470	431	496.718	496.718	496.718
854	16	0	34.621598	-1.660331	-1.614438	2470	441	497.218	497.218	497.218
855	16	0	34.647563	-2.211985	-1.523765	2470	452	497.770	497.770	497.770
856	16	0	34.623576	-2.761460	-1.614423	2470	463	498.320	498.320	498.320
857	16	0	34.651713	-3.263163	-1.514772	2470	473	498.823	498.823	498.823
858	16	0	34.627726	-3.812638	-1.614423	2470	484	499.373	499.373	499.373
859	16	0	34.755766	-4.318705	-1.322988	2472	494	499.895	499.895	499.895
860	16	0	34.731779	-4.868186	-1.614422	2472	505	500.445	500.445	500.445
861	16	0	34.757744	-5.419847	-1.523765	2472	516	500.997	500.997	500.997
862	16	0	34.735930	-5.919371	-1.614438	2472	526	501.497	501.497	501.497
863	16	0	34.761894	-6.471025	-1.523765	2472	537	502.049	502.049	502.049
864	16	0	34.637993	-7.016136	-1.794295	2470	548	502.608	502.608	502.608
865	16	0	34.666142	-7.517845	-1.514748	2471	558	503.111	503.111	503.111
866	16	0	34.642155	-8.067326	-1.614422	2470	569	503.661	503.661	503.661
867	16	0	34.668107	-8.618980	-1.523787	2471	580	504.213	504.213	504.213
868	16	0	34.646306	-9.118504	-1.614414	2470	590	504.713	504.713	504.713
869	16	0	35.071879	-9.687608	-0.928707	2479	601	505.424	505.424	505.424
870	16	0	34.622307	-9.667979	3.097959	2470	601	505.874	505.874	505.874
871	16	0	34.172734	-9.648350	3.097959	2461	601	506.324	506.324	506.324
872	16	0	33.720988	-9.678672	-3.074571	2452	601	506.776	506.776	506.776
873	16	0	33.744975	-9.129197	1.527170	2452	590	507.326	507.326	507.326
874	16	0	33.716838	-8.627494	1.626821	2452	580	507.829	507.829	507.829
875	16	0	33.740825	-8.078019	1.527170	2452	569	508.379	508.379	508.379
876	16	0	33.764811	-7.528544	1.527170	2453	558	508.929	508.929	508.929
877	16	0	33.736674	-7.026835	1.626820	2452	548	509.431	509.431	509.431
878	16	0	33.710710	-6.475175	1.617827	2451	537	509.984	509.984	509.984
879	16	0	33.734697	-5.925700	1.527170	2452	526	510.534	510.534	510.534
880	16	0	33.706559	-5.423997	1.626821	2451	516	511.036	511.036	511.036
881	16	0	33.730546	-4.874522	1.527170	2452	505	511.586	511.586	511.586
882	16	0	33.704582	-4.322862	1.617827	2451	494	512.138	512.138	512.138
883	16	0	33.726396	-3.823338	1.527155	2452	484	512.638	512.638	512.638
884	16	0	33.700431	-3.271678	1.617827	2451	473	513.191	513.191	513.191
885	16	0	33.724431	-2.722203	1.527148	2452	462	513.741	513.741	513.741
886	16	0	33.746232	-2.222679	1.527179	2452	452	514.241	514.241	514.241
887	16	0	33.720280	-1.671025	1.617806	2452	441	514.793	514.793	514.793
888	16	0	33.744267	-1.121543	1.527170	2452	430	515.343	515.343	515.343
889	16	0	33.716118	-0.619840	1.626845	2452	420	515.845	515.845	515.845
890	16	0	33.740117	-0.070365	1.527148	2452	409	516.395	516.395	516.395
891	16	0	33.714152	0.481295	1.617827	2452	398	516.948	516.948	516.948
892	16	0	33.735966	0.980819	1.527155	2452	388	517.448	517.448	517.448
893	16	0	33.710002	1.532473	1.617828	2451	377	518.000	518.000	518.000
894	16	0	33.733989	2.081954	1.527170	2452	366	518.550	518.550	518.550
895	16	0	33.705851	2.583657	1.626821	2451	356	519.052	519.052	519.052
896	16	0	33.729838	3.133132	1.527170	2452	345	519.602	519.602	519.602
897	16	0	33.703874	3.684792	1.617827	2451	334	520.155	520.155	520.155
898	16	0	33.725688	4.184316	1.527155	2452	324	520.655	520.655	520.655
899	16	0	33.699723	4.735973	1.617828	2451	313	521.207	521.207	521.207
900	16	0	33.723710	5.285451	1.527170	2452	302	521.757	521.757	521.757
901	16	0	33.645622	5.789336	1.724546	2450	292	522.267	522.267	522.267
902	16	0	33.819462	6.332268	1.260923	2454	281	522.837	522.837	522.837
903	16	0	33.128862	6.562612	2.819655	2440	276	523.565	523.565	523.565
904	16	0	32.577201	6.536651	-3.094567	2429	277	524.117	524.117	524.117
905	16	0	32.027726	6.560644	3.097955	2418	276	524.667	524.667	524.667
906	16	0	31.528202	6.582452	3.097963	2408	276	525.167	525.167	525.167
907	16	0	30.978727	6.606441	3.097961	2397	275	525.717	525.717	525.717
908	16	0	30.427067	6.580480	-3.094567	2386	276	526.269	526.269	526.269
909	16	0	29.877592	6.604470	3.097961	2375	276	526.819	526.819	526.819
910	16	0	29.323747	6.528554	-3.005372	2364	277	527.379	527.379	527.379
911	16	0	28.772099	6.502596	-3.094572	2353	278	527.931	527.931	527.931
912	16	0	28.218254	6.426681	-3.005372	2342	279	528.490	528.490	528.490
913	16	0	27.668779	6.450671	3.097961	2331	279	529.040	529.040	529.040
914	16	0	27.169255	6.472481	3.097957	2321	278	529.540	529.540	529.540
915	16	0	26.621952	6.546426	3.007299	2310	277	530.092	530.092	530.092
916	16	0	26.072477	6.570415	3.097961	2299	276	530.642	530.642	530.642
917	16	0	25.525187	6.644356	3.007302	2288	275	531.194	531.194	531.194
918	16	0	24.973527	6.618398	-3.094573	2277	275	531.747	531.747	531.747
919	16	0	24.424052	6.642388	3.097961	2266	275	532.297	532.297	532.297
920	16	0	23.870219	6.566473	-3.005369	2255	276	532.856	532.856	532.856
921	16	0	23.320732	6.590462	3.097962	2244	276	533.406	533.406	533.406
922	16	0	22.619218	6.571044	-3.113919	2230	276	534.107	534.107	534.107
923	16	0	22.067570	6.545083	-3.094566	2219	277	534.660	534.660	534.660
924	16	0	21.515910	6.519121	-3.094567	2208	277	535.212	535.212	535.212
925	16	0	21.016386	6.540932	3.097957	2198	277	535.712	535.712	535.712
926	16	0	20.462541	6.465017	-3.005372	2187	278	536.271	536.271	536.271
927	16	0	19.913066	6.489007	3.097961	2176	278	536.821	536.821	536.821
928	16	0	19.359233	6.413094	-3.005374	2164	279	537.380	537.380	537.380
929	16	0	18.809757	6.437084	3.097961	2153	279	537.930	537.930	537.930
930	16	0	18.310234	6.458892	3.097963	2143	278	538.430	538.430	538.430
931	16	0	17.762931	6.532836	3.007299	2133	277	538.982	538.982	538.982
932	16	0	17.213456	6.556826	3.097961	2122	276	539.532	539.532	539.532
933	16	0	16.661796	6.530865	-3.094567	2110	277	540.085	540.085	540.085
934	16	0	16.112321	6.554858	3.097955	2099	277	540.635	540.635	540.635
935	16	0	15.610612	6.526711	-3.085550	2089	277	541.137	541.137	541.137
936	16	0	15.058964	6.500750	-3.094566	2078	278	541.689	541.689	541.689
937	16	0	14.507304	6.474792	-3.094573	2067	278	542.242	542.242	542.242
938	16	0	13.960002	6.548733	3.007305	2056	277	542.794	542.794	542.794
939	16	0	13.408354	6.522771	-3.094566	2045	277	543.346	543.346	543.346
940	16	0	12.908830	6.544582	3.097957	2035	277	543.846	543.846	543.846
941	16	0	12.359355	6.568572	3.097961	2024	276	544.396	544.396	544.396
942	16	0	11.809867	6.592562	3.097962	2013	276	544.946	544.946	544.946
943	16	0	11.260392	6.616555	3.097955	2002	275	545.496	545.496	545.496
944	16	0	10.708744	6.590591	-3.094560	1991	276	546.048	546.048	546.048
945	16	0	9.957267	6.573354	-3.118660	1976	276	546.800	546.800	546.800
946	16	0	9.407792	6.597344	3.097961	1965	276	547.350	547.350	547.350
947	16	0	8.906095	6.569201	-3.085555	1955	276	547.852	547.852	547.852
948	16	0	8.356608	6.593191	3.097962	1944	276	548.403	548.403	548.403
949	16	0	7.854911	6.565047	-3.085555	1934	276	548.905	548.905	548.905
950	16	0	7.307609	6.638991	3.007299	1923	275	549.457	549.457	549.457
951	16	0	6.755961	6.613030	-3.094566	1912	275	550.010	550.010	550.010
952	16	0	6.256425	6.634841	3.097958	1902	275	550.510	550.510	550.510
953	16	0	5.704777	6.608880	-3.094566	1891	275	551.062	551.062	551.062
954	16	0	5.207426	6.680639	2.998299	1881	274	551.564	551.564	551.564
955	16	0	4.657951	6.704632	3.097955	1870	274	552.114	552.114	552.114
956	16	0	4.106290	6.678670	-3.094567	1859	274	552.667	552.667	552.667
957	16	0	3.608952	6.750432	2.998290	1849	273	553.169	553.169	553.169
958	16	0	3.059476	6.774422	3.097961	1838	272	553.719	553.719	553.719
959	16	0	2.557767	6.746279	-3.085556	1828	273	554.222	554.222	554.222
960	16	0	1.993034	6.420605	-2.618492	1817	279	554.873	554.873	554.873
961	16	0	1.493510	6.442412	3.097963	1807	279	555.373	555.373	555.373
962	16	0	0.518241	5.884423	-2.621911	1788	290	556.497	556.497	556.497
963	16	0	0.494242	5.334945	-1.614445	1787	301	557.047	557.047	557.047
964	16	0	0.420304	4.787649	-1.705080	1786	312	557.599	557.599	557.599
965	16	0	0.496220	4.233813	-1.434573	1787	323	558.158	558.158	558.158
966	16	0	0.522184	3.682152	-1.523765	1788	334	558.711	558.711	558.711
967	16	0	0.548136	3.130498	-1.523787	1788	345	559.263	559.263	559.263
968	16	0	0.424247	2.585384	-1.794272	1786	356	559.822	559.822	559.822
969	16	0	0.000639	2.053353	-2.243222	1777	367	560.502	560.502	560.502
970	16	0	-0.546664	2.127297	3.007299	1766	365	561.054	561.054	561.054
971	16	0	-1.087411	2.351095	2.749189	1756	361	561.639	561.639	561.639
972	16	0	-1.667208	2.826839	2.454455	1744	351	562.389	562.389	562.389
973	16	0	-2.216696	2.850829	3.097962	1733	351	562.940	562.940	562.940
974	16	0	-2.766171	2.874819	3.097961	1722	350	563.489	563.489	563.489
975	16	0	-2.946346	3.333117	1.945376	1718	341	563.982	563.982	563.982
976	16	0	-2.924532	3.832641	1.527155	1719	331	564.482	564.482	564.482
977	16	0	-2.900546	4.382119	1.527170	1719	320	565.032	565.032	565.032
978	16	0	-2.928695	4.883825	1.626845	1719	310	565.534	565.534	565.534
979	16	0	-2.904696	5.433300	1.527148	1719	299	566.084	566.084	566.084
980	16	0	-2.932845	5.935003	1.626845	1719	289	566.587	566.587	566.587
981	16	0	-2.758993	6.477938	1.260904	1722	278	567.157	567.157	567.157
982	16	0	-2.257284	6.506081	0.056036	1732	277	567.660	567.660	567.660
983	16	0	-1.705636	6.532040	0.047021	1743	277	568.212	568.212	568.212
984	16	0	-0.930380	5.947671	-0.645913	1759	289	569.183	569.183	569.183
985	16	0	-0.952194	5.448147	-1.614438	1758	299	569.683	569.683	569.683
986	16	0	-1.023959	4.950805	-1.714105	1757	309	570.185	570.185	570.185
987	16	0	-0.948043	4.396963	-1.434575	1758	320	570.744	570.744	570.744
988	16	0	-0.919894	3.895260	-1.514747	1759	330	571.247	571.247	571.247
989	16	0	-0.941708	3.395736	-1.614438	1758	340	571.747	571.747	571.747
990	16	0	-1.942941	3.389403	-3.135268	1738	340	572.748	572.748	572.748
991	16	0	-2.444637	3.361257	-3.085549	1728	340	573.250	573.250	573.250
992	16	0	-2.420651	3.910735	1.527170	1729	329	573.800	573.800	573.800
993	16	0	-2.448800	4.412441	1.626845	1728	319	574.303	574.303	574.303
994	16	0	-2.474752	4.964098	1.617806	1728	308	574.855	574.855	574.855
995	16	0	-2.402999	5.461440	1.427512	1729	298	575.358	575.358	575.358
996	16	0	-2.428951	6.013100	1.617805	1729	287	575.910	575.910	575.910
997	16	0	-1.929427	5.991289	-0.043636	1739	288	576.410	576.410	576.410
998	16	0	-1.951241	5.491765	-1.614438	1738	298	576.910	576.910	576.910
999	16	0	-1.975228	4.942287	-1.614422	1738	309	577.460	577.460	577.460
1000	16	0	-1.947091	4.440581	-1.514772	1738	319	577.962	577.962	577.962
1001	16	0	-1.921127	3.888927	-1.523765	1739	330	578.515	578.515	578.515
1002	16	0	-2.444637	3.361257	-2.352237	1728	340	579.258	579.258	579.258
1003	16	0	-2.946346	3.333117	-3.085563	1718	341	579.760	579.760	579.760
1004	16	0	-3.858578	3.072661	-2.863478	1700	346	580.709	580.709	580.709
1005	16	0	-3.938851	3.526592	1.745827	1698	337	581.170	581.170	581.170
1006	16	0	-3.867086	4.023937	1.427489	1700	327	581.673	581.673	581.673
1007	16	0	-3.895236	4.525640	1.626845	1699	317	582.175	582.175	582.175
1008	16	0	-3.873422	5.025164	1.527155	1700	307	582.675	582.675	582.675
1009	16	0	-3.851620	5.524688	1.527179	1700	297	583.175	583.175	583.175
1010	16	0	-3.879757	6.026397	1.626820	1700	287	583.678	583.678	583.678
1011	16	0	-3.807992	6.523739	1.427488	1701	277	584.180	584.180	584.180
1012	16	0	-3.836141	7.025445	1.626845	1701	267	584.683	584.683	584.683
1013	16	0	-3.814327	7.524969	1.527155	1701	257	585.183	585.183	585.183
1014	16	0	-3.262667	7.550930	0.047026	1712	257	585.735	585.735	585.735
1015	16	0	-2.713192	7.526937	-0.043637	1723	257	586.285	586.285	586.285
1016	16	0	-2.211483	7.555083	0.056042	1733	257	586.787	586.787	586.787
1017	16	0	-1.659835	7.581042	0.047021	1744	256	587.340	587.340	587.340
1018	16	0	-1.110360	7.557052	-0.043632	1755	256	587.890	587.890	587.890
1019	16	0	-0.560873	7.533062	-0.043631	1766	257	588.440	588.440	588.440
1020	16	0	-0.013583	7.459121	-0.134291	1777	258	588.992	588.992	588.992
1021	16	0	0.538077	7.485079	0.047020	1788	258	589.544	589.544	589.544
1022	16	0	33.409147	7.251043	-0.007120	2445	263	622.416	622.416	622.416
1023	16	0	34.368950	6.308279	-0.776443	2465	281	623.761	623.761	623.761
1024	16	0	34.195097	5.765346	-1.880690	2461	292	624.331	624.331	624.331
1025	16	0	34.173283	5.265822	-1.614438	2461	302	624.831	624.831	624.831
1026	16	0	34.149296	4.716344	-1.614422	2460	313	625.381	625.381	625.381
1027	16	0	34.175261	4.164687	-1.523765	2461	324	625.934	625.934	625.934
1028	16	0	34.153447	3.665163	-1.614438	2460	334	626.434	626.434	626.434
1029	16	0	34.179411	3.113503	-1.523765	2461	345	626.986	626.986	626.986
1030	16	0	34.155424	2.564028	-1.614423	2460	356	627.536	627.536	627.536
1031	16	0	34.183561	2.062325	-1.514772	2461	366	628.039	628.039	628.039
1032	16	0	34.159575	1.512844	-1.614422	2460	377	628.589	628.589	628.589
1033	16	0	34.185527	0.961190	-1.523787	2461	388	629.141	629.141	629.141
1034	16	0	34.163725	0.461666	-1.614414	2461	398	629.641	629.641	629.641
1035	16	0	34.189689	-0.089994	-1.523765	2461	409	630.193	630.193	630.193
1036	16	0	34.165690	-0.639469	-1.614445	2461	420	630.743	630.743	630.743
1037	16	0	34.193840	-1.141172	-1.514747	2461	430	631.246	631.246	631.246
1038	16	0	34.169841	-1.690653	-1.614444	2461	441	631.796	631.796	631.796
1039	16	0	34.195805	-2.242308	-1.523765	2461	452	632.348	632.348	632.348
1040	16	0	34.174003	-2.741831	-1.614414	2461	462	632.848	632.848	632.848
1041	16	0	34.150004	-3.291307	-1.614445	2460	473	633.398	633.398	633.398
1042	16	0	34.175969	-3.842967	-1.523765	2461	484	633.950	633.950	633.950
1043	16	0	34.054252	-4.338133	-1.811827	2458	494	634.460	634.460	634.460
1044	16	0	34.080217	-4.889787	-1.523765	2459	505	635.012	635.012	635.012
1045	16	0	34.056230	-5.439262	-1.614423	2458	516	635.562	635.562	635.562
1046	16	0	34.084367	-5.940965	-1.514772	2459	526	636.065	636.065	636.065
1047	16	0	34.060380	-6.490440	-1.614423	2458	537	636.615	636.615	636.615
1048	16	0	34.188420	-6.996507	-1.322988	2461	548	637.137	637.137	637.137
1049	16	0	34.216569	-7.498216	-1.514748	2462	558	637.639	637.639	637.639
1050	16	0	34.192582	-8.047697	-1.614422	2461	569	638.189	638.189	638.189
1051	16	0	34.168583	-8.597172	-1.614445	2461	580	638.739	638.739	638.739
1052	16	0	34.196733	-9.098875	-1.514747	2461	590	639.242	639.242	639.242
1053	16	0	35.095878	-9.138133	-0.043634	2479	590	640.142	640.142	640.142
1054	16	0	35.117680	-8.638609	1.527179	2480	580	640.642	640.642	640.642
1055	16	0	35.091716	-8.086955	1.617828	2479	569	641.194	641.194	641.194
1056	16	0	35.115715	-7.537474	1.527148	2480	558	641.744	641.744	641.744
1057	16	0	35.087565	-7.035765	1.626845	2479	548	642.247	642.247	642.247
1058	16	0	35.111564	-6.486290	1.527148	2479	537	642.797	642.797	642.797
1059	16	0	35.085600	-5.934635	1.617828	2479	526	643.349	643.349	643.349
1060	16	0	35.109587	-5.385160	1.527170	2479	515	643.899	643.899	643.899
1061	16	0	35.081450	-4.883457	1.626821	2479	505	644.401	644.401	644.401
1062	16	0	35.105436	-4.333976	1.527170	2479	494	644.951	644.951	644.951
1063	16	0	35.077299	-3.832267	1.626820	2479	484	645.454	645.454	645.454
1064	16	0	35.101286	-3.282792	1.527170	2479	473	646.004	646.004	646.004
1065	16	0	35.075322	-2.731138	1.617828	2479	462	646.556	646.556	646.556
1066	16	0	35.097136	-2.231614	1.527155	2479	452	647.056	647.056	647.056
1067	16	0	35.071171	-1.679960	1.617828	2479	441	647.608	647.608	647.608
1068	16	0	35.095158	-1.130479	1.527170	2479	430	648.158	648.158	648.158
1069	16	0	35.067021	-0.628776	1.626821	2479	420	648.661	648.661	648.661
1070	16	0	35.091008	-0.079295	1.527170	2479	409	649.211	649.211	649.211
1071	16	0	35.065043	0.472359	1.617828	2479	398	649.763	649.763	649.763
1072	16	0	35.086857	0.971883	1.527155	2479	388	650.263	650.263	650.263
1073	16	0	35.060893	1.523543	1.617827	2478	377	650.815	650.815	650.815
1074	16	0	35.084892	2.073018	1.527148	2479	366	651.365	651.365	651.365
1075	16	0	35.106694	2.572542	1.527179	2479	356	651.865	651.865	651.865
1076	16	0	35.080729	3.124200	1.617828	2479	345	652.418	652.418	652.418
1077	16	0	35.104728	3.673675	1.527148	2479	334	652.968	652.968	652.968
1078	16	0	35.076579	4.175381	1.626845	2479	324	653.470	653.470	653.470
1079	16	0	35.100578	4.724859	1.527148	2479	313	654.020	654.020	654.020
1080	16	0	35.074614	5.276516	1.617828	2479	302	654.572	654.572	654.572
1081	16	0	67.379192	6.969021	0.052344	3125	268	686.921	686.921	686.921
1082	16	0	67.924297	6.845125	-0.223490	3136	271	687.480	687.480	687.480
1083	16	0	68.955852	6.399706	-0.407611	3156	280	688.604	688.604	688.604
1084	16	0	69.496611	6.175906	-0.392400	3167	284	689.189	689.189	689.189
1085	16	0	70.178496	5.745754	-0.562779	3181	293	689.995	689.995	689.995
1086	16	0	70.708342	5.272192	-0.729365	3191	302	690.706	690.706	690.706
1087	16	0	71.149187	5.052752	-0.461863	3200	307	691.198	691.198	691.198
1088	16	0	71.728984	4.577010	-0.687135	3212	316	691.948	691.948	691.948
1089	16	0	72.217607	4.305437	-0.507279	3222	322	692.507	692.507	692.507
1090	16	0	72.803948	3.979549	-0.507285	3233	328	693.178	693.178	693.178
1091	16	0	73.246977	3.810064	-0.365382	3242	331	693.653	693.653	693.653
1092	16	0	73.685649	3.540673	-0.550727	3251	337	694.167	694.167	694.167
1093	16	0	74.465264	3.056206	-0.556020	3267	346	695.085	695.085	695.085
1094	16	0	75.101555	2.728139	-0.476044	3279	353	695.801	695.801	695.801
1095	16	0	75.587993	2.406612	-0.584057	3289	359	696.384	696.384	696.384
1096	16	0	75.564006	1.857137	-1.614423	3289	370	696.934	696.934	696.934
1097	16	0	75.492241	1.359798	-1.714105	3287	380	697.437	697.437	697.437
1098	16	0	75.418291	0.812502	-1.705102	3286	391	697.989	697.989	697.989
1099	16	0	75.446440	0.310793	-1.514748	3286	401	698.492	698.492	698.492
1100	16	0	75.472405	-0.240861	-1.523765	3287	412	699.044	699.044	699.044
1101	16	0	75.198650	-0.779435	-2.041058	3281	423	699.648	699.648	699.648
1102	16	0	74.833708	-1.113835	-2.399839	3274	430	700.143	700.143	700.143
1103	16	0	74.759770	-1.661131	-1.705080	3272	441	700.695	700.695	700.695
1104	16	0	74.835686	-2.214964	-1.434572	3274	452	701.254	701.254	701.254
1105	16	0	74.761736	-2.762266	-1.705101	3272	463	701.806	701.806	701.806
1106	16	0	74.587895	-3.305198	-1.880670	3269	474	702.377	702.377	702.377
1107	16	0	75.330852	-2.336680	0.916437	3284	454	703.597	703.597	703.597
1108	16	0	75.658916	-1.700389	1.094757	3290	442	704.313	704.313	704.313
1109	16	0	75.782805	-1.155271	1.347322	3293	431	704.872	704.872	704.872
1110	16	0	76.210784	-0.523338	0.975501	3301	418	705.635	705.635	705.635
1111	16	0	76.432402	-0.032536	1.146659	3306	408	706.174	706.174	706.174
1112	16	0	76.454216	0.466988	1.527155	3306	398	706.674	706.674	706.674
1113	16	0	76.423882	0.918740	1.637844	3306	389	707.127	707.127	707.127
1114	16	0	76.545598	1.413900	1.329763	3308	379	707.637	707.637	707.637
1115	16	0	77.112529	1.789528	0.585158	3320	372	708.317	708.317	708.317
1116	16	0	77.551189	1.520138	-0.550739	3328	377	708.831	708.831	708.831
1117	16	0	78.105034	1.596053	0.136221	3339	376	709.390	709.390	709.390
1118	16	0	78.617644	1.873958	0.496787	3350	370	709.973	709.973	709.973
1119	16	0	79.123711	2.002004	0.247820	3360	368	710.496	710.496	710.496
1120	16	0	79.677544	2.077920	0.136224	3371	366	711.055	711.055	711.055
1121	16	0	80.198882	2.555636	0.741763	3381	357	711.762	711.762	711.762
1122	16	0	80.924382	3.124529	0.664995	3396	345	712.684	712.684	712.684
1123	16	0	81.495671	3.600063	0.694180	3407	336	713.427	713.427	713.427
1124	16	0	81.315496	4.058358	1.945378	3404	326	713.919	713.919	713.919
1125	16	0	81.886773	4.533892	0.694191	3415	317	714.663	714.663	714.663
1126	16	0	82.410295	5.061556	0.789338	3425	306	715.406	715.406	715.406
1127	16	0	83.107659	6.132159	0.993455	3439	285	716.684	716.684	716.684
1128	16	0	83.579033	6.612054	0.794355	3449	275	717.356	717.356	717.356
1129	16	0	83.946148	6.996407	0.808335	3456	268	717.888	717.888	717.888
1130	16	0	84.519622	7.521892	0.741758	3468	257	718.666	718.666	718.666
1131	16	0	80.737664	3.432964	-2.317214	3392	339	724.235	724.235	724.235
1132	16	0	79.104082	1.552431	-2.286036	3359	377	726.726	726.726	726.726
1133	16	0	78.528435	0.976998	-2.356380	3348	388	727.540	727.540	727.540
1134	16	0	78.011455	0.599184	-2.510487	3337	396	728.181	728.181	728.181
1135	16	0	77.451079	0.373415	-2.758599	3326	400	728.785	728.785	728.785
1136	16	0	76.875432	-0.202024	-2.356375	3315	412	729.599	729.599	729.599
1137	16	0	75.978472	-0.112815	3.042462	3297	410	730.500	730.500	730.500
1138	16	0	75.704717	-0.651383	-2.041063	3291	421	731.104	731.104	731.104
1139	16	0	75.326689	-1.285502	-2.108377	3284	433	731.843	731.843	731.843
1140	16	0	75.202800	-1.830613	-1.794273	3281	444	732.402	732.402	732.402
1141	16	0	74.757805	-0.559995	1.907667	3272	419	733.748	733.748	733.748
1142	16	0	74.981597	-0.019242	1.178406	3277	408	734.333	734.333	734.333
1143	16	0	74.955632	0.532418	1.617827	3276	397	734.885	734.885	734.885
1144	16	0	74.879729	1.086251	1.706999	3275	386	735.444	735.444	735.444
1145	16	0	74.953667	1.633547	1.436512	3276	375	735.997	735.997	735.997
1146	16	0	75.077568	2.178664	1.347300	3279	364	736.556	736.556	736.556
1147	16	0	74.593303	2.550136	2.487247	3269	357	737.166	737.166	737.166
1148	16	0	74.089421	2.472042	-2.987830	3259	358	737.676	737.676	737.676
1149	16	0	74.067607	1.972518	-1.614438	3259	368	738.176	738.176	738.176
1150	16	0	74.447600	1.505501	-0.887782	3266	378	738.778	738.778	738.778
1151	16	0	74.373662	0.958205	-1.705080	3265	388	739.330	739.330	739.330
1152	16	0	74.401799	0.456502	-1.514772	3265	398	739.833	739.833	739.833
1153	16	0	74.527666	-0.099516	-1.348177	3268	410	740.403	740.403	740.403
1154	16	0	74.981597	-0.019242	0.175031	3277	408	740.864	740.864	740.864
1155	16	0	74.955632	0.532418	1.617827	3276	397	741.416	741.416	741.416
1156	16	0	74.879729	1.086251	1.706999	3275	386	741.975	741.975	741.975
1157	16	0	74.953667	1.633547	1.436512	3276	375	742.527	742.527	742.527
1158	16	0	74.569316	2.000661	2.379127	3269	368	743.059	743.059	743.059
1159	16	0	73.945891	1.477358	-2.443285	3256	378	743.873	743.873	743.873
1160	16	0	73.526860	2.196322	2.098492	3248	364	744.705	744.705	744.705
1161	16	0	73.057866	2.917464	2.147417	3238	349	745.565	745.565	745.565
1162	16	0	72.525835	3.341076	2.469164	3228	341	746.245	746.245	746.245
1163	16	0	71.859221	4.120894	2.278089	3214	325	747.271	747.271	747.271
1164	16	0	71.281597	4.646590	2.403226	3203	315	748.052	748.052	748.052
1165	16	0	72.347832	3.849322	-0.642054	3224	331	749.384	749.384	749.384
1166	16	0	73.029729	3.419170	-0.562771	3238	339	750.190	750.190	750.190
1167	16	0	74.013506	3.025884	-0.380310	3258	347	751.249	751.249	751.249
1168	16	0	74.089421	2.472042	-1.434575	3259	358	751.808	751.808	751.808
1169	16	0	74.569316	2.000661	-0.776448	3269	368	752.481	752.481	752.481
1170	16	0	75.077568	2.178664	0.336876	3279	364	753.019	753.019	753.019
1171	16	0	75.492241	1.359798	-1.102043	3287	380	753.937	753.937	753.937
1172	16	0	75.924358	0.940548	-0.770287	3296	389	754.539	754.539	754.539
1173	16	0	75.952507	0.438839	-1.514748	3296	399	755.042	755.042	755.042
1174	16	0	76.968999	0.794845	0.336880	3317	392	756.119	756.119	756.119
1175	16	0	77.475066	0.922890	0.247820	3327	389	756.641	756.641	756.641
1176	16	0	78.033269	1.098708	0.305135	3338	386	757.226	757.226	757.226
1177	16	0	78.598015	1.424386	0.523096	3349	379	757.878	757.878	757.878
1178	16	0	78.129021	2.145528	2.147417	3340	365	758.738	758.738	758.738
1179	16	0	77.627312	2.117385	-3.085556	3330	365	759.241	759.241	759.241
1180	16	0	77.040764	1.292184	-2.188730	3318	382	760.253	760.253	760.253
1181	16	0	76.947197	0.295321	-1.664383	3316	402	761.255	761.255	761.255
1182	16	0	75.998308	1.487844	2.242909	3297	378	762.778	762.778	762.778
1183	16	0	76.567412	1.913424	0.642096	3309	369	763.489	763.489	763.489
1184	16	0	76.072246	2.035140	2.900562	3299	367	763.999	763.999	763.999
1185	16	0	73.598613	2.693667	2.881409	3249	354	766.559	766.559	766.559
1186	16	0	-1.133212	1.302096	-3.122974	1755	382	841.304	841.304	841.304
1187	16	0	-1.634921	1.273952	-3.085556	1745	382	841.806	841.806	841.806
1188	16	0	-2.184396	1.297945	3.097955	1734	382	842.356	842.356	842.356
1189	16	0	-2.736056	1.271981	-3.094562	1723	382	842.908	842.908	842.908
1190	16	0	-3.237753	1.243838	-3.085555	1712	383	843.411	843.411	843.411
1191	16	0	-4.295480	1.089828	-2.997004	1691	386	844.480	844.480	844.480
1192	16	0	-4.849325	1.013912	-3.005372	1680	387	845.039	845.039	845.039
1193	16	0	-4.827511	1.513442	1.527155	1681	377	845.539	845.539	845.539
1194	16	0	-4.905612	2.017330	1.724569	1679	367	846.049	846.049	846.049
1195	16	0	-4.883798	2.516854	1.527155	1680	357	846.549	846.549	846.549
1196	16	0	-4.911935	3.018557	1.626821	1679	347	847.051	847.051	847.051
1197	16	0	-3.780477	2.568777	-0.378369	1702	356	848.269	848.269	848.269
1198	16	0	-3.802291	2.069247	-1.614438	1701	366	848.769	848.769	848.769
