========================================
覆盖路径点统计信息
========================================
总路径点数: 633

总路径距离: 391.056 米

----------------------------------------
按房间统计
----------------------------------------
房间 8: 633 个点, 距离: 391.056 米

----------------------------------------
按房间+Segment统计
----------------------------------------
房间 8, Segment 0: 633 个点, 距离: 391.056 米

----------------------------------------
详细路径点信息
----------------------------------------
ID	Room	Segment	X(m)	Y(m)	Yaw(rad)	U(px)	V(px)	Acc_Dist	Room_Dist	Seg_Dist
0	8	0	0.186222	-50.108541	2.170656	1781	1410	0.000	0.000	0.000
1	8	0	-0.096041	-49.695833	2.170656	1775	1402	0.500	0.500	0.500
2	8	0	-0.278402	-49.287496	1.990814	1772	1393	0.947	0.947	0.947
3	8	0	-0.745211	-48.516402	2.115166	1762	1378	1.849	1.849	1.849
4	8	0	-1.294698	-48.492409	3.097956	1751	1377	2.399	2.399	2.399
5	8	0	-1.796395	-48.520552	-3.085555	1741	1378	2.901	2.901	2.901
6	8	0	-2.341512	-48.396651	2.918097	1730	1376	3.460	3.460	3.460
7	8	0	-2.893173	-48.422615	-3.094562	1719	1376	4.012	4.012	4.012
8	8	0	-3.392697	-48.400807	3.097963	1709	1376	4.512	4.512	4.512
9	8	0	-3.944357	-48.426766	-3.094573	1698	1376	5.065	5.065	5.065
10	8	0	-4.493832	-48.402779	3.097966	1687	1376	5.615	5.615	5.615
11	8	0	-4.995529	-48.430922	-3.085555	1677	1376	6.117	6.117	6.117
12	8	0	-5.545016	-48.406929	3.097956	1666	1376	6.667	6.667	6.667
13	8	0	-6.096664	-48.432894	-3.094560	1655	1376	7.219	7.219	7.219
14	8	0	-6.596188	-48.411080	3.097951	1645	1376	7.719	7.719	7.719
15	8	0	-7.147848	-48.437044	-3.094562	1634	1376	8.272	8.272	8.272
16	8	0	-7.697323	-48.413051	3.097955	1623	1376	8.822	8.822	8.822
17	8	0	-8.199032	-48.441194	-3.085556	1613	1376	9.324	9.324	9.324
18	8	0	-8.748507	-48.417207	3.097966	1602	1376	9.874	9.874	9.874
19	8	0	-9.300167	-48.443166	-3.094573	1591	1376	10.426	10.426	10.426
20	8	0	-9.799691	-48.421358	3.097963	1581	1376	10.926	10.926	10.926
21	8	0	-10.349166	-48.397365	3.097955	1570	1376	11.476	11.476	11.476
22	8	0	-10.900826	-48.423329	-3.094562	1559	1376	12.029	12.029	12.029
23	8	0	-11.398165	-48.351564	2.998284	1549	1375	12.531	12.531	12.531
24	8	0	-11.952011	-48.427480	-3.005372	1538	1376	13.090	13.090	13.090
25	8	0	-12.501486	-48.403487	3.097955	1527	1376	13.640	13.640	13.640
26	8	0	-13.003182	-48.431630	-3.085555	1517	1376	14.143	14.143	14.143
27	8	0	-13.552658	-48.407637	3.097955	1506	1376	14.693	14.693	14.693
28	8	0	-14.304135	-48.424880	-3.118652	1491	1376	15.444	15.444	15.444
29	8	0	-14.853610	-48.400887	3.097955	1480	1376	15.994	15.994	15.994
30	8	0	-15.405270	-48.426851	-3.094562	1469	1376	16.547	16.547	16.547
31	8	0	-15.904794	-48.405037	3.097951	1459	1376	17.047	17.047	17.047
32	8	0	-16.456454	-48.431001	-3.094562	1448	1376	17.599	17.599	17.599
33	8	0	-17.005929	-48.407015	3.097966	1437	1376	18.149	18.149	18.149
34	8	0	-17.557577	-48.432973	-3.094572	1426	1376	18.701	18.701	18.701
35	8	0	-18.107064	-48.408980	3.097956	1415	1376	19.251	19.251	19.251
36	8	0	-18.610946	-48.487081	-2.987818	1405	1377	19.761	19.761	19.761
37	8	0	-19.160421	-48.463088	3.097955	1394	1377	20.311	20.311	20.311
38	8	0	-19.712082	-48.489046	-3.094573	1383	1377	20.863	20.863	20.863
39	8	0	-20.261557	-48.465059	3.097966	1372	1377	21.413	21.413	21.413
40	8	0	-20.813217	-48.491023	-3.094562	1361	1377	21.966	21.966	21.966
41	8	0	-21.312741	-48.469209	3.097951	1351	1377	22.466	22.466	22.466
42	8	0	-21.864401	-48.495174	-3.094562	1340	1378	23.018	23.018	23.018
43	8	0	-22.413876	-48.471181	3.097955	1329	1377	23.568	23.568	23.568
44	8	0	-22.963351	-48.447188	3.097955	1318	1377	24.118	24.118	24.118
45	8	0	-23.515011	-48.473152	-3.094562	1307	1377	24.670	24.670	24.670
46	8	0	-24.014535	-48.451344	3.097963	1297	1377	25.170	25.170	25.170
47	8	0	-24.566183	-48.477303	-3.094572	1286	1377	25.722	25.722	25.722
48	8	0	-25.115658	-48.453316	3.097966	1275	1377	26.272	26.272	26.272
49	8	0	-25.867135	-48.470552	-3.118660	1260	1377	27.024	27.024	27.024
50	8	0	-26.416610	-48.446559	3.097955	1249	1377	27.574	27.574	27.574
51	8	0	-26.968271	-48.472524	-3.094562	1238	1377	28.126	28.126	28.126
52	8	0	-27.517746	-48.448531	3.097955	1227	1377	28.676	28.676	28.676
53	8	0	-28.069394	-48.474495	-3.094560	1216	1377	29.229	29.229	29.229
54	8	0	-28.093393	-49.023970	-1.614445	1215	1388	29.779	29.779	29.779
55	8	0	-28.117379	-49.573445	-1.614423	1215	1399	30.329	30.329	30.329
56	8	0	-28.091415	-50.125105	-1.523765	1215	1410	30.881	30.881	30.881
57	8	0	-28.165365	-50.672396	-1.705104	1214	1421	31.433	31.433	31.433
58	8	0	-28.089450	-51.226241	-1.434575	1215	1432	31.992	31.992	31.992
59	8	0	-28.113437	-51.775716	-1.614423	1215	1443	32.542	32.542	32.542
60	8	0	-28.187387	-52.323006	-1.705104	1214	1454	33.094	33.094	33.094
61	8	0	-28.161422	-52.874666	-1.523765	1214	1465	33.647	33.647	33.647
62	8	0	-28.185409	-53.424141	-1.614423	1214	1476	34.197	34.197	34.197
63	8	0	-28.159445	-53.975801	-1.523765	1214	1487	34.749	34.749	34.749
64	8	0	-28.183444	-54.525276	-1.614445	1214	1498	35.299	35.299	35.299
65	8	0	-28.157480	-55.076937	-1.523765	1214	1509	35.851	35.851	35.851
66	8	0	-28.231418	-55.624233	-1.705080	1213	1520	36.404	36.404	36.404
67	8	0	-28.205453	-56.175893	-1.523765	1213	1531	36.956	36.956	36.956
68	8	0	-28.227267	-56.675417	-1.614438	1213	1541	37.456	37.456	37.456
69	8	0	-28.201303	-57.227071	-1.523765	1213	1552	38.008	38.008	38.008
70	8	0	-28.225302	-57.776546	-1.614445	1213	1563	38.558	38.558	38.558
71	8	0	-28.199337	-58.328206	-1.523765	1213	1574	39.110	39.110	39.110
72	8	0	-28.223324	-58.877681	-1.614423	1213	1585	39.660	39.660	39.660
73	8	0	-28.197360	-59.429341	-1.523765	1213	1596	40.213	40.213	40.213
74	8	0	-28.221359	-59.978817	-1.614445	1213	1607	40.763	40.763	40.763
75	8	0	-28.245346	-60.528298	-1.614422	1212	1618	41.313	41.313	41.313
76	8	0	-28.219381	-61.079952	-1.523765	1213	1629	41.865	41.865	41.865
77	8	0	-28.293332	-61.627248	-1.705102	1211	1640	42.417	42.417	42.417
78	8	0	-28.267367	-62.178902	-1.523765	1212	1651	42.969	42.969	42.969
79	8	0	-28.291354	-62.728377	-1.614423	1211	1662	43.519	43.519	43.519
80	8	0	-28.265390	-63.280037	-1.523765	1212	1673	44.072	44.072	44.072
81	8	0	-28.289389	-63.829512	-1.614445	1211	1684	44.622	44.622	44.622
82	8	0	-28.265609	-64.431118	-1.531290	1212	1696	45.224	45.224	45.224
83	8	0	-28.239645	-64.982784	-1.523766	1212	1707	45.776	45.776	45.776
84	8	0	-28.263632	-65.532259	-1.614423	1212	1718	46.326	46.326	46.326
85	8	0	-28.287619	-66.081734	-1.614423	1211	1729	46.876	46.876	46.876
86	8	0	-28.311618	-66.631209	-1.614445	1211	1740	47.426	47.426	47.426
87	8	0	-28.335605	-67.180690	-1.614422	1211	1751	47.976	47.976	47.976
88	8	0	-27.833896	-67.152541	0.056048	1221	1751	48.479	48.479	48.479
89	8	0	-27.286606	-67.226491	-0.134307	1232	1752	49.031	49.031	49.031
90	8	0	-26.784897	-67.198342	0.056048	1242	1752	49.533	49.533	49.533
91	8	0	-26.760910	-66.648867	1.527170	1242	1741	50.083	50.083	50.083
92	8	0	-26.786874	-66.097213	1.617828	1242	1730	50.636	50.636	50.636
93	8	0	-26.762875	-65.547738	1.527148	1242	1719	51.186	51.186	51.186
94	8	0	-26.788839	-64.996071	1.617827	1241	1708	51.738	51.738	51.738
95	8	0	-26.764853	-64.446596	1.527170	1242	1697	52.288	52.288	52.288
96	8	0	-26.740866	-63.897121	1.527170	1242	1686	52.838	52.838	52.838
97	8	0	-26.716867	-63.347646	1.527148	1243	1675	53.388	53.388	53.388
98	8	0	-26.642929	-62.800350	1.436512	1244	1664	53.940	53.940	53.940
99	8	0	-26.718844	-62.246511	1.707019	1243	1653	54.499	54.499	54.499
100	8	0	-26.644894	-61.699215	1.436491	1244	1642	55.051	55.051	55.051
101	8	0	-26.670858	-61.147560	1.617828	1244	1631	55.604	55.604	55.604
102	8	0	-26.646872	-60.598085	1.527170	1244	1620	56.154	56.154	56.154
103	8	0	-26.672836	-60.046425	1.617827	1244	1609	56.706	56.706	56.706
104	8	0	-26.598886	-59.499129	1.436491	1245	1598	57.258	57.258	57.258
105	8	0	-26.624850	-58.947475	1.617828	1245	1587	57.810	57.810	57.810
106	8	0	-26.600863	-58.397994	1.527170	1245	1576	58.360	58.360	58.360
107	8	0	-26.576864	-57.848519	1.527148	1246	1565	58.910	58.910	58.910
108	8	0	-26.552878	-57.299044	1.527170	1246	1554	59.460	59.460	59.460
109	8	0	-26.528891	-56.749568	1.527170	1247	1543	60.010	60.010	60.010
110	8	0	-26.554843	-56.197908	1.617805	1246	1532	60.563	60.563	60.563
111	8	0	-26.530856	-55.648433	1.527170	1247	1521	61.113	61.113	61.113
112	8	0	-26.556820	-55.096773	1.617827	1246	1510	61.665	61.665	61.665
113	8	0	-26.532834	-54.547298	1.527170	1247	1499	62.215	62.215	62.215
114	8	0	-26.558786	-53.995638	1.617805	1246	1488	62.767	62.767	62.767
115	8	0	-26.534799	-53.446163	1.527170	1247	1477	63.317	63.317	63.317
116	8	0	-26.510812	-52.896688	1.527170	1247	1466	63.867	63.867	63.867
117	8	0	-26.486813	-52.347212	1.527148	1248	1455	64.417	64.417	64.417
118	8	0	-26.560556	-51.743416	1.692326	1246	1442	65.026	65.026	65.026
119	8	0	-26.536557	-51.193941	1.527148	1247	1431	65.576	65.576	65.576
120	8	0	-26.562521	-50.642287	1.617828	1246	1420	66.128	66.128	66.128
121	8	0	-26.990280	-50.123134	2.259975	1237	1410	66.800	66.800	66.800
122	8	0	-27.016244	-49.571480	1.617828	1237	1399	67.353	67.353	67.353
123	8	0	-27.541733	-48.998006	2.312558	1226	1388	68.131	68.131	68.131
124	8	0	-26.440597	-48.996041	0.001785	1248	1388	69.232	69.232	69.232
125	8	0	-25.891122	-49.020027	-0.043626	1259	1388	69.782	69.782	69.782
126	8	0	-25.335104	-48.894161	0.222620	1271	1385	70.352	70.352	70.352
127	8	0	-24.785629	-48.918154	-0.043637	1282	1386	70.902	70.902	70.902
128	8	0	-24.233969	-48.892189	0.047031	1293	1385	71.454	71.454	71.454
129	8	0	-23.684494	-48.916182	-0.043637	1304	1386	72.004	72.004	72.004
130	8	0	-23.132834	-48.890218	0.047031	1315	1385	72.556	72.556	72.556
131	8	0	-22.583358	-48.914211	-0.043637	1326	1386	73.106	73.106	73.106
132	8	0	-22.031698	-48.888246	0.047031	1337	1385	73.659	73.659	73.659
133	8	0	-21.480038	-48.862288	0.047020	1348	1385	74.211	74.211	74.211
134	8	0	-20.930563	-48.886275	-0.043626	1359	1385	74.761	74.761	74.761
135	8	0	-20.381088	-48.910268	-0.043637	1370	1386	75.311	75.311	75.311
136	8	0	-19.835971	-49.034163	-0.223485	1381	1388	75.870	75.870	75.870
137	8	0	-19.284323	-49.008199	0.047032	1392	1388	76.422	76.422	76.422
138	8	0	-18.734835	-49.032192	-0.043636	1403	1388	76.972	76.972	76.972
139	8	0	-18.181002	-48.956282	0.136213	1414	1387	77.531	77.531	77.531
140	8	0	-17.631527	-48.980269	-0.043626	1425	1387	78.081	78.081	78.081
141	8	0	-17.079867	-48.954305	0.047031	1436	1387	78.633	78.633	78.633
142	8	0	-16.526034	-48.878389	0.136224	1447	1385	79.192	79.192	79.192
143	8	0	-15.976547	-48.902382	-0.043636	1458	1386	79.742	79.742	79.742
144	8	0	-15.424899	-48.876424	0.047021	1469	1385	80.295	80.295	80.295
145	8	0	-14.873239	-48.850459	0.047031	1480	1385	80.847	80.847	80.847
146	8	0	-14.328121	-48.974355	-0.223485	1491	1387	81.406	81.406	81.406
147	8	0	-13.835141	-49.146022	-0.335091	1501	1391	81.928	81.928	81.928
148	8	0	-13.285665	-49.170015	-0.043637	1512	1391	82.478	82.478	82.478
149	8	0	-12.734005	-49.144051	0.047031	1523	1390	83.030	83.030	83.030
150	8	0	-12.184530	-49.168038	-0.043626	1534	1391	83.580	83.580	83.580
151	8	0	-11.632870	-49.142085	0.047009	1545	1390	84.133	84.133	84.133
152	8	0	-11.085580	-49.216023	-0.134285	1556	1392	84.685	84.685	84.685
153	8	0	-10.538278	-49.289968	-0.134293	1566	1393	85.237	85.237	85.237
154	8	0	-9.988803	-49.313960	-0.043637	1577	1394	85.787	85.787	85.787
155	8	0	-9.439327	-49.337947	-0.043626	1588	1394	86.337	86.337	86.337
156	8	0	-8.887667	-49.311983	0.047031	1599	1394	86.889	86.889	86.889
157	8	0	-8.338192	-49.335976	-0.043637	1610	1394	87.439	87.439	87.439
158	8	0	-7.786532	-49.310018	0.047020	1622	1394	87.992	87.992	87.992
159	8	0	-7.234884	-49.284053	0.047032	1633	1393	88.544	88.544	88.544
160	8	0	-6.685397	-49.308040	-0.043625	1644	1394	89.094	89.094	89.094
161	8	0	-6.133749	-49.282082	0.047021	1655	1393	89.646	89.646	89.646
162	8	0	-5.584274	-49.306075	-0.043637	1666	1394	90.196	90.196	90.196
163	8	0	-5.034786	-49.330062	-0.043625	1677	1394	90.746	90.746	90.746
164	8	0	-4.483138	-49.304103	0.047021	1688	1394	91.298	91.298	91.298
165	8	0	-3.933651	-49.328096	-0.043636	1699	1394	91.848	91.848	91.848
166	8	0	-3.384176	-49.352083	-0.043626	1710	1395	92.398	92.398	92.398
167	8	0	-2.834701	-49.376076	-0.043637	1721	1395	92.948	92.948	92.948
168	8	0	-2.283041	-49.350112	0.047031	1732	1395	93.501	93.501	93.501
169	8	0	-1.737936	-49.474007	-0.223490	1742	1397	94.060	94.060	94.060
170	8	0	-1.457845	-49.936666	-1.026421	1748	1406	94.601	94.601	94.601
171	8	0	-0.908370	-49.960652	-0.043626	1759	1407	95.151	95.151	95.151
172	8	0	-0.358895	-49.984651	-0.043649	1770	1407	95.701	95.701	95.701
173	8	0	-0.183077	-50.542842	-1.265655	1774	1418	96.286	96.286	96.286
174	8	0	-0.500240	-50.929378	-2.257929	1767	1426	96.786	96.786	96.786
175	8	0	-0.949813	-50.909749	3.097959	1758	1426	97.236	97.236	97.236
176	8	0	-1.449337	-50.887941	3.097963	1748	1425	97.736	97.736	97.736
177	8	0	-1.898910	-50.868312	3.097959	1739	1425	98.186	98.186	98.186
178	8	0	-2.346298	-50.798732	2.987303	1730	1424	98.639	98.639	98.639
179	8	0	-2.798043	-50.829054	-3.074571	1721	1424	99.091	99.091	99.091
180	8	0	-3.295394	-50.757295	2.998299	1711	1423	99.594	99.594	99.594
181	8	0	-3.742782	-50.687709	2.987290	1702	1421	100.047	100.047	100.047
182	8	0	-4.022872	-50.225057	2.115178	1697	1412	100.587	100.587	100.587
183	8	0	-4.572347	-50.201064	3.097955	1686	1412	101.137	101.137	101.137
184	8	0	-5.123995	-50.227022	-3.094572	1675	1412	101.690	101.690	101.690
185	8	0	-5.673483	-50.203035	3.097967	1664	1412	102.240	102.240	102.240
186	8	0	-6.220773	-50.129091	3.007296	1653	1410	102.792	102.792	102.792
187	8	0	-6.772433	-50.155049	-3.094573	1642	1411	103.344	103.344	103.344
188	8	0	-7.274142	-50.183199	-3.085544	1632	1411	103.847	103.847	103.847
189	8	0	-7.825790	-50.209157	-3.094572	1621	1412	104.399	104.399	104.399
190	8	0	-8.377450	-50.235115	-3.094573	1610	1412	104.951	104.951	104.951
191	8	0	-8.926925	-50.211128	3.097966	1599	1412	105.501	105.501	105.501
192	8	0	-9.478585	-50.237093	-3.094562	1588	1412	106.053	106.053	106.053
193	8	0	-10.028060	-50.213100	3.097955	1577	1412	106.603	106.603	106.603
194	8	0	-10.579721	-50.239058	-3.094573	1566	1412	107.156	107.156	107.156
195	8	0	-11.122653	-50.065218	2.831719	1555	1409	107.726	107.726	107.726
196	8	0	-11.667770	-49.941316	2.918097	1544	1406	108.285	108.285	108.285
197	8	0	-12.217245	-49.917330	3.097966	1533	1406	108.835	108.835	108.835
198	8	0	-12.766720	-49.893337	3.097955	1522	1405	109.385	109.385	109.385
199	8	0	-13.318380	-49.919301	-3.094562	1511	1406	109.937	109.937	109.937
200	8	0	-13.867855	-49.895308	3.097955	1500	1406	110.487	110.487	110.487
201	8	0	-14.428231	-50.121077	-2.758599	1489	1410	111.091	111.091	111.091
202	8	0	-14.984249	-50.246944	-2.918973	1478	1413	111.661	111.661	111.661
203	8	0	-15.533737	-50.222957	3.097967	1467	1412	112.211	112.211	112.211
204	8	0	-16.087570	-50.298873	-3.005369	1456	1414	112.770	112.770	112.770
205	8	0	-16.639230	-50.324831	-3.094573	1444	1414	113.323	113.323	113.323
206	8	0	-17.201791	-50.600557	-2.685875	1433	1420	113.949	113.949	113.949
207	8	0	-17.753451	-50.626521	-3.094562	1422	1420	114.501	114.501	114.501
208	8	0	-18.248617	-50.504805	2.900562	1412	1418	115.011	115.011	115.011
209	8	0	-18.802450	-50.580721	-3.005369	1401	1419	115.570	115.570	115.570
210	8	0	-18.776486	-51.132369	-1.523764	1402	1430	116.123	116.123	116.123
211	8	0	-18.748349	-51.634078	-1.514772	1402	1440	116.625	116.625	116.625
212	8	0	-18.468258	-52.096736	-1.026421	1408	1450	117.166	117.166	117.166
213	8	0	-17.999276	-52.817879	-0.994188	1417	1464	118.026	118.026	118.026
214	8	0	-18.023263	-53.367354	-1.614423	1417	1475	118.576	118.576	118.576
215	8	0	-17.947348	-53.921199	-1.434575	1418	1486	119.135	119.135	119.135
216	8	0	-17.871432	-54.475032	-1.434572	1420	1497	119.694	119.694	119.694
217	8	0	-17.945370	-55.022328	-1.705080	1418	1508	120.246	120.246	120.246
218	8	0	-18.017135	-55.519673	-1.714104	1417	1518	120.749	120.749	120.749
219	8	0	-18.041134	-56.069149	-1.614445	1416	1529	121.299	121.299	121.299
220	8	0	-17.915268	-56.625167	-1.348177	1419	1540	121.869	121.869	121.869
221	8	0	-17.989206	-57.172463	-1.705080	1417	1551	122.421	122.421	122.421
222	8	0	-17.913290	-57.726302	-1.434574	1419	1562	122.980	122.980	122.980
223	8	0	-17.885153	-58.228011	-1.514772	1420	1572	123.483	123.483	123.483
224	8	0	-17.659372	-58.788387	-1.187784	1424	1583	124.087	124.087	124.087
225	8	0	-17.683371	-59.337868	-1.614444	1424	1594	124.637	124.637	124.637
226	8	0	-17.507553	-59.896065	-1.265659	1427	1606	125.222	125.222	125.222
227	8	0	-17.531539	-60.445540	-1.614423	1427	1617	125.772	125.772	125.772
228	8	0	-17.655429	-60.990657	-1.794271	1424	1627	126.331	126.331	126.331
229	8	0	-17.629477	-61.542318	-1.523787	1425	1638	126.884	126.884	126.884
230	8	0	-17.127768	-61.514174	0.056036	1435	1638	127.386	127.386	127.386
231	8	0	-17.103781	-60.964693	1.527170	1435	1627	127.936	127.936	127.936
232	8	0	-17.032016	-60.467348	1.427489	1437	1617	128.439	128.439	128.439
233	8	0	-17.008029	-59.917873	1.527170	1437	1606	128.989	128.989	128.989
234	8	0	-16.638729	-59.483571	0.866111	1444	1597	129.559	129.559	129.559
235	8	0	-16.065255	-58.958083	0.741761	1456	1587	130.336	130.336	130.336
236	8	0	-16.087069	-59.457607	-1.614438	1456	1597	130.836	130.836	130.836
237	8	0	-16.061105	-60.009267	-1.523765	1456	1608	131.389	131.389	131.389
238	8	0	-16.082919	-60.508791	-1.614438	1456	1618	131.889	131.889	131.889
239	8	0	-16.054769	-61.010494	-1.514747	1456	1628	132.391	132.391	132.391
240	8	0	-16.076583	-61.510018	-1.614438	1456	1638	132.891	132.891	132.891
241	8	0	-16.050619	-62.061678	-1.523765	1456	1649	133.443	133.443	133.443
242	8	0	-16.072433	-62.561202	-1.614438	1456	1659	133.943	133.943	133.943
243	8	0	-16.624093	-62.587166	-3.094562	1445	1659	134.496	134.496	134.496
244	8	0	-17.175753	-62.613124	-3.094573	1434	1660	135.048	135.048	135.048
245	8	0	-17.677450	-62.641268	-3.085555	1424	1660	135.550	135.550	135.550
246	8	0	-18.229110	-62.667226	-3.094573	1413	1661	136.103	136.103	136.103
247	8	0	-18.980575	-62.684468	-3.118652	1398	1661	136.854	136.854	136.854
248	8	0	-19.430148	-62.664840	3.097959	1389	1661	137.304	137.304	137.304
249	8	0	-19.879721	-62.645211	3.097959	1380	1661	137.754	137.754	137.754
250	8	0	-20.331478	-62.675533	-3.074573	1371	1661	138.207	138.207	138.207
251	8	0	-20.357431	-62.123879	1.617806	1370	1650	138.759	138.759	138.759
252	8	0	-20.235727	-61.628719	1.329786	1373	1640	139.269	139.269	139.269
253	8	0	-20.261679	-61.077053	1.617805	1372	1629	139.822	139.822	139.822
254	8	0	-20.339779	-60.573171	1.724570	1370	1619	140.332	140.332	140.332
255	8	0	-20.406967	-59.819521	1.659711	1369	1604	141.088	141.088	141.088
256	8	0	-20.269992	-58.974697	1.410061	1372	1587	141.944	141.944	141.944
257	8	0	-20.248178	-58.475173	1.527155	1372	1577	142.444	142.444	142.444
258	8	0	-20.423996	-57.916970	1.875931	1369	1566	143.029	143.029	143.029
259	8	0	-20.745517	-58.403408	-2.154845	1362	1576	143.612	143.612	143.612
260	8	0	-20.815097	-58.850801	-1.725083	1361	1585	144.065	144.065	144.065
261	8	0	-20.224191	-57.925692	1.002377	1373	1566	145.163	145.163	145.163
262	8	0	-19.902658	-57.439254	0.986730	1379	1556	145.746	145.746	145.746
263	8	0	-20.078488	-56.881056	1.875954	1376	1545	146.331	146.331	146.331
264	8	0	-20.458468	-56.414034	2.253789	1368	1536	146.933	146.933	146.933
265	8	0	-20.888412	-55.944832	2.312561	1359	1527	147.570	147.570	147.570
266	8	0	-20.870968	-55.545217	1.527172	1360	1519	147.970	147.970	147.970
267	8	0	-20.410495	-55.315084	0.463467	1369	1514	148.484	148.484	148.484
268	8	0	-20.436459	-54.763423	1.617827	1369	1503	149.037	149.037	149.037
269	8	0	-20.462411	-54.211763	1.617805	1368	1492	149.589	149.589	149.589
270	8	0	-20.438424	-53.662288	1.527170	1368	1481	150.139	150.139	150.139
271	8	0	-20.414437	-53.112813	1.527170	1369	1470	150.689	150.689	150.689
272	8	0	-20.340487	-52.565523	1.436489	1370	1459	151.241	151.241	151.241
273	8	0	-20.516305	-52.007320	1.875931	1367	1448	151.826	151.826	151.826
274	8	0	-19.599716	-51.646956	0.374594	1385	1441	152.811	152.811	152.811
275	8	0	-19.627865	-51.145247	1.626845	1385	1431	153.314	153.314	153.314
276	8	0	-19.903585	-50.582686	2.026506	1379	1419	153.940	153.940	153.940
277	8	0	-20.437790	-50.209029	2.531226	1368	1412	154.592	154.592	154.592
278	8	0	-20.985092	-50.135091	3.007310	1358	1410	155.145	155.145	155.145
279	8	0	-21.536752	-50.161049	-3.094573	1347	1411	155.697	155.697	155.697
280	8	0	-22.086227	-50.137056	3.097955	1336	1410	156.247	156.247	156.247
281	8	0	-22.640060	-50.212972	-3.005369	1324	1412	156.806	156.806	156.806
282	8	0	-23.191720	-50.238936	-3.094562	1313	1412	157.358	157.358	157.358
283	8	0	-23.741195	-50.214943	3.097955	1302	1412	157.908	157.908	157.908
284	8	0	-24.290670	-50.190950	3.097955	1291	1411	158.458	158.458	158.458
285	8	0	-24.842331	-50.216915	-3.094562	1280	1412	159.010	159.010	159.010
286	8	0	-25.346212	-50.295009	-2.987830	1270	1414	159.520	159.520	159.520
287	8	0	-25.891330	-50.171114	2.918107	1259	1411	160.079	160.079	160.079
288	8	0	-26.438632	-50.097176	3.007310	1248	1410	160.632	160.632	160.632
289	8	0	-26.464584	-49.545516	1.617805	1248	1399	161.184	161.184	161.184
290	8	0	-25.915109	-49.569502	-0.043626	1259	1399	161.734	161.734	161.734
291	8	0	-25.354733	-49.343733	0.382994	1270	1394	162.338	162.338	162.338
292	8	0	-24.755307	-49.369905	-0.043634	1282	1395	162.938	162.938	162.938
293	8	0	-24.203647	-49.343941	0.047031	1293	1394	163.490	163.490	163.490
294	8	0	-23.654171	-49.367934	-0.043637	1304	1395	164.040	164.040	164.040
295	8	0	-23.102511	-49.341969	0.047031	1315	1394	164.592	164.592	164.592
296	8	0	-22.553036	-49.365962	-0.043637	1326	1395	165.142	165.142	165.142
297	8	0	-22.001376	-49.339998	0.047031	1337	1394	165.695	165.695	165.695
298	8	0	-21.449716	-49.314040	0.047020	1348	1394	166.247	166.247	166.247
299	8	0	-20.898056	-49.288075	0.047031	1359	1393	166.799	166.799	166.799
300	8	0	-20.350766	-49.362020	-0.134296	1370	1395	167.352	167.352	167.352
301	8	0	-19.807833	-49.535872	-0.309894	1381	1398	167.922	167.922	167.922
302	8	0	-19.380075	-50.055025	-0.881618	1390	1409	168.594	168.594	168.594
303	8	0	-19.351925	-50.556728	-1.514747	1390	1419	169.097	169.097	169.097
304	8	0	-19.226059	-51.112746	-1.348177	1393	1430	169.667	169.667	169.667
305	8	0	-19.147970	-51.616634	-1.417048	1394	1440	170.177	170.177	170.177
306	8	0	-19.022103	-52.172652	-1.348177	1397	1451	170.747	170.747	170.747
307	8	0	-18.944003	-52.676534	-1.417022	1398	1461	171.257	171.257	171.257
308	8	0	-18.967990	-53.226009	-1.614423	1398	1472	171.807	171.807	171.807
309	8	0	-18.939852	-53.727718	-1.514772	1398	1482	172.309	172.309	172.309
310	8	0	-18.913888	-54.279378	-1.523765	1399	1493	172.862	172.862	172.862
311	8	0	-18.935702	-54.778902	-1.614438	1399	1503	173.362	173.362	173.362
312	8	0	-18.959689	-55.328377	-1.614423	1398	1514	173.912	173.912	173.912
313	8	0	-18.981503	-55.827901	-1.614438	1398	1524	174.412	174.412	174.412
314	8	0	-18.905587	-56.381740	-1.434574	1399	1535	174.971	174.971	174.971
315	8	0	-19.027304	-56.876900	-1.811830	1397	1545	175.480	175.480	175.480
316	8	0	-18.901437	-57.432924	-1.348179	1399	1556	176.051	176.051	176.051
317	8	0	-18.823336	-57.936806	-1.417022	1401	1566	176.560	176.560	176.560
318	8	0	-18.695297	-58.442873	-1.322988	1403	1576	177.082	177.082	177.082
319	8	0	-18.719284	-58.992348	-1.614423	1403	1587	177.632	177.632	177.632
320	8	0	-18.943087	-59.533107	-1.963202	1398	1598	178.218	178.218	178.218
321	8	0	-18.964889	-60.032631	-1.614414	1398	1608	178.718	178.718	178.718
322	8	0	-18.739120	-60.593007	-1.187802	1402	1619	179.322	179.322	179.322
323	8	0	-18.661032	-61.096895	-1.417048	1404	1630	179.832	179.832	179.832
324	8	0	-18.635067	-61.648549	-1.523765	1405	1641	180.384	180.384	180.384
325	8	0	-18.181124	-61.568276	0.175027	1414	1639	180.845	180.845	180.845
326	8	0	-18.207089	-61.016622	1.617828	1413	1628	181.397	181.397	181.397
327	8	0	-18.033248	-60.473683	1.260926	1417	1617	181.967	181.967	181.967
328	8	0	-18.009249	-59.924208	1.527148	1417	1606	182.517	182.517	182.517
329	8	0	-18.185067	-59.366011	1.875934	1414	1595	183.103	183.103	183.103
330	8	0	-18.161081	-58.816536	1.527170	1414	1584	183.653	183.653	183.653
331	8	0	-18.336898	-58.258333	1.875931	1411	1573	184.238	184.238	184.238
332	8	0	-18.399728	-57.404781	1.644273	1409	1556	185.094	185.094	185.094
333	8	0	-18.525595	-56.848763	1.793416	1407	1545	185.664	185.664	185.664
334	8	0	-18.403878	-56.353597	1.329766	1409	1535	186.174	186.174	186.174
335	8	0	-18.529745	-55.797579	1.793416	1407	1524	186.744	186.744	186.744
336	8	0	-18.507943	-55.298055	1.527179	1407	1514	187.244	187.244	187.244
337	8	0	-18.433993	-54.750759	1.436491	1409	1503	187.796	187.796	187.796
338	8	0	-18.412191	-54.251235	1.527179	1409	1493	188.296	188.296	188.296
339	8	0	-18.438144	-53.699575	1.617805	1408	1482	188.848	188.848	188.848
340	8	0	-18.514059	-53.145735	1.707019	1407	1471	189.407	189.407	189.407
341	8	0	-18.442294	-52.648397	1.427487	1408	1461	189.910	189.910	189.910
342	8	0	-19.393576	-52.656905	-3.132649	1389	1461	190.861	190.861	190.861
343	8	0	-19.895285	-52.685054	-3.085544	1379	1461	191.364	191.364	191.364
344	8	0	-19.919271	-53.234529	-1.614423	1379	1472	191.914	191.914	191.914
345	8	0	-19.941085	-53.734053	-1.614438	1378	1482	192.414	192.414	192.414
346	8	0	-19.965072	-54.283528	-1.614423	1378	1493	192.964	192.964	192.964
347	8	0	-19.936935	-54.785231	-1.514772	1379	1503	193.466	193.466	193.466
348	8	0	-19.910971	-55.336891	-1.523765	1379	1514	194.018	194.018	194.018
349	8	0	-19.932772	-55.836415	-1.614414	1379	1524	194.518	194.518	194.518
350	8	0	-19.956771	-56.385890	-1.614445	1378	1535	195.068	195.068	195.068
351	8	0	-19.576779	-56.852913	-0.887788	1386	1545	195.670	195.670	195.670
352	8	0	-19.400961	-57.411110	-1.265659	1389	1556	196.256	196.256	196.256
353	8	0	-19.272909	-57.917177	-1.322965	1392	1566	196.778	196.778	196.778
354	8	0	-19.196994	-58.471016	-1.434574	1393	1577	197.337	197.337	197.337
355	8	0	-19.218808	-58.970540	-1.614438	1393	1587	197.837	197.837	197.837
356	8	0	-19.442611	-59.511293	-1.963206	1388	1598	198.422	198.422	198.422
357	8	0	-19.464413	-60.010817	-1.614414	1388	1608	198.922	198.922	198.922
358	8	0	-19.288595	-60.569020	-1.265662	1391	1619	199.507	199.507	199.507
359	8	0	-19.210507	-61.072902	-1.417046	1393	1629	200.017	200.017	200.017
360	8	0	-19.184542	-61.624562	-1.523765	1394	1640	200.569	200.569	200.569
361	8	0	-19.805783	-62.097914	-2.490489	1381	1650	201.350	201.350	201.350
362	8	0	-20.776474	-61.404915	2.521583	1362	1636	202.543	202.543	202.543
363	8	0	-20.339779	-60.573171	1.087322	1370	1619	203.483	203.483	203.483
364	8	0	-19.916171	-60.041140	0.898371	1379	1608	204.163	204.163	204.163
365	8	0	-19.894357	-59.541616	1.527155	1379	1598	204.663	204.663	204.663
366	8	0	-19.768283	-58.946547	1.362018	1382	1587	205.271	205.271	205.271
367	8	0	-19.746469	-58.447023	1.527155	1382	1577	205.771	205.771	205.771
368	8	0	-19.772433	-57.895369	1.617828	1382	1566	206.323	206.323	206.323
369	8	0	-19.902658	-57.439254	1.848905	1379	1556	206.797	206.797	206.797
370	8	0	-20.078488	-56.881056	1.875954	1376	1545	207.383	207.383	207.383
371	8	0	-19.455062	-56.357747	0.698314	1388	1535	208.197	208.197	208.197
372	8	0	-19.481027	-55.806093	1.617828	1388	1524	208.749	208.749	208.749
373	8	0	-19.459213	-55.306569	1.527155	1388	1514	209.249	209.249	209.249
374	8	0	-19.435226	-54.757088	1.527170	1389	1503	209.799	209.799	209.799
375	8	0	-19.413412	-54.257564	1.527155	1389	1493	210.299	210.299	210.299
376	8	0	-19.439376	-53.705910	1.617828	1388	1482	210.851	210.851	210.851
377	8	0	-19.467514	-53.204207	1.626821	1388	1472	211.354	211.354	211.354
378	8	0	-19.521627	-52.150838	1.622123	1387	1451	212.408	212.408	212.408
379	8	0	-19.599716	-51.646956	1.724547	1385	1441	212.918	212.918	212.918
380	8	0	-20.007858	-50.678230	1.969545	1377	1421	213.970	213.970	213.970
381	8	0	-19.903585	-50.582686	0.741746	1379	1419	214.111	214.111	214.111
382	8	0	-19.931723	-50.080983	1.626821	1379	1409	214.613	214.613	214.613
383	8	0	-20.468124	-49.757277	2.598620	1368	1403	215.240	215.240	215.240
384	8	0	-21.017599	-49.733284	3.097955	1357	1402	215.790	215.790	215.790
385	8	0	-21.519296	-49.761434	-3.085543	1347	1403	216.292	216.292	216.292
386	8	0	-22.068771	-49.737435	3.097944	1336	1402	216.842	216.842	216.842
387	8	0	-22.620431	-49.763399	-3.094562	1325	1403	217.395	217.395	217.395
388	8	0	-23.172091	-49.789363	-3.094562	1314	1403	217.947	217.947	217.947
389	8	0	-23.721566	-49.765370	3.097955	1303	1403	218.497	218.497	218.497
390	8	0	-24.271042	-49.741377	3.097955	1292	1402	219.047	219.047	219.047
391	8	0	-24.822702	-49.767342	-3.094562	1281	1403	219.599	219.599	219.599
392	8	0	-25.376547	-49.843257	-3.005372	1270	1404	220.158	220.158	220.158
393	8	0	-26.065182	-50.714046	-2.239913	1256	1422	221.268	221.268	221.268
394	8	0	-26.536557	-51.193941	-2.347238	1247	1431	221.941	221.941	221.941
395	8	0	-27.062253	-51.771565	-2.309163	1236	1443	222.722	222.722	222.722
396	8	0	-26.934213	-52.277632	-1.322988	1239	1453	223.244	223.244	223.244
397	8	0	-26.908249	-52.829286	-1.523765	1239	1464	223.796	223.796	223.796
398	8	0	-26.934420	-53.428719	-1.614430	1239	1476	224.396	224.396	224.396
399	8	0	-26.958407	-53.978194	-1.614423	1238	1487	224.946	224.946	224.946
400	8	0	-26.932443	-54.529854	-1.523765	1239	1498	225.499	225.499	225.499
401	8	0	-26.956442	-55.079323	-1.614445	1238	1509	226.049	226.049	226.049
402	8	0	-26.980429	-55.628804	-1.614422	1238	1520	226.599	226.599	226.599
403	8	0	-26.954464	-56.180458	-1.523765	1238	1531	227.151	227.151	227.151
404	8	0	-26.928500	-56.732119	-1.523765	1239	1542	227.703	227.703	227.703
405	8	0	-26.952499	-57.281594	-1.614445	1238	1553	228.253	228.253	228.253
406	8	0	-26.976486	-57.831075	-1.614422	1238	1564	228.803	228.803	228.803
407	8	0	-27.000473	-58.380550	-1.614423	1237	1575	229.353	229.353	229.353
408	8	0	-27.024472	-58.930025	-1.614445	1237	1586	229.903	229.903	229.903
409	8	0	-26.998507	-59.481679	-1.523765	1237	1597	230.456	230.456	230.456
410	8	0	-27.072445	-60.028975	-1.705080	1236	1608	231.008	231.008	231.008
411	8	0	-27.046493	-60.580635	-1.523787	1236	1619	231.560	231.560	231.560
412	8	0	-27.070480	-61.130111	-1.614423	1236	1630	232.110	232.110	232.110
413	8	0	-27.044516	-61.681771	-1.523765	1236	1641	232.662	232.662	232.662
414	8	0	-27.118466	-62.229061	-1.705104	1235	1652	233.215	233.215	233.215
415	8	0	-27.044723	-62.832857	-1.449266	1236	1664	233.823	233.823	233.823
416	8	0	-27.118673	-63.380153	-1.705102	1235	1675	234.375	234.375	234.375
417	8	0	-27.142660	-63.929628	-1.614423	1234	1686	234.925	234.925	234.925
418	8	0	-27.266562	-64.474739	-1.794295	1232	1697	235.484	235.484	235.484
419	8	0	-27.290548	-65.024221	-1.614422	1231	1708	236.034	236.034	236.034
420	8	0	-27.264584	-65.575875	-1.523765	1232	1719	236.586	236.586	236.586
421	8	0	-27.288571	-66.125350	-1.614423	1231	1730	237.136	237.136	237.136
422	8	0	-27.262619	-66.677010	-1.523787	1232	1741	237.689	237.689	237.689
423	8	0	-27.809909	-66.603066	3.007296	1221	1740	238.241	238.241	238.241
424	8	0	-27.785922	-66.053591	1.527170	1222	1729	238.791	238.791	238.791
425	8	0	-27.761923	-65.504116	1.527148	1222	1718	239.341	239.341	239.341
426	8	0	-27.737936	-64.954634	1.527170	1222	1707	239.891	239.891	239.891
427	8	0	-27.763900	-64.402980	1.617828	1222	1696	240.443	240.443	240.443
428	8	0	-27.891952	-63.896914	1.818628	1219	1686	240.965	240.965	240.965
429	8	0	-27.867953	-63.347438	1.527148	1220	1675	241.515	241.515	241.515
430	8	0	-27.893918	-62.795778	1.617827	1219	1664	242.068	242.068	242.068
431	8	0	-27.869931	-62.246297	1.527170	1220	1653	242.618	242.618	242.618
432	8	0	-27.895895	-61.694643	1.617828	1219	1642	243.170	243.170	243.170
433	8	0	-27.821945	-61.147347	1.436491	1221	1631	243.722	243.722	243.722
434	8	0	-27.847909	-60.595693	1.617828	1220	1620	244.274	244.274	244.274
435	8	0	-27.823922	-60.046212	1.527170	1221	1609	244.824	244.824	244.824
436	8	0	-27.799923	-59.496736	1.527148	1221	1598	245.374	245.374	245.374
437	8	0	-27.825888	-58.945082	1.617828	1221	1587	245.927	245.927	245.927
438	8	0	-27.801901	-58.395607	1.527170	1221	1576	246.477	246.477	246.477
439	8	0	-27.825680	-57.793996	1.610302	1221	1563	247.079	247.079	247.079
440	8	0	-27.801693	-57.244515	1.527170	1221	1553	247.629	247.629	247.629
441	8	0	-27.827646	-56.692861	1.617806	1221	1541	248.181	248.181	248.181
442	8	0	-27.803659	-56.143386	1.527170	1221	1530	248.731	248.731	248.731
443	8	0	-27.779672	-55.593910	1.527170	1222	1519	249.281	249.281	249.281
444	8	0	-27.755673	-55.044429	1.527148	1222	1509	249.831	249.831	249.831
445	8	0	-27.781637	-54.492775	1.617828	1222	1497	250.383	250.383	250.383
446	8	0	-27.757650	-53.943294	1.527170	1222	1486	250.933	250.933	250.933
447	8	0	-27.783615	-53.391640	1.617828	1222	1475	251.485	251.485	251.485
448	8	0	-27.759616	-52.842159	1.527148	1222	1464	252.035	252.035	252.035
449	8	0	-27.735629	-52.292684	1.527170	1223	1453	252.585	252.585	252.585
450	8	0	-27.611728	-51.747573	1.347298	1225	1443	253.144	253.144	253.144
451	8	0	-27.587741	-51.198091	1.527170	1225	1432	253.694	253.694	253.694
452	8	0	-27.613705	-50.646443	1.617829	1225	1421	254.247	254.247	254.247
453	8	0	-27.539767	-50.099141	1.436514	1226	1410	254.799	254.799	254.799
454	8	0	-27.565719	-49.547487	1.617806	1226	1399	255.351	255.351	255.351
455	8	0	-26.992257	-49.021999	0.741772	1237	1388	256.129	256.129	256.129
456	8	0	-26.464584	-49.545516	-0.781444	1248	1399	256.872	256.872	256.872
457	8	0	-25.915109	-49.569502	-0.043626	1259	1399	257.422	257.422	257.422
458	8	0	-25.376547	-49.843257	-0.470271	1270	1404	258.027	258.027	258.027
459	8	0	-24.822702	-49.767342	0.136221	1281	1403	258.586	258.586	258.586
460	8	0	-24.271042	-49.741377	0.047031	1292	1402	259.138	259.138	259.138
461	8	0	-23.721566	-49.765370	-0.043637	1303	1403	259.688	259.688	259.688
462	8	0	-23.172091	-49.789363	-0.043637	1314	1403	260.238	260.238	260.238
463	8	0	-22.620431	-49.763399	0.047031	1325	1403	260.790	260.790	260.790
464	8	0	-22.068771	-49.737435	0.047031	1336	1402	261.342	261.342	261.342
465	8	0	-21.519296	-49.761434	-0.043649	1347	1403	261.892	261.892	261.892
466	8	0	-21.536752	-50.161049	-1.614451	1347	1411	262.292	262.292	262.292
467	8	0	-22.086227	-50.137056	3.097955	1336	1410	262.842	262.842	262.842
468	8	0	-22.859506	-50.653816	-2.552480	1320	1421	263.772	263.772	263.772
469	8	0	-23.411154	-50.679781	-3.094560	1309	1421	264.325	264.325	264.325
470	8	0	-23.910678	-50.657967	3.097951	1299	1421	264.825	264.825	264.825
471	8	0	-24.460165	-50.633980	3.097967	1288	1420	265.375	265.375	265.375
472	8	0	-24.961862	-50.662129	-3.085543	1278	1421	265.877	265.877	265.877
473	8	0	-25.515707	-50.738039	-3.005382	1267	1422	266.436	266.436	266.436
474	8	0	-26.065182	-50.714046	3.097955	1256	1422	266.986	266.986	266.986
475	8	0	-26.562521	-50.642287	2.998296	1246	1420	267.489	267.489	267.489
476	8	0	-27.114181	-50.668245	-3.094573	1235	1421	268.041	268.041	268.041
477	8	0	-27.038266	-51.222090	-1.434575	1236	1432	268.600	268.600	268.600
478	8	0	-27.336007	-52.310134	-1.837906	1231	1454	269.728	269.728	269.728
479	8	0	-27.359994	-52.859609	-1.614423	1230	1465	270.278	270.278	270.278
480	8	0	-27.383993	-53.409090	-1.614444	1230	1476	270.828	270.828	270.828
481	8	0	-27.358029	-53.960744	-1.523765	1230	1487	271.380	271.380	271.380
482	8	0	-27.332065	-54.512404	-1.523765	1231	1498	271.933	271.933	271.933
483	8	0	-27.356064	-55.061879	-1.614445	1230	1509	272.483	272.483	272.483
484	8	0	-27.380050	-55.611354	-1.614423	1230	1520	273.033	273.033	273.033
485	8	0	-27.404037	-56.160829	-1.614423	1229	1531	273.583	273.583	273.583
486	8	0	-27.378073	-56.712490	-1.523765	1230	1542	274.135	274.135	274.135
487	8	0	-27.352121	-57.264144	-1.523787	1230	1553	274.687	274.687	274.687
488	8	0	-27.376108	-57.813625	-1.614422	1230	1564	275.237	275.237	275.237
489	8	0	-27.400094	-58.363100	-1.614423	1229	1575	275.787	275.787	275.787
490	8	0	-27.424093	-58.912575	-1.614445	1229	1586	276.337	276.337	276.337
491	8	0	-27.398129	-59.464235	-1.523765	1229	1597	276.889	276.889	276.889
492	8	0	-27.472067	-60.011525	-1.705082	1228	1608	277.442	277.442	277.442
493	8	0	-27.446103	-60.563192	-1.523766	1228	1619	277.994	277.994	277.994
494	8	0	-27.420150	-61.114846	-1.523787	1229	1630	278.546	278.546	278.546
495	8	0	-27.444137	-61.664321	-1.614423	1228	1641	279.096	279.096	279.096
496	8	0	-27.492123	-62.763271	-1.614434	1227	1663	280.196	280.196	280.196
497	8	0	-27.516110	-63.312752	-1.614422	1227	1674	280.746	280.746	280.746
498	8	0	-27.540097	-63.862227	-1.614423	1226	1685	281.296	281.296	281.296
499	8	0	-20.746151	-61.856667	0.287046	1362	1645	288.380	288.380	288.380
500	8	0	-20.261679	-61.077053	1.014771	1372	1629	289.298	289.298	289.298
501	8	0	-19.788119	-60.547206	0.841435	1381	1619	290.008	290.008	290.008
502	8	0	-19.684066	-61.602748	-1.472536	1384	1640	291.069	291.069	291.069
503	8	0	-19.256308	-62.121901	-0.881618	1392	1650	291.742	291.742	291.742
504	8	0	-18.756784	-62.143715	-0.043642	1402	1650	292.242	292.242	292.242
505	8	0	-18.155172	-62.119930	0.039516	1414	1650	292.844	292.844	292.844
506	8	0	-17.603512	-62.093972	0.047020	1425	1649	293.396	293.396	293.396
507	8	0	-17.101803	-62.065828	0.056036	1435	1649	293.899	293.899	293.899
508	8	0	-16.552328	-62.089821	-0.043637	1446	1649	294.449	294.449	294.449
509	8	0	-16.578292	-61.538167	1.617828	1446	1638	295.001	295.001	295.001
510	8	0	-16.606430	-61.036458	1.626820	1445	1628	295.503	295.503	295.503
511	8	0	-16.584628	-60.536928	1.527179	1446	1618	296.003	296.003	296.003
512	8	0	-16.562814	-60.037404	1.527155	1446	1608	296.503	296.503	296.503
513	8	0	-17.133895	-59.361855	2.272590	1435	1595	297.388	297.388	297.388
514	8	0	-17.109896	-58.812380	1.527148	1435	1584	297.938	297.938	297.938
515	8	0	-17.385629	-58.249819	2.026523	1430	1573	298.565	298.565	298.565
516	8	0	-17.411581	-57.698159	1.617805	1429	1562	299.117	299.117	299.117
517	8	0	-17.487497	-57.144319	1.707019	1428	1550	299.676	299.676	299.676
518	8	0	-17.413559	-56.597023	1.436512	1429	1540	300.228	300.228	300.228
519	8	0	-17.589376	-56.038826	1.875934	1425	1528	300.813	300.813	300.813
520	8	0	-17.567562	-55.539302	1.527155	1426	1518	301.313	301.313	301.313
521	8	0	-17.443673	-54.994185	1.347322	1428	1507	301.872	301.872	301.872
522	8	0	-17.369723	-54.446895	1.436489	1430	1497	302.425	302.425	302.425
523	8	0	-17.445639	-53.893050	1.707017	1428	1485	302.984	302.984	302.984
524	8	0	-17.571505	-53.337032	1.793416	1426	1474	303.554	303.554	303.554
525	8	0	-17.497567	-52.789736	1.436512	1427	1463	304.106	304.106	304.106
526	8	0	-17.473581	-52.240261	1.527170	1428	1452	304.656	304.656	304.656
527	8	0	-18.372506	-51.049922	2.217608	1410	1429	306.148	306.148	306.148
528	8	0	-17.753451	-50.626521	0.599871	1422	1420	306.898	306.898	306.898
529	8	0	-17.177804	-50.051082	0.785218	1434	1409	307.712	307.712	307.712
530	8	0	-16.619601	-49.875258	0.305145	1445	1405	308.297	308.297	308.297
531	8	0	-16.065756	-49.799349	0.136210	1456	1404	308.856	308.856	308.856
532	8	0	-15.514108	-49.773384	0.047032	1467	1403	309.408	309.408	309.408
533	8	0	-14.964621	-49.797371	-0.043625	1478	1404	309.958	309.958	309.958
534	8	0	-14.254391	-49.578145	0.299391	1492	1399	310.701	310.701	310.701
535	8	0	-13.652780	-49.554366	0.039505	1504	1399	311.303	311.303	311.303
536	8	0	-13.101119	-49.528401	0.047031	1515	1398	311.856	311.856	311.856
537	8	0	-12.551644	-49.552394	-0.043637	1526	1399	312.406	312.406	312.406
538	8	0	-12.002169	-49.576387	-0.043637	1537	1399	312.956	312.956	312.956
539	8	0	-11.450509	-49.550423	0.047031	1548	1399	313.508	313.508	313.508
540	8	0	-10.905392	-49.674318	-0.223485	1559	1401	314.067	314.067	314.067
541	8	0	-10.360275	-49.798213	-0.223485	1570	1404	314.626	314.626	314.626
542	8	0	-9.808627	-49.772249	0.047032	1581	1403	315.178	315.178	315.178
543	8	0	-9.259152	-49.796242	-0.043637	1592	1404	315.728	315.728	315.728
544	8	0	-8.707492	-49.770284	0.047020	1603	1403	316.281	316.281	316.281
545	8	0	-8.108065	-49.796456	-0.043634	1615	1404	316.881	316.881	316.881
546	8	0	-7.556405	-49.770491	0.047031	1626	1403	317.433	317.433	317.433
547	8	0	-7.004745	-49.744527	0.047031	1637	1403	317.985	317.985	317.985
548	8	0	-6.453085	-49.718569	0.047020	1648	1402	318.537	318.537	318.537
549	8	0	-5.903610	-49.742562	-0.043637	1659	1402	319.087	319.087	319.087
550	8	0	-5.354135	-49.766548	-0.043626	1670	1403	319.637	319.637	319.637
551	8	0	-4.804659	-49.790541	-0.043637	1681	1403	320.187	320.187	320.187
552	8	0	-4.252999	-49.764577	0.047031	1692	1403	320.740	320.740	320.740
553	8	0	-3.703524	-49.788570	-0.043637	1703	1403	321.290	321.290	321.290
554	8	0	-3.154049	-49.812557	-0.043626	1714	1404	321.840	321.840	321.840
555	8	0	-2.556796	-49.888686	-0.126782	1726	1405	322.442	322.442	322.442
556	8	0	-2.005148	-49.862721	0.047032	1737	1405	322.994	322.994	322.994
557	8	0	-1.829318	-50.420925	-1.265642	1741	1416	323.579	323.579	323.579
558	8	0	-1.277670	-50.394960	0.047032	1752	1416	324.131	324.131	324.131
559	8	0	-0.728195	-50.418953	-0.043637	1763	1416	324.681	324.681	324.681
560	8	0	-0.636800	-49.472041	1.474576	1765	1397	325.633	325.633	325.633
561	8	0	-0.816976	-49.013741	1.945374	1761	1388	326.125	326.125	326.125
562	8	0	-1.366451	-48.989754	3.097966	1750	1387	326.675	326.675	326.675
563	8	0	-1.865975	-48.967940	3.097951	1740	1387	327.175	327.175	327.175
564	8	0	-2.413278	-48.893996	3.007299	1729	1385	327.728	327.728	327.728
565	8	0	-2.964938	-48.919960	-3.094562	1718	1386	328.280	328.280	328.280
566	8	0	-3.512228	-48.846016	3.007296	1707	1385	328.832	328.832	328.832
567	8	0	-4.063888	-48.871980	-3.094562	1696	1385	329.384	329.384	329.384
568	8	0	-4.563412	-48.850166	3.097951	1686	1385	329.884	329.884	329.884
569	8	0	-5.115072	-48.876131	-3.094562	1675	1385	330.437	330.437	330.437
570	8	0	-5.664547	-48.852138	3.097955	1664	1385	330.987	330.987	330.987
571	8	0	-6.214022	-48.828145	3.097955	1653	1384	331.537	331.537	331.537
572	8	0	-6.765682	-48.854109	-3.094562	1642	1385	332.089	332.089	332.089
573	8	0	-7.267379	-48.882253	-3.085555	1632	1385	332.591	332.591	332.591
574	8	0	-7.816854	-48.858260	3.097955	1621	1385	333.141	333.141	333.141
575	8	0	-8.368514	-48.884224	-3.094562	1610	1385	333.694	333.694	333.694
576	8	0	-8.917990	-48.860231	3.097955	1599	1385	334.244	334.244	334.244
577	8	0	-9.469650	-48.886196	-3.094562	1588	1385	334.796	334.796	334.796
578	8	0	-9.969174	-48.864388	3.097963	1578	1385	335.296	335.296	335.296
579	8	0	-10.518649	-48.840395	3.097955	1567	1384	335.846	335.846	335.846
580	8	0	-11.068124	-48.816402	3.097955	1556	1384	336.396	336.396	336.396
581	8	0	-11.615426	-48.742464	3.007310	1545	1382	336.948	336.948	336.948
582	8	0	-12.668783	-48.796565	-3.090277	1524	1384	338.003	338.003	338.003
583	8	0	-13.218258	-48.772572	3.097955	1513	1383	338.553	338.553	338.553
584	8	0	-13.769918	-48.798537	-3.094562	1502	1384	339.105	339.105	339.105
585	8	0	-14.795138	-49.354347	-2.644806	1481	1395	340.271	340.271	340.271
586	8	0	-15.344613	-49.330354	3.097955	1470	1394	340.821	340.821	340.821
587	8	0	-15.896273	-49.356319	-3.094562	1459	1395	341.374	341.374	341.374
588	8	0	-16.447934	-49.382277	-3.094573	1448	1395	341.926	341.926	341.926
589	8	0	-17.003952	-49.508150	-2.918963	1437	1398	342.496	342.496	342.496
590	8	0	-17.555612	-49.534108	-3.094573	1426	1398	343.048	343.048	343.048
591	8	0	-18.102902	-49.460164	3.007296	1415	1397	343.601	343.601	343.601
592	8	0	-18.656747	-49.536080	-3.005372	1404	1398	344.160	344.160	344.160
593	8	0	-18.830600	-50.079012	-1.880690	1401	1409	344.730	344.730	344.730
594	8	0	-17.729464	-50.077040	0.001790	1423	1409	345.831	345.831	345.831
595	8	0	-18.102902	-49.460164	2.115154	1415	1397	346.552	346.552	346.552
596	8	0	-18.656747	-49.536080	-3.005372	1404	1398	347.111	347.111	347.111
597	8	0	-19.206222	-49.512087	3.097955	1393	1398	347.661	347.661	347.661
598	8	0	-18.276754	-50.003096	-0.486007	1412	1408	348.712	348.712	348.712
599	8	0	-20.434481	-55.864559	-1.923522	1369	1525	354.958	354.958	354.958
600	8	0	-20.458468	-56.414034	-1.614423	1368	1536	355.508	355.508	355.508
601	8	0	-19.956771	-56.385890	0.056038	1378	1535	356.011	356.011	356.011
602	8	0	-19.576779	-56.852913	-0.887788	1386	1545	356.613	356.613	356.613
603	8	0	-19.400961	-57.411110	-1.265659	1389	1556	357.198	357.198	357.198
604	8	0	-19.772433	-57.895369	-2.225148	1382	1566	357.808	357.808	357.808
605	8	0	-19.746469	-58.447023	-1.523765	1382	1577	358.360	358.360	358.360
606	8	0	-19.768283	-58.946547	-1.614438	1382	1587	358.860	358.860	358.860
607	8	0	-19.442611	-59.511293	-1.047709	1388	1598	359.512	359.512	359.512
608	8	0	-19.464413	-60.010817	-1.614414	1388	1608	360.012	360.012	360.012
609	8	0	-19.288595	-60.569020	-1.265662	1391	1619	360.598	360.598	360.598
610	8	0	-19.710031	-61.051094	-2.289181	1383	1629	361.238	361.238	361.238
611	8	0	-18.465365	-60.054439	0.675193	1408	1609	362.832	362.832	362.832
612	8	0	-18.441378	-59.504964	1.527170	1408	1598	363.382	363.382	363.382
613	8	0	-16.616915	-58.984047	0.278118	1445	1587	365.280	365.280	365.280
614	8	0	-3.475570	-50.298995	0.583996	1708	1414	381.032	381.032	381.032
615	8	0	-2.926095	-50.322988	-0.043637	1719	1414	381.582	381.582	381.582
616	8	0	-2.374435	-50.297029	0.047020	1730	1414	382.134	382.134	382.134
617	8	0	-1.829318	-50.420925	-0.223485	1741	1416	382.693	382.693	382.693
618	8	0	-1.277670	-50.394960	0.047032	1752	1416	383.245	383.245	383.245
619	8	0	-0.728195	-50.418953	-0.043637	1763	1416	383.795	383.795	383.795
620	8	0	-0.183077	-50.542842	-0.223475	1774	1418	384.354	384.354	384.354
621	8	0	0.186222	-50.108541	0.866111	1781	1410	384.924	384.924	384.924
622	8	0	-0.096041	-49.695833	2.170656	1775	1402	385.424	385.424	385.424
623	8	0	-0.278402	-49.287496	1.990814	1772	1393	385.872	385.872	385.872
624	8	0	-0.745211	-48.516402	2.115166	1762	1378	386.773	386.773	386.773
625	8	0	-1.294698	-48.492409	3.097956	1751	1377	387.323	387.323	387.323
626	8	0	-1.796395	-48.520552	-3.085555	1741	1378	387.826	387.826	387.826
627	8	0	-2.341512	-48.396651	2.918097	1730	1376	388.385	388.385	388.385
628	8	0	-2.413278	-48.893996	-1.714104	1729	1385	388.887	388.887	388.887
629	8	0	-2.283041	-49.350112	-1.292663	1732	1395	389.361	389.361	389.361
630	8	0	-2.005148	-49.862721	-1.074028	1737	1405	389.945	389.945	389.945
631	8	0	-1.457845	-49.936666	-0.134293	1748	1406	390.497	390.497	390.497
632	8	0	-1.186276	-49.448042	1.063522	1754	1397	391.056	391.056	391.056
