========================================
覆盖路径点统计信息
========================================
总路径点数: 1108

总路径距离: 590.274 米

----------------------------------------
按房间统计
----------------------------------------
房间 7: 1108 个点, 距离: 590.274 米

----------------------------------------
按房间+Segment统计
----------------------------------------
房间 7, Segment 0: 1108 个点, 距离: 590.274 米

----------------------------------------
详细路径点信息
----------------------------------------
ID	Room	Segment	X(m)	Y(m)	Yaw(rad)	U(px)	V(px)	Acc_Dist	Room_Dist	Seg_Dist
0	7	0	17.864726	-56.843761	-0.018180	2135	1544	0.000	0.000	0.000
1	7	0	18.364643	-56.852851	-0.018180	2145	1545	0.500	0.500	0.500
2	7	0	18.864560	-56.861940	-0.018180	2155	1545	1.000	1.000	1.000
3	7	0	19.364478	-56.871030	-0.018180	2165	1545	1.500	1.500	1.500
4	7	0	19.864395	-56.880119	-0.018180	2175	1545	2.000	2.000	2.000
5	7	0	20.364312	-56.889208	-0.018180	2185	1545	2.500	2.500	2.500
6	7	0	20.864230	-56.898298	-0.018180	2195	1546	3.000	3.000	3.000
7	7	0	21.364147	-56.907387	-0.018180	2205	1546	3.500	3.500	3.500
8	7	0	21.864065	-56.916477	-0.018180	2215	1546	4.000	4.000	4.000
9	7	0	22.363982	-56.925566	-0.018180	2225	1546	4.500	4.500	4.500
10	7	0	22.863899	-56.934655	-0.018180	2235	1546	5.000	5.000	5.000
11	7	0	23.363817	-56.943745	-0.018180	2245	1546	5.500	5.500	5.500
12	7	0	23.863734	-56.952834	-0.018180	2255	1547	6.000	6.000	6.000
13	7	0	24.363651	-56.961924	-0.018180	2265	1547	6.500	6.500	6.500
14	7	0	24.863569	-56.971013	-0.018180	2275	1547	7.000	7.000	7.000
15	7	0	25.363486	-56.980103	-0.018180	2285	1547	7.500	7.500	7.500
16	7	0	25.863404	-56.989192	-0.018180	2295	1547	8.000	8.000	8.000
17	7	0	26.363321	-56.998281	-0.018180	2305	1548	8.500	8.500	8.500
18	7	0	26.863238	-57.007371	-0.018180	2315	1548	9.000	9.000	9.000
19	7	0	27.592532	-56.940001	0.237253	2329	1546	9.732	9.732	9.732
20	7	0	28.142251	-56.698097	0.426956	2340	1542	10.333	10.333	10.333
21	7	0	28.582784	-56.461600	0.492685	2349	1537	10.833	10.833	10.833
22	7	0	29.023317	-56.225103	0.492685	2358	1532	11.333	11.333	11.333
23	7	0	29.463851	-55.988607	0.492685	2367	1527	11.833	11.833	11.833
24	7	0	29.904384	-55.752110	0.492685	2375	1523	12.333	12.333	12.333
25	7	0	30.344917	-55.515613	0.492685	2384	1518	12.833	12.833	12.833
26	7	0	30.785450	-55.279117	0.492685	2393	1513	13.333	13.333	13.333
27	7	0	31.225983	-55.042620	0.492685	2402	1508	13.833	13.833	13.833
28	7	0	31.666516	-54.806123	0.640334	2411	1504	14.333	14.333	14.333
29	7	0	32.119837	-54.376642	0.771553	2420	1495	14.957	14.957	14.957
30	7	0	32.472476	-54.022176	0.787982	2427	1488	15.457	15.457	15.457
31	7	0	32.825115	-53.667711	0.787982	2434	1481	15.957	15.957	15.957
32	7	0	33.177753	-53.313245	0.787982	2441	1474	16.457	16.457	16.457
33	7	0	33.530392	-52.958779	0.787982	2448	1467	16.957	16.957	16.957
34	7	0	33.883031	-52.604313	0.787982	2455	1460	17.457	17.457	17.457
35	7	0	34.235669	-52.249848	0.787982	2462	1453	17.957	17.957	17.957
36	7	0	34.588308	-51.895382	0.787982	2469	1446	18.457	18.457	18.457
37	7	0	34.940947	-51.540916	0.787982	2476	1438	18.957	18.957	18.957
38	7	0	35.293585	-51.186450	0.787982	2483	1431	19.457	19.457	19.457
39	7	0	35.646224	-50.831984	0.787982	2490	1424	19.957	19.957	19.957
40	7	0	35.998862	-50.477519	0.787982	2497	1417	20.457	20.457	20.457
41	7	0	36.351501	-50.123053	0.787982	2504	1410	20.957	20.957	20.957
42	7	0	36.704140	-49.768587	0.787982	2511	1403	21.457	21.457	21.457
43	7	0	37.056778	-49.414121	0.787982	2518	1396	21.957	21.957	21.957
44	7	0	37.409417	-49.059656	0.787982	2525	1389	22.457	22.457	22.457
45	7	0	37.762056	-48.705190	0.787982	2532	1382	22.957	22.957	22.957
46	7	0	38.114694	-48.350724	0.787982	2540	1375	23.457	23.457	23.457
47	7	0	38.467333	-47.996258	0.787982	2547	1368	23.957	23.957	23.957
48	7	0	38.819972	-47.641792	0.787982	2554	1360	24.457	24.457	24.457
49	7	0	39.172610	-47.287327	0.787982	2561	1353	24.957	24.957	24.957
50	7	0	39.525249	-46.932861	0.787982	2568	1346	25.457	25.457	25.457
51	7	0	39.877887	-46.578395	0.784045	2575	1339	25.957	25.957	25.957
52	7	0	40.906240	-45.555603	0.782026	2595	1319	27.408	27.408	27.408
53	7	0	41.261659	-45.203926	0.780107	2602	1312	27.908	27.908	27.908
54	7	0	41.617078	-44.852248	0.780107	2610	1305	28.408	28.408	28.408
55	7	0	41.972497	-44.500570	0.780107	2617	1298	28.908	28.908	28.908
56	7	0	42.327916	-44.148892	0.780107	2624	1291	29.408	29.408	29.408
57	7	0	42.683335	-43.797214	0.780107	2631	1284	29.908	29.908	29.908
58	7	0	43.038754	-43.445536	0.780107	2638	1277	30.408	30.408	30.408
59	7	0	43.394173	-43.093859	0.780107	2645	1269	30.908	30.908	30.908
60	7	0	43.749592	-42.742181	0.780107	2652	1262	31.408	31.408	31.408
61	7	0	44.105011	-42.390503	0.780107	2659	1255	31.908	31.908	31.908
62	7	0	44.460430	-42.038825	0.780107	2666	1248	32.408	32.408	32.408
63	7	0	44.815849	-41.687147	0.780107	2674	1241	32.908	32.908	32.908
64	7	0	45.171268	-41.335470	0.780107	2681	1234	33.408	33.408	33.408
65	7	0	45.526687	-40.983792	0.780107	2688	1227	33.908	33.908	33.908
66	7	0	45.882107	-40.632114	0.780107	2695	1220	34.408	34.408	34.408
67	7	0	46.237526	-40.280436	0.780107	2702	1213	34.908	34.908	34.908
68	7	0	46.592945	-39.928758	0.780107	2709	1206	35.408	35.408	35.408
69	7	0	46.948364	-39.577081	0.780107	2716	1199	35.908	35.908	35.908
70	7	0	47.303783	-39.225403	0.780107	2723	1192	36.408	36.408	36.408
71	7	0	47.659202	-38.873725	0.780107	2730	1185	36.908	36.908	36.908
72	7	0	48.014621	-38.522047	0.780107	2738	1178	37.408	37.408	37.408
73	7	0	48.370040	-38.170369	0.780107	2745	1171	37.908	37.908	37.908
74	7	0	48.725459	-37.818691	0.780107	2752	1164	38.408	38.408	38.408
75	7	0	49.080878	-37.467014	0.780107	2759	1157	38.908	38.908	38.908
76	7	0	49.436297	-37.115336	0.780107	2766	1150	39.408	39.408	39.408
77	7	0	49.791716	-36.763658	0.780107	2773	1143	39.908	39.908	39.908
78	7	0	50.147135	-36.411980	0.780107	2780	1136	40.408	40.408	40.408
79	7	0	50.502554	-36.060302	0.780107	2787	1129	40.908	40.908	40.908
80	7	0	50.857973	-35.708625	0.780107	2794	1122	41.408	41.408	41.408
81	7	0	51.213393	-35.356947	0.780107	2802	1115	41.908	41.908	41.908
82	7	0	51.568812	-35.005269	0.780107	2809	1108	42.408	42.408	42.408
83	7	0	51.924231	-34.653591	0.780107	2816	1101	42.908	42.908	42.908
84	7	0	52.279650	-34.301913	0.780107	2823	1094	43.408	43.408	43.408
85	7	0	52.635069	-33.950235	0.785820	2830	1087	43.908	43.908	43.908
86	7	0	53.216913	-33.363859	0.790128	2842	1075	44.734	44.734	44.734
87	7	0	53.568291	-33.008143	0.791533	2849	1068	45.234	45.234	45.234
88	7	0	53.919669	-32.652427	0.791533	2856	1061	45.734	45.734	45.734
89	7	0	54.271046	-32.296711	0.791533	2863	1054	46.234	46.234	46.234
90	7	0	54.622424	-31.940996	0.791533	2870	1046	46.734	46.734	46.734
91	7	0	54.973802	-31.585280	0.791533	2877	1039	47.234	47.234	47.234
92	7	0	55.325180	-31.229564	0.791533	2884	1032	47.734	47.734	47.734
93	7	0	55.676557	-30.873848	0.791533	2891	1025	48.234	48.234	48.234
94	7	0	56.027935	-30.518133	0.791533	2898	1018	48.734	48.734	48.734
95	7	0	56.505519	-30.113471	0.791533	2907	1010	49.360	49.360	49.360
96	7	0	56.865210	-29.690031	0.785398	2915	1001	49.915	49.915	49.915
97	7	0	57.218763	-29.336478	0.785398	2922	994	50.415	50.415	50.415
98	7	0	57.572316	-28.982925	0.785398	2929	987	50.915	50.915	50.915
99	7	0	57.925870	-28.629371	0.785398	2936	980	51.415	51.415	51.415
100	7	0	58.279423	-28.275818	0.785398	2943	973	51.915	51.915	51.915
101	7	0	58.632977	-27.922264	0.785398	2950	966	52.415	52.415	52.415
102	7	0	58.986530	-27.568711	0.785398	2957	959	52.915	52.915	52.915
103	7	0	59.340083	-27.215158	0.785398	2964	952	53.415	53.415	53.415
104	7	0	59.693637	-26.861604	0.785398	2971	945	53.915	53.915	53.915
105	7	0	60.047190	-26.508051	0.785398	2978	938	54.415	54.415	54.415
106	7	0	60.400743	-26.154498	0.785398	2985	931	54.915	54.915	54.915
107	7	0	60.754297	-25.800944	0.785398	2992	924	55.415	55.415	55.415
108	7	0	61.107850	-25.447391	0.785398	2999	917	55.915	55.915	55.915
109	7	0	61.461404	-25.093837	0.785398	3006	909	56.415	56.415	56.415
110	7	0	61.814957	-24.740284	0.785398	3014	902	56.915	56.915	56.915
111	7	0	62.168510	-24.386731	0.785398	3021	895	57.415	57.415	57.415
112	7	0	62.522064	-24.033177	0.785398	3028	888	57.915	57.915	57.915
113	7	0	62.875617	-23.679624	0.785398	3035	881	58.415	58.415	58.415
114	7	0	63.229171	-23.326070	0.785398	3042	874	58.915	58.915	58.915
115	7	0	63.582724	-22.972517	0.785398	3049	867	59.415	59.415	59.415
116	7	0	63.936277	-22.618964	0.785398	3056	860	59.915	59.915	59.915
117	7	0	64.289831	-22.265410	0.785398	3063	853	60.415	60.415	60.415
118	7	0	64.643384	-21.911857	0.785398	3070	846	60.915	60.915	60.915
119	7	0	64.996938	-21.558303	0.785398	3077	839	61.415	61.415	61.415
120	7	0	65.350491	-21.204750	0.795201	3084	832	61.915	61.915	61.915
121	7	0	65.707136	-20.834043	0.804864	3091	824	62.430	62.430	62.430
122	7	0	66.053690	-20.473627	0.805003	3098	817	62.930	62.930	62.930
123	7	0	66.400245	-20.113210	0.805003	3105	810	63.430	63.430	63.430
124	7	0	66.746799	-19.752794	1.105326	3112	803	63.930	63.930	63.930
125	7	0	66.918875	-19.080659	1.355963	3116	789	64.624	64.624	64.624
126	7	0	66.593295	-18.064994	2.071217	3109	769	65.690	65.690	65.690
127	7	0	65.944163	-17.182086	2.284147	3096	751	66.786	66.786	66.786
128	7	0	65.531420	-16.843857	2.498092	3088	744	67.320	67.320	67.320
129	7	0	65.360796	-16.352710	1.855059	3084	735	67.840	67.840	67.840
130	7	0	65.321265	-15.679633	1.446608	3084	721	68.514	68.514	68.514
131	7	0	65.190992	-14.943863	1.212026	3081	706	69.261	69.261	69.261
132	7	0	65.366554	-14.475698	1.212026	3085	697	69.761	69.761	69.761
133	7	0	65.542115	-14.007533	1.212026	3088	688	70.261	70.261	70.261
134	7	0	65.717677	-13.539369	1.212026	3092	678	70.761	70.761	70.761
135	7	0	65.893239	-13.071204	1.182299	3095	669	71.261	71.261	71.261
136	7	0	66.199594	-12.361950	1.158941	3101	655	72.034	72.034	72.034
137	7	0	66.402663	-11.905045	1.152572	3105	646	72.534	72.534	72.534
138	7	0	66.605732	-11.448139	1.522559	3109	637	73.034	73.034	73.034
139	7	0	66.456042	-10.799308	2.264856	3106	624	73.700	73.700	73.700
140	7	0	65.829150	-10.514953	2.969725	3094	618	74.388	74.388	74.388
141	7	0	64.965443	-10.540569	-3.123991	3077	618	75.252	75.252	75.252
142	7	0	64.465445	-10.538960	3.138374	3067	618	75.752	75.752	75.752
143	7	0	63.965448	-10.537350	3.138374	3057	618	76.252	76.252	76.252
144	7	0	63.465451	-10.535741	3.138374	3047	618	76.752	76.752	76.752
145	7	0	62.965453	-10.534131	3.138374	3037	618	77.252	77.252	77.252
146	7	0	62.465456	-10.532522	3.138374	3027	618	77.752	77.752	77.752
147	7	0	61.965458	-10.530912	3.138374	3017	618	78.252	78.252	78.252
148	7	0	61.465461	-10.529303	3.138374	3007	618	78.752	78.752	78.752
149	7	0	60.965464	-10.527694	3.138374	2997	618	79.252	79.252	79.252
150	7	0	60.465466	-10.526084	3.138374	2987	618	79.752	79.752	79.752
151	7	0	59.965469	-10.524475	3.138374	2977	618	80.252	80.252	80.252
152	7	0	59.465471	-10.522865	3.138374	2967	618	80.752	80.752	80.752
153	7	0	58.965474	-10.521256	3.138374	2957	618	81.252	81.252	81.252
154	7	0	58.465476	-10.519646	3.138374	2947	618	81.752	81.752	81.752
155	7	0	57.965479	-10.518037	3.138374	2937	618	82.252	82.252	82.252
156	7	0	57.465482	-10.516428	3.138374	2927	618	82.752	82.752	82.752
157	7	0	56.965484	-10.514818	3.138374	2917	618	83.252	83.252	83.252
158	7	0	56.465487	-10.513209	3.138374	2907	618	83.752	83.752	83.752
159	7	0	55.965489	-10.511599	3.138374	2897	618	84.252	84.252	84.252
160	7	0	55.465492	-10.509990	3.138374	2887	618	84.752	84.752	84.752
161	7	0	54.965495	-10.508380	3.138374	2877	618	85.252	85.252	85.252
162	7	0	54.465497	-10.506771	3.138374	2867	618	85.752	85.752	85.752
163	7	0	53.965500	-10.505161	3.138374	2857	618	86.252	86.252	86.252
164	7	0	53.465502	-10.503552	3.138374	2847	618	86.752	86.752	86.752
165	7	0	52.965505	-10.501943	3.138374	2837	618	87.252	87.252	87.252
166	7	0	52.465508	-10.500333	3.138374	2827	618	87.752	87.752	87.752
167	7	0	51.965510	-10.498724	3.138374	2817	618	88.252	88.252	88.252
168	7	0	51.465513	-10.497114	3.138374	2807	618	88.752	88.752	88.752
169	7	0	50.965515	-10.495505	3.138374	2797	618	89.252	89.252	89.252
170	7	0	50.465518	-10.493895	3.138374	2787	617	89.752	89.752	89.752
171	7	0	49.965521	-10.492286	3.138374	2777	617	90.252	90.252	90.252
172	7	0	49.465523	-10.490677	3.138374	2767	617	90.752	90.752	90.752
173	7	0	48.965526	-10.489067	3.138374	2757	617	91.252	91.252	91.252
174	7	0	48.465528	-10.487458	3.138374	2747	617	91.752	91.752	91.752
175	7	0	47.965531	-10.485848	3.138374	2737	617	92.252	92.252	92.252
176	7	0	47.465533	-10.484239	3.138374	2727	617	92.752	92.752	92.752
177	7	0	46.965536	-10.482629	3.138374	2717	617	93.252	93.252	93.252
178	7	0	46.465539	-10.481020	3.138374	2707	617	93.752	93.752	93.752
179	7	0	45.965541	-10.479411	3.138374	2697	617	94.252	94.252	94.252
180	7	0	45.465544	-10.477801	3.138374	2687	617	94.752	94.752	94.752
181	7	0	44.965546	-10.476192	3.138374	2677	617	95.252	95.252	95.252
182	7	0	44.465549	-10.474582	3.138374	2667	617	95.752	95.752	95.752
183	7	0	43.965552	-10.472973	3.138374	2657	617	96.252	96.252	96.252
184	7	0	43.465554	-10.471363	3.138374	2647	617	96.752	96.752	96.752
185	7	0	42.965557	-10.469754	3.138374	2637	617	97.252	97.252	97.252
186	7	0	42.465559	-10.468145	3.138374	2627	617	97.752	97.752	97.752
187	7	0	41.965562	-10.466535	3.138374	2617	617	98.252	98.252	98.252
188	7	0	41.465565	-10.464926	3.138374	2607	617	98.752	98.752	98.752
189	7	0	40.965567	-10.463316	3.138374	2597	617	99.252	99.252	99.252
190	7	0	40.465570	-10.461707	3.138374	2587	617	99.752	99.752	99.752
191	7	0	39.965572	-10.460097	3.138374	2577	617	100.252	100.252	100.252
192	7	0	39.465575	-10.458488	3.138374	2567	617	100.752	100.752	100.752
193	7	0	38.965577	-10.456878	3.138374	2557	617	101.252	101.252	101.252
194	7	0	38.465580	-10.455269	3.138374	2547	617	101.752	101.752	101.752
195	7	0	37.965583	-10.453660	3.138374	2537	617	102.252	102.252	102.252
196	7	0	37.465585	-10.452050	3.138374	2527	617	102.752	102.752	102.752
197	7	0	36.965588	-10.450441	3.138374	2517	617	103.252	103.252	103.252
198	7	0	36.465590	-10.448831	3.138374	2507	617	103.752	103.752	103.752
199	7	0	35.965593	-10.447222	3.138374	2497	617	104.252	104.252	104.252
200	7	0	35.465596	-10.445612	3.138374	2487	617	104.752	104.752	104.752
201	7	0	34.965598	-10.444003	3.138374	2477	616	105.252	105.252	105.252
202	7	0	34.465601	-10.442394	3.138374	2467	616	105.752	105.752	105.752
203	7	0	33.965603	-10.440784	3.138374	2457	616	106.252	106.252	106.252
204	7	0	33.465606	-10.439175	3.138374	2447	616	106.752	106.752	106.752
205	7	0	32.965609	-10.437565	3.138374	2437	616	107.252	107.252	107.252
206	7	0	32.465611	-10.435956	3.138374	2427	616	107.752	107.752	107.752
207	7	0	31.965614	-10.434346	3.138374	2417	616	108.252	108.252	108.252
208	7	0	31.465616	-10.432737	3.138374	2407	616	108.752	108.752	108.752
209	7	0	30.965619	-10.431128	3.138374	2397	616	109.252	109.252	109.252
210	7	0	30.465622	-10.429518	3.138374	2387	616	109.752	109.752	109.752
211	7	0	29.965624	-10.427909	3.138374	2377	616	110.252	110.252	110.252
212	7	0	29.465627	-10.426299	3.138374	2367	616	110.752	110.752	110.752
213	7	0	28.965629	-10.424690	3.138374	2357	616	111.252	111.252	111.252
214	7	0	28.465632	-10.423080	3.138374	2347	616	111.752	111.752	111.752
215	7	0	27.965634	-10.421471	3.138374	2337	616	112.252	112.252	112.252
216	7	0	27.465637	-10.419862	3.138374	2327	616	112.752	112.752	112.752
217	7	0	26.965640	-10.418252	3.138374	2317	616	113.252	113.252	113.252
218	7	0	26.465642	-10.416643	3.138374	2307	616	113.752	113.752	113.752
219	7	0	25.965645	-10.415033	3.138374	2297	616	114.252	114.252	114.252
220	7	0	25.465647	-10.413424	3.138374	2287	616	114.752	114.752	114.752
221	7	0	24.965650	-10.411814	3.138374	2277	616	115.252	115.252	115.252
222	7	0	24.465653	-10.410205	3.138374	2267	616	115.752	115.752	115.752
223	7	0	23.965655	-10.408595	3.138374	2257	616	116.252	116.252	116.252
224	7	0	23.465658	-10.406986	3.138374	2247	616	116.752	116.752	116.752
225	7	0	22.965660	-10.405377	3.138374	2237	616	117.252	117.252	117.252
226	7	0	22.465663	-10.403767	3.138374	2227	616	117.752	117.752	117.752
227	7	0	21.965666	-10.402158	3.138374	2217	616	118.252	118.252	118.252
228	7	0	21.465668	-10.400548	3.138374	2207	616	118.752	118.752	118.752
229	7	0	20.965671	-10.398939	3.138374	2197	616	119.252	119.252	119.252
230	7	0	20.465673	-10.397329	3.138374	2187	616	119.752	119.752	119.752
231	7	0	19.965676	-10.395720	3.138374	2177	616	120.252	120.252	120.252
232	7	0	19.465679	-10.394111	3.138374	2167	615	120.752	120.752	120.752
233	7	0	18.965681	-10.392501	3.138374	2157	615	121.252	121.252	121.252
234	7	0	18.465684	-10.390892	3.138374	2147	615	121.752	121.752	121.752
235	7	0	17.965686	-10.389282	3.138374	2137	615	122.252	122.252	122.252
236	7	0	17.465689	-10.387673	3.138374	2127	615	122.752	122.752	122.752
237	7	0	16.965691	-10.386063	3.138374	2117	615	123.252	123.252	123.252
238	7	0	16.465694	-10.384454	3.138374	2107	615	123.752	123.752	123.752
239	7	0	15.965697	-10.382845	3.138374	2097	615	124.252	124.252	124.252
240	7	0	15.465699	-10.381235	3.138374	2087	615	124.752	124.752	124.752
241	7	0	14.965702	-10.379626	3.138374	2077	615	125.252	125.252	125.252
242	7	0	14.465704	-10.378016	3.138374	2067	615	125.752	125.752	125.752
243	7	0	13.965707	-10.376407	3.138374	2057	615	126.252	126.252	126.252
244	7	0	13.465710	-10.374797	3.138374	2047	615	126.752	126.752	126.752
245	7	0	12.965712	-10.373188	3.138374	2037	615	127.252	127.252	127.252
246	7	0	12.465715	-10.371578	3.138374	2027	615	127.752	127.752	127.752
247	7	0	11.965717	-10.369969	3.138374	2017	615	128.252	128.252	128.252
248	7	0	11.092576	-10.331045	-3.141286	1999	614	129.126	129.126	129.126
249	7	0	10.185740	-10.370514	-3.139306	1981	615	130.034	130.034	130.034
250	7	0	9.685744	-10.372430	-3.137761	1971	615	130.534	130.534	130.534
251	7	0	9.185747	-10.374346	-3.137761	1961	615	131.034	131.034	131.034
252	7	0	8.685751	-10.376261	-3.137761	1951	615	131.534	131.534	131.534
253	7	0	8.185755	-10.378177	-3.137761	1941	615	132.034	132.034	132.034
254	7	0	7.685758	-10.380093	-3.137761	1931	615	132.534	132.534	132.534
255	7	0	7.185762	-10.382008	-3.137761	1921	615	133.034	133.034	133.034
256	7	0	6.685766	-10.383924	-3.137761	1911	615	133.534	133.534	133.534
257	7	0	6.185769	-10.385840	-3.137761	1901	615	134.034	134.034	134.034
258	7	0	5.685773	-10.387755	-3.137761	1891	615	134.534	134.534	134.534
259	7	0	5.185777	-10.389671	-3.137761	1881	615	135.034	135.034	135.034
260	7	0	4.685780	-10.391587	-3.137761	1871	615	135.534	135.534	135.534
261	7	0	4.185784	-10.393503	-3.137761	1861	615	136.034	136.034	136.034
262	7	0	3.685788	-10.395418	-3.137761	1851	616	136.534	136.534	136.534
263	7	0	3.185791	-10.397334	-3.137761	1841	616	137.034	137.034	137.034
264	7	0	2.685795	-10.399250	-3.137761	1831	616	137.534	137.534	137.534
265	7	0	2.185799	-10.401165	-3.137761	1821	616	138.034	138.034	138.034
266	7	0	1.685802	-10.403081	-3.137761	1811	616	138.534	138.534	138.534
267	7	0	1.185806	-10.404997	-3.137761	1801	616	139.034	139.034	139.034
268	7	0	0.685810	-10.406912	-3.137761	1791	616	139.534	139.534	139.534
269	7	0	0.185813	-10.408828	-3.137761	1781	616	140.034	140.034	140.034
270	7	0	-0.314183	-10.410744	-3.137761	1771	616	140.534	140.534	140.534
271	7	0	-0.814179	-10.412659	-3.137761	1761	616	141.034	141.034	141.034
272	7	0	-1.314176	-10.414575	-3.137761	1751	616	141.534	141.534	141.534
273	7	0	-1.814172	-10.416491	-3.137761	1741	616	142.034	142.034	142.034
274	7	0	-2.314168	-10.418407	-3.137761	1731	616	142.534	142.534	142.534
275	7	0	-2.814165	-10.420322	-3.137761	1721	616	143.034	143.034	143.034
276	7	0	-3.314161	-10.422238	-3.137761	1711	616	143.534	143.534	143.534
277	7	0	-3.814157	-10.424154	-2.767485	1701	616	144.034	144.034	144.034
278	7	0	-4.505478	-10.889945	-2.196915	1687	625	144.867	144.867	144.867
279	7	0	-4.512569	-11.389895	-1.584980	1687	635	145.367	145.367	145.367
280	7	0	-4.519661	-11.889845	-1.584980	1687	645	145.867	145.867	145.867
281	7	0	-4.526752	-12.389794	-1.584980	1687	655	146.367	146.367	146.367
282	7	0	-4.533844	-12.889744	-1.584980	1687	665	146.867	146.867	146.867
283	7	0	-4.540935	-13.389694	-1.584980	1686	675	147.367	147.367	147.367
284	7	0	-4.548027	-13.889643	-1.584980	1686	685	147.867	147.867	147.867
285	7	0	-4.555118	-14.389593	-1.584980	1686	695	148.367	148.367	148.367
286	7	0	-4.562210	-14.889543	-1.584980	1686	705	148.867	148.867	148.867
287	7	0	-4.569301	-15.389493	-1.584980	1686	715	149.367	149.367	149.367
288	7	0	-4.576393	-15.889442	-1.584980	1686	725	149.867	149.867	149.867
289	7	0	-4.583484	-16.389392	-1.584980	1686	735	150.367	150.367	150.367
290	7	0	-4.590576	-16.889342	-1.584980	1685	745	150.867	150.867	150.867
291	7	0	-4.597667	-17.389291	-1.584980	1685	755	151.367	151.367	151.367
292	7	0	-4.604759	-17.889241	-1.584980	1685	765	151.867	151.867	151.867
293	7	0	-4.611850	-18.389191	-1.584980	1685	775	152.367	152.367	152.367
294	7	0	-4.618941	-18.889140	-1.584980	1685	785	152.867	152.867	152.867
295	7	0	-4.626033	-19.389090	-1.584980	1685	795	153.367	153.367	153.367
296	7	0	-4.633124	-19.889040	-1.584980	1685	805	153.867	153.867	153.867
297	7	0	-4.640216	-20.388990	-1.584980	1684	815	154.367	154.367	154.367
298	7	0	-4.647307	-20.888939	-1.584980	1684	825	154.867	154.867	154.867
299	7	0	-4.654399	-21.388889	-1.584980	1684	835	155.367	155.367	155.367
300	7	0	-4.661490	-21.888839	-1.584980	1684	845	155.867	155.867	155.867
301	7	0	-4.668582	-22.388788	-1.584980	1684	855	156.367	156.367	156.367
302	7	0	-4.675673	-22.888738	-1.584980	1684	865	156.867	156.867	156.867
303	7	0	-4.682765	-23.388688	-1.584980	1684	875	157.367	157.367	157.367
304	7	0	-4.689856	-23.888638	-1.584980	1683	885	157.867	157.867	157.867
305	7	0	-4.696948	-24.388587	-1.584980	1683	895	158.367	158.367	158.367
306	7	0	-4.704039	-24.888537	-1.584980	1683	905	158.867	158.867	158.867
307	7	0	-4.711131	-25.388487	-1.584980	1683	915	159.367	159.367	159.367
308	7	0	-4.718222	-25.888436	-1.584980	1683	925	159.867	159.867	159.867
309	7	0	-4.725314	-26.388386	-1.584980	1683	935	160.367	160.367	160.367
310	7	0	-4.732405	-26.888336	-1.584980	1683	945	160.867	160.867	160.867
311	7	0	-4.739497	-27.388286	-1.584980	1682	955	161.367	161.367	161.367
312	7	0	-4.746588	-27.888235	-1.584980	1682	965	161.867	161.867	161.867
313	7	0	-4.753680	-28.388185	-1.584980	1682	975	162.367	162.367	162.367
314	7	0	-4.760771	-28.888135	-1.584980	1682	985	162.867	162.867	162.867
315	7	0	-4.767863	-29.388084	-1.584980	1682	995	163.367	163.367	163.367
316	7	0	-4.774954	-29.888034	-1.584980	1682	1005	163.867	163.867	163.867
317	7	0	-4.782046	-30.387984	-1.584980	1682	1015	164.367	164.367	164.367
318	7	0	-4.789137	-30.887933	-1.584980	1681	1025	164.867	164.867	164.867
319	7	0	-4.796229	-31.387883	-1.584980	1681	1035	165.367	165.367	165.367
320	7	0	-4.803320	-31.887833	-1.584980	1681	1045	165.867	165.867	165.867
321	7	0	-4.810412	-32.387783	-1.584980	1681	1055	166.367	166.367	166.367
322	7	0	-4.817503	-32.887732	-1.584980	1681	1065	166.867	166.867	166.867
323	7	0	-4.824595	-33.387682	-1.584980	1681	1075	167.367	167.367	167.367
324	7	0	-4.831686	-33.887632	-1.584980	1681	1085	167.867	167.867	167.867
325	7	0	-4.838778	-34.387581	-1.584980	1680	1095	168.367	168.367	168.367
326	7	0	-4.845869	-34.887531	-1.560653	1680	1105	168.867	168.867	168.867
327	7	0	-4.841755	-35.973716	-1.546593	1680	1127	169.954	169.954	169.954
328	7	0	-4.742432	-36.965969	-1.381577	1682	1147	170.951	170.951	170.951
329	7	0	-4.511286	-37.735808	-1.288312	1687	1162	171.755	171.755	171.755
330	7	0	-4.342672	-38.206520	-1.226827	1690	1172	172.255	172.255	172.255
331	7	0	-4.174059	-38.677232	-1.226827	1694	1181	172.755	172.755	172.755
332	7	0	-4.005446	-39.147944	-1.226827	1697	1191	173.255	173.255	173.255
333	7	0	-3.836833	-39.618656	-1.226827	1701	1200	173.755	173.755	173.755
334	7	0	-3.668220	-40.089367	-1.226827	1704	1209	174.255	174.255	174.255
335	7	0	-3.448723	-40.763612	-1.171261	1708	1223	174.964	174.964	174.964
336	7	0	-3.020887	-41.622441	-1.137901	1717	1240	175.923	175.923	175.923
337	7	0	-2.801110	-42.071549	-1.115696	1721	1249	176.423	176.423	176.423
338	7	0	-2.581334	-42.520658	-1.115696	1726	1258	176.923	176.923	176.923
339	7	0	-2.361558	-42.969766	-1.115696	1730	1267	177.423	177.423	177.423
340	7	0	-2.141781	-43.418874	-1.128083	1734	1276	177.923	177.923	177.923
341	7	0	-1.735678	-44.289909	-1.136561	1743	1293	178.884	178.884	178.884
342	7	0	-1.527094	-44.744323	-1.140470	1747	1302	179.384	179.384	179.384
343	7	0	-1.318510	-45.198738	-1.140470	1751	1312	179.884	179.884	179.884
344	7	0	-1.109927	-45.653153	-1.140470	1755	1321	180.384	180.384	180.384
345	7	0	-0.901343	-46.107568	-1.140470	1759	1330	180.884	180.884	180.884
346	7	0	-0.692759	-46.561983	-1.140470	1763	1339	181.384	181.384	181.384
347	7	0	-0.484175	-47.016397	-1.073975	1768	1348	181.884	181.884	181.884
348	7	0	-0.047876	-47.707163	-1.026415	1776	1362	182.701	182.701	182.701
349	7	0	0.239643	-48.212000	-1.007480	1782	1372	183.282	183.282	183.282
350	7	0	0.650300	-48.819450	-1.007480	1790	1384	184.015	184.015	184.015
351	7	0	1.040434	-49.385855	-0.900376	1798	1395	184.703	184.703	184.703
352	7	0	1.616228	-49.904888	-0.842767	1810	1406	185.478	185.478	185.478
353	7	0	2.009039	-50.443441	-0.793272	1817	1416	186.145	186.145	186.145
354	7	0	2.359798	-50.799767	-0.793272	1824	1424	186.645	186.645	186.645
355	7	0	2.710556	-51.156093	-0.793272	1831	1431	187.145	187.145	187.145
356	7	0	3.061315	-51.512419	-0.793272	1838	1438	187.645	187.645	187.645
357	7	0	3.412073	-51.868746	-0.793272	1845	1445	188.145	188.145	188.145
358	7	0	3.762832	-52.225072	-0.793272	1853	1452	188.645	188.645	188.645
359	7	0	4.113591	-52.581398	-0.793272	1860	1459	189.145	189.145	189.145
360	7	0	4.464349	-52.937724	-0.662023	1867	1466	189.645	189.645	189.645
361	7	0	5.237775	-53.476487	-0.582320	1882	1477	190.588	190.588	190.588
362	7	0	5.837192	-53.841727	-0.530773	1894	1484	191.289	191.289	191.289
363	7	0	6.268400	-54.094827	-0.530773	1903	1490	191.789	191.789	191.789
364	7	0	6.699608	-54.347927	-0.530773	1911	1495	192.289	192.289	192.289
365	7	0	7.130816	-54.601028	-0.432179	1920	1500	192.789	192.789	192.789
366	7	0	7.803290	-54.872015	-0.370190	1933	1505	193.514	193.514	193.514
367	7	0	8.612146	-55.175905	-0.333584	1949	1511	194.379	194.379	194.379
368	7	0	9.084583	-55.339621	-0.333584	1959	1514	194.879	194.879	194.879
369	7	0	9.557020	-55.503337	-0.333584	1968	1518	195.379	195.379	195.379
370	7	0	10.029458	-55.667053	-0.333584	1978	1521	195.879	195.879	195.879
371	7	0	10.501895	-55.830769	-0.333584	1987	1524	196.379	196.379	196.379
372	7	0	10.974333	-55.994485	-0.333584	1997	1528	196.879	196.879	196.879
373	7	0	11.446770	-56.158201	-0.333584	2006	1531	197.379	197.379	197.379
374	7	0	11.919207	-56.321917	-0.333584	2016	1534	197.879	197.879	197.879
375	7	0	12.391645	-56.485633	-0.333584	2025	1537	198.379	198.379	198.379
376	7	0	13.032291	-56.663366	-0.184642	2038	1541	199.043	199.043	199.043
377	7	0	14.024071	-56.877078	-0.106824	2058	1545	200.058	200.058	200.058
378	7	0	14.762048	-56.852871	-0.035699	2072	1545	200.796	200.796	200.796
379	7	0	15.261730	-56.870717	-0.035699	2082	1545	201.296	201.296	201.296
380	7	0	15.761411	-56.888563	-0.035699	2092	1545	201.796	201.796	201.796
381	7	0	16.807773	-56.766234	0.261450	2113	1543	202.850	202.850	202.850
382	7	0	17.274298	-56.483753	0.280617	2123	1537	203.395	203.395	203.395
383	7	0	18.302431	-56.318049	0.113859	2143	1534	204.437	204.437	204.437
384	7	0	18.802350	-56.309015	0.018070	2153	1534	204.937	204.937	204.937
385	7	0	19.302268	-56.299980	0.018070	2163	1534	205.437	205.437	205.437
386	7	0	19.802186	-56.290945	0.018070	2173	1533	205.937	205.937	205.937
387	7	0	20.302105	-56.281911	0.018070	2183	1533	206.437	206.437	206.437
388	7	0	20.802023	-56.272876	0.018070	2193	1533	206.937	206.937	206.937
389	7	0	21.301941	-56.263841	0.018070	2203	1533	207.437	207.437	207.437
390	7	0	21.801860	-56.254807	0.018070	2213	1533	207.937	207.937	207.937
391	7	0	22.301778	-56.245772	0.018070	2223	1533	208.437	208.437	208.437
392	7	0	22.801697	-56.236737	0.018070	2233	1532	208.937	208.937	208.937
393	7	0	23.301615	-56.227703	0.018070	2243	1532	209.437	209.437	209.437
394	7	0	23.801533	-56.218668	0.018070	2253	1532	209.937	209.937	209.937
395	7	0	24.301452	-56.209633	0.018070	2263	1532	210.437	210.437	210.437
396	7	0	24.801370	-56.200599	0.018070	2273	1532	210.937	210.937	210.937
397	7	0	25.301288	-56.191564	0.018070	2283	1531	211.437	211.437	211.437
398	7	0	25.801207	-56.182529	0.018070	2293	1531	211.937	211.937	211.937
399	7	0	26.301125	-56.173495	0.018070	2303	1531	212.437	212.437	212.437
400	7	0	27.348998	-56.151717	0.098962	2324	1531	213.485	213.485	213.485
401	7	0	28.157377	-55.989194	0.292910	2340	1527	214.309	214.309	214.309
402	7	0	28.798762	-55.593129	0.513184	2353	1519	215.063	215.063	215.063
403	7	0	29.656792	-55.144204	0.602287	2370	1510	216.031	216.031	216.031
404	7	0	30.068813	-54.860940	0.602287	2379	1505	216.531	216.531	216.531
405	7	0	30.480834	-54.577676	0.602287	2387	1499	217.031	217.031	217.031
406	7	0	30.892855	-54.294411	0.602287	2395	1494	217.531	217.531	217.531
407	7	0	31.304876	-54.011147	0.602287	2403	1488	218.031	218.031	218.031
408	7	0	31.716897	-53.727882	0.602287	2412	1482	218.531	218.531	218.531
409	7	0	32.128918	-53.444618	0.698697	2420	1477	219.031	219.031	219.031
410	7	0	32.744412	-52.864704	0.770305	2432	1465	219.877	219.877	219.877
411	7	0	33.094516	-52.507735	0.795107	2439	1458	220.377	220.377	220.377
412	7	0	33.444621	-52.150766	0.795107	2446	1451	220.877	220.877	220.877
413	7	0	33.794725	-51.793797	0.795107	2453	1443	221.377	221.377	221.377
414	7	0	34.144829	-51.436828	0.795107	2460	1436	221.877	221.877	221.877
415	7	0	34.494934	-51.079859	0.795107	2467	1429	222.377	222.377	222.377
416	7	0	34.845038	-50.722890	0.795107	2474	1422	222.877	222.877	222.877
417	7	0	35.195142	-50.365921	0.788848	2481	1415	223.377	223.377	223.377
418	7	0	35.677536	-49.884628	0.783550	2491	1405	224.058	224.058	224.058
419	7	0	36.032081	-49.532069	0.782589	2498	1398	224.558	224.558	224.558
420	7	0	36.386626	-49.179510	0.782589	2505	1391	225.058	225.058	225.058
421	7	0	36.741171	-48.826952	0.782589	2512	1384	225.558	225.558	225.558
422	7	0	37.095716	-48.474393	0.782589	2519	1377	226.058	226.058	226.058
423	7	0	37.450262	-48.121834	0.782589	2526	1370	226.558	226.558	226.558
424	7	0	37.804807	-47.769275	0.782589	2533	1363	227.058	227.058	227.058
425	7	0	38.159352	-47.416716	0.782589	2540	1356	227.558	227.558	227.558
426	7	0	38.513897	-47.064157	0.782589	2548	1349	228.058	228.058	228.058
427	7	0	38.868442	-46.711598	0.782589	2555	1342	228.558	228.558	228.558
428	7	0	39.222987	-46.359039	0.782589	2562	1335	229.058	229.058	229.058
429	7	0	39.577532	-46.006481	0.782589	2569	1328	229.558	229.558	229.558
430	7	0	39.932077	-45.653922	0.782589	2576	1321	230.058	230.058	230.058
431	7	0	40.286622	-45.301363	0.782589	2583	1314	230.558	230.558	230.558
432	7	0	40.641168	-44.948804	0.782589	2590	1307	231.058	231.058	231.058
433	7	0	40.995713	-44.596245	0.782589	2597	1300	231.558	231.558	231.558
434	7	0	41.350258	-44.243686	0.782589	2604	1292	232.058	232.058	232.058
435	7	0	41.704803	-43.891127	0.782589	2611	1285	232.558	232.558	232.558
436	7	0	42.059348	-43.538568	0.782589	2618	1278	233.058	233.058	233.058
437	7	0	42.413893	-43.186010	0.782589	2626	1271	233.558	233.558	233.558
438	7	0	42.768438	-42.833451	0.782589	2633	1264	234.058	234.058	234.058
439	7	0	43.122983	-42.480892	0.782589	2640	1257	234.558	234.558	234.558
440	7	0	43.477529	-42.128333	0.782589	2647	1250	235.058	235.058	235.058
441	7	0	43.832074	-41.775774	0.782589	2654	1243	235.558	235.558	235.558
442	7	0	44.186619	-41.423215	0.782589	2661	1236	236.058	236.058	236.058
443	7	0	44.541164	-41.070656	0.782589	2668	1229	236.558	236.558	236.558
444	7	0	44.895709	-40.718098	0.782589	2675	1222	237.058	237.058	237.058
445	7	0	45.250254	-40.365539	0.782589	2682	1215	237.558	237.558	237.558
446	7	0	45.604799	-40.012980	0.782589	2689	1208	238.058	238.058	238.058
447	7	0	45.959344	-39.660421	0.782589	2696	1201	238.558	238.558	238.558
448	7	0	46.313890	-39.307862	0.782589	2704	1194	239.058	239.058	239.058
449	7	0	46.668435	-38.955303	0.782589	2711	1187	239.558	239.558	239.558
450	7	0	47.022980	-38.602744	0.782589	2718	1180	240.058	240.058	240.058
451	7	0	47.377525	-38.250185	0.782589	2725	1173	240.558	240.558	240.558
452	7	0	47.732070	-37.897627	0.782589	2732	1166	241.058	241.058	241.058
453	7	0	48.086615	-37.545068	0.782589	2739	1159	241.558	241.558	241.558
454	7	0	48.441160	-37.192509	0.782589	2746	1151	242.058	242.058	242.058
455	7	0	48.795705	-36.839950	0.782589	2753	1144	242.558	242.558	242.558
456	7	0	49.150250	-36.487391	0.782589	2760	1137	243.058	243.058	243.058
457	7	0	49.504796	-36.134832	0.782589	2767	1130	243.558	243.558	243.558
458	7	0	49.859341	-35.782273	0.782589	2774	1123	244.058	244.058	244.058
459	7	0	50.213886	-35.429714	0.782589	2782	1116	244.558	244.558	244.558
460	7	0	50.568431	-35.077156	0.782589	2789	1109	245.058	245.058	245.058
461	7	0	50.922976	-34.724597	0.782589	2796	1102	245.558	245.558	245.558
462	7	0	51.277521	-34.372038	0.782589	2803	1095	246.058	246.058	246.058
463	7	0	51.632066	-34.019479	0.782589	2810	1088	246.558	246.558	246.558
464	7	0	51.986611	-33.666920	0.782589	2817	1081	247.058	247.058	247.058
465	7	0	52.341157	-33.314361	0.782589	2824	1074	247.558	247.558	247.558
466	7	0	52.695702	-32.961802	0.782589	2831	1067	248.058	248.058	248.058
467	7	0	53.050247	-32.609243	0.782589	2838	1060	248.558	248.558	248.558
468	7	0	53.404792	-32.256685	0.782589	2845	1053	249.058	249.058	249.058
469	7	0	53.759337	-31.904126	0.782589	2852	1046	249.558	249.558	249.558
470	7	0	54.113882	-31.551567	0.782589	2860	1039	250.058	250.058	250.058
471	7	0	54.468427	-31.199008	0.782589	2867	1032	250.558	250.558	250.558
472	7	0	54.822972	-30.846449	0.782589	2874	1025	251.058	251.058	251.058
473	7	0	55.177517	-30.493890	0.782589	2881	1017	251.558	251.558	251.558
474	7	0	55.697723	-29.975671	0.782589	2891	1007	252.293	252.293	252.293
475	7	0	56.217929	-29.431965	0.795543	2902	996	253.045	253.045	253.045
476	7	0	56.776600	-28.871283	0.802827	2913	985	253.837	253.837	253.837
477	7	0	57.121894	-28.509659	0.808496	2920	978	254.337	254.337	254.337
478	7	0	57.467187	-28.148034	0.808496	2927	971	254.837	254.837	254.837
479	7	0	57.812480	-27.786409	0.808496	2934	963	255.337	255.337	255.337
480	7	0	58.157774	-27.424784	0.808496	2940	956	255.837	255.837	255.837
481	7	0	58.503067	-27.063159	0.808496	2947	949	256.337	256.337	256.337
482	7	0	58.848360	-26.701535	0.808496	2954	942	256.837	256.837	256.837
483	7	0	59.193654	-26.339910	0.808496	2961	934	257.337	257.337	257.337
484	7	0	59.538947	-25.978285	0.808496	2968	927	257.837	257.837	257.837
485	7	0	59.884240	-25.616660	0.808496	2975	920	258.337	258.337	258.337
486	7	0	60.229534	-25.255035	0.808496	2982	913	258.837	258.837	258.837
487	7	0	60.574827	-24.893411	0.808496	2989	905	259.337	259.337	259.337
488	7	0	60.920120	-24.531786	0.808496	2996	898	259.837	259.837	259.837
489	7	0	61.265414	-24.170161	0.808496	3003	891	260.337	260.337	260.337
490	7	0	61.610707	-23.808536	0.808496	3009	884	260.837	260.837	260.837
491	7	0	61.956001	-23.446911	0.808496	3016	877	261.337	261.337	261.337
492	7	0	62.301294	-23.085287	0.808496	3023	869	261.837	261.837	261.837
493	7	0	62.646587	-22.723662	0.808496	3030	862	262.337	262.337	262.337
494	7	0	62.991881	-22.362037	0.808496	3037	855	262.837	262.837	262.837
495	7	0	63.337174	-22.000412	0.808496	3044	848	263.337	263.337	263.337
496	7	0	63.682467	-21.638787	0.808496	3051	840	263.837	263.837	263.837
497	7	0	64.027761	-21.277163	0.808496	3058	833	264.337	264.337	264.337
498	7	0	64.373054	-20.915538	0.808496	3065	826	264.837	264.837	264.837
499	7	0	64.718347	-20.553913	0.900695	3072	819	265.337	265.337	265.337
500	7	0	65.188942	-19.885921	0.970665	3081	805	266.154	266.154	266.154
501	7	0	65.462076	-19.467115	1.281845	3086	797	266.654	266.654	266.654
502	7	0	65.528509	-18.423848	1.660012	3088	776	267.699	267.699	267.699
503	7	0	65.101195	-17.430806	1.971423	3079	756	268.780	268.780	268.780
504	7	0	64.545499	-16.781080	1.832435	3068	743	269.635	269.635	269.635
505	7	0	64.555640	-15.659887	1.666713	3068	721	270.757	270.757	270.757
506	7	0	64.628786	-14.638056	1.535143	3070	700	271.781	271.781	271.781
507	7	0	64.757946	-13.762037	1.516492	3072	683	272.666	272.666	272.666
508	7	0	64.932343	-12.954924	1.293886	3076	667	273.492	273.492	273.492
509	7	0	64.997138	-12.273449	1.143376	3077	653	274.177	274.177	274.177
510	7	0	65.331086	-11.690359	2.056383	3084	641	274.849	274.849	274.849
511	7	0	64.894051	-11.456338	2.968322	3075	637	275.344	275.344	275.344
512	7	0	63.792650	-11.417585	3.116037	3053	636	276.447	276.447	276.447
513	7	0	63.292655	-11.415404	3.137231	3043	636	276.947	276.947	276.947
514	7	0	62.792660	-11.413223	3.137231	3033	636	277.447	277.447	277.447
515	7	0	62.292665	-11.411042	3.137231	3023	636	277.947	277.947	277.947
516	7	0	61.792669	-11.408861	3.137231	3013	636	278.447	278.447	278.447
517	7	0	61.292674	-11.406680	3.137231	3003	636	278.947	278.947	278.947
518	7	0	60.792679	-11.404499	3.137231	2993	636	279.447	279.447	279.447
519	7	0	60.292684	-11.402318	3.137231	2983	636	279.947	279.947	279.947
520	7	0	59.792688	-11.400137	3.137231	2973	636	280.447	280.447	280.447
521	7	0	59.292693	-11.397956	3.137231	2963	636	280.947	280.947	280.947
522	7	0	58.792698	-11.395775	3.137231	2953	636	281.447	281.447	281.447
523	7	0	58.292703	-11.393594	3.137231	2943	635	281.947	281.947	281.947
524	7	0	57.792707	-11.391413	3.137231	2933	635	282.447	282.447	282.447
525	7	0	57.292712	-11.389232	3.137231	2923	635	282.947	282.947	282.947
526	7	0	56.792717	-11.387051	3.137231	2913	635	283.447	283.447	283.447
527	7	0	56.292722	-11.384870	3.137231	2903	635	283.947	283.947	283.947
528	7	0	55.792727	-11.382689	3.137231	2893	635	284.447	284.447	284.447
529	7	0	55.292731	-11.380508	3.137231	2883	635	284.947	284.947	284.947
530	7	0	54.792736	-11.378327	3.137231	2873	635	285.447	285.447	285.447
531	7	0	54.292741	-11.376146	3.137231	2863	635	285.947	285.947	285.947
532	7	0	53.792746	-11.373965	3.137231	2853	635	286.447	286.447	286.447
533	7	0	53.292750	-11.371784	3.137231	2843	635	286.947	286.947	286.947
534	7	0	52.792755	-11.369603	3.137231	2833	635	287.447	287.447	287.447
535	7	0	52.292760	-11.367422	3.137231	2823	635	287.947	287.947	287.947
536	7	0	51.792765	-11.365241	3.137231	2813	635	288.447	288.447	288.447
537	7	0	51.292769	-11.363060	3.137231	2803	635	288.947	288.947	288.947
538	7	0	50.792774	-11.360879	3.137231	2793	635	289.447	289.447	289.447
539	7	0	50.292779	-11.358698	3.137231	2783	635	289.947	289.947	289.947
540	7	0	49.792784	-11.356517	3.137231	2773	635	290.447	290.447	290.447
541	7	0	49.292788	-11.354336	3.137231	2763	635	290.947	290.947	290.947
542	7	0	48.792793	-11.352155	3.137231	2753	635	291.447	291.447	291.447
543	7	0	48.292798	-11.349974	3.137231	2743	635	291.947	291.947	291.947
544	7	0	47.792803	-11.347793	3.137231	2733	635	292.447	292.447	292.447
545	7	0	47.292807	-11.345612	3.137231	2723	635	292.947	292.947	292.947
546	7	0	46.792812	-11.343431	3.137231	2713	634	293.447	293.447	293.447
547	7	0	46.292817	-11.341250	3.137231	2703	634	293.947	293.947	293.947
548	7	0	45.792822	-11.339069	3.137231	2693	634	294.447	294.447	294.447
549	7	0	45.292826	-11.336888	3.137231	2683	634	294.947	294.947	294.947
550	7	0	44.792831	-11.334707	3.137231	2673	634	295.447	295.447	295.447
551	7	0	44.292836	-11.332526	3.137231	2663	634	295.947	295.947	295.947
552	7	0	43.792841	-11.330345	3.137231	2653	634	296.447	296.447	296.447
553	7	0	43.292845	-11.328164	3.137231	2643	634	296.947	296.947	296.947
554	7	0	42.792850	-11.325983	3.137231	2633	634	297.447	297.447	297.447
555	7	0	42.292855	-11.323802	3.137231	2623	634	297.947	297.947	297.947
556	7	0	41.792860	-11.321621	3.137231	2613	634	298.447	298.447	298.447
557	7	0	41.292864	-11.319440	3.137231	2603	634	298.947	298.947	298.947
558	7	0	40.792869	-11.317259	3.137231	2593	634	299.447	299.447	299.447
559	7	0	40.292874	-11.315078	3.137231	2583	634	299.947	299.947	299.947
560	7	0	39.792879	-11.312897	3.137231	2573	634	300.447	300.447	300.447
561	7	0	39.292883	-11.310716	3.137231	2563	634	300.947	300.947	300.947
562	7	0	38.792888	-11.308535	3.137231	2553	634	301.447	301.447	301.447
563	7	0	38.292893	-11.306354	3.137231	2543	634	301.947	301.947	301.947
564	7	0	37.792898	-11.304173	3.137231	2533	634	302.447	302.447	302.447
565	7	0	37.292903	-11.301992	3.137231	2523	634	302.947	302.947	302.947
566	7	0	36.792907	-11.299811	3.137231	2513	634	303.447	303.447	303.447
567	7	0	36.292912	-11.297630	3.137231	2503	634	303.947	303.947	303.947
568	7	0	35.792917	-11.295449	3.137231	2493	634	304.447	304.447	304.447
569	7	0	35.292922	-11.293268	3.137231	2483	633	304.947	304.947	304.947
570	7	0	34.792926	-11.291087	3.137231	2473	633	305.447	305.447	305.447
571	7	0	34.292931	-11.288906	3.137231	2463	633	305.947	305.947	305.947
572	7	0	33.792936	-11.286725	3.137231	2453	633	306.447	306.447	306.447
573	7	0	33.292941	-11.284544	3.137231	2443	633	306.947	306.947	306.947
574	7	0	32.792945	-11.282363	3.137231	2433	633	307.447	307.447	307.447
575	7	0	32.292950	-11.280182	3.137231	2423	633	307.947	307.947	307.947
576	7	0	31.792955	-11.278001	3.137231	2413	633	308.447	308.447	308.447
577	7	0	31.292960	-11.275820	3.137231	2403	633	308.947	308.947	308.947
578	7	0	30.792964	-11.273639	3.137231	2393	633	309.447	309.447	309.447
579	7	0	30.292969	-11.271458	3.137231	2383	633	309.947	309.947	309.947
580	7	0	29.792974	-11.269277	3.137231	2373	633	310.447	310.447	310.447
581	7	0	29.292979	-11.267096	3.137231	2363	633	310.947	310.947	310.947
582	7	0	28.792983	-11.264915	3.137231	2353	633	311.447	311.447	311.447
583	7	0	28.292988	-11.262734	3.137231	2343	633	311.947	311.947	311.947
584	7	0	27.792993	-11.260553	3.137231	2333	633	312.447	312.447	312.447
585	7	0	27.292998	-11.258372	3.137231	2323	633	312.947	312.947	312.947
586	7	0	26.793002	-11.256191	3.137231	2313	633	313.447	313.447	313.447
587	7	0	26.293007	-11.254010	3.137231	2303	633	313.947	313.947	313.947
588	7	0	25.793012	-11.251829	3.137231	2293	633	314.447	314.447	314.447
589	7	0	25.293017	-11.249648	3.137231	2283	633	314.947	314.947	314.947
590	7	0	24.793021	-11.247467	3.137231	2273	633	315.447	315.447	315.447
591	7	0	24.293026	-11.245286	3.137231	2263	633	315.947	315.947	315.947
592	7	0	23.793031	-11.243105	3.137231	2253	632	316.447	316.447	316.447
593	7	0	23.293036	-11.240924	3.137231	2243	632	316.947	316.947	316.947
594	7	0	22.793040	-11.238743	3.137231	2233	632	317.447	317.447	317.447
595	7	0	22.293045	-11.236562	3.137231	2223	632	317.947	317.947	317.947
596	7	0	21.793050	-11.234381	3.137231	2213	632	318.447	318.447	318.447
597	7	0	21.293055	-11.232200	3.137231	2203	632	318.947	318.947	318.947
598	7	0	20.793059	-11.230019	3.137231	2193	632	319.447	319.447	319.447
599	7	0	20.293064	-11.227838	3.137231	2183	632	319.947	319.947	319.947
600	7	0	19.793069	-11.225657	3.137231	2173	632	320.447	320.447	320.447
601	7	0	19.293074	-11.223476	3.137231	2163	632	320.947	320.947	320.947
602	7	0	18.793079	-11.221295	3.137231	2153	632	321.447	321.447	321.447
603	7	0	18.293083	-11.219114	3.137231	2143	632	321.947	321.947	321.947
604	7	0	17.793088	-11.216933	3.137231	2133	632	322.447	322.447	322.447
605	7	0	17.293093	-11.214752	3.137231	2123	632	322.947	322.947	322.947
606	7	0	16.793098	-11.212571	3.137231	2113	632	323.447	323.447	323.447
607	7	0	16.293102	-11.210390	3.137231	2103	632	323.947	323.947	323.947
608	7	0	15.793107	-11.208209	3.137231	2093	632	324.447	324.447	324.447
609	7	0	15.293112	-11.206028	3.137231	2083	632	324.947	324.947	324.947
610	7	0	14.793117	-11.203847	3.137231	2073	632	325.447	325.447	325.447
611	7	0	14.293121	-11.201666	3.137231	2063	632	325.947	325.947	325.947
612	7	0	13.793126	-11.199485	3.137231	2053	632	326.447	326.447	326.447
613	7	0	13.293131	-11.197304	3.137231	2043	632	326.947	326.947	326.947
614	7	0	12.793136	-11.195123	3.137231	2033	632	327.447	327.447	327.447
615	7	0	12.293140	-11.192941	3.137231	2023	631	327.947	327.947	327.947
616	7	0	11.793145	-11.190760	3.137231	2013	631	328.447	328.447	328.447
617	7	0	10.920006	-11.207237	-3.137845	1996	632	329.320	329.320	329.320
618	7	0	10.007039	-11.197454	-3.133305	1977	632	330.233	330.233	330.233
619	7	0	9.507074	-11.203383	-3.129736	1967	632	330.733	330.733	330.733
620	7	0	9.007109	-11.209311	-3.129736	1957	632	331.233	331.233	331.233
621	7	0	8.507144	-11.215239	-3.129736	1947	632	331.733	331.733	331.733
622	7	0	8.007179	-11.221168	-3.129736	1937	632	332.233	332.233	332.233
623	7	0	7.507214	-11.227096	-3.129736	1927	632	332.733	332.733	332.733
624	7	0	7.007250	-11.233025	-3.129736	1917	632	333.233	333.233	333.233
625	7	0	6.507285	-11.238953	-3.129736	1907	632	333.733	333.733	333.733
626	7	0	6.007320	-11.244882	-3.129736	1897	633	334.233	334.233	334.233
627	7	0	5.507355	-11.250810	-3.129736	1887	633	334.733	334.733	334.733
628	7	0	5.007390	-11.256738	-3.129736	1877	633	335.233	335.233	335.233
629	7	0	4.507425	-11.262667	-3.129736	1867	633	335.733	335.733	335.733
630	7	0	4.007460	-11.268595	-3.129736	1857	633	336.233	336.233	336.233
631	7	0	3.507496	-11.274524	-3.129736	1847	633	336.733	336.733	336.733
632	7	0	3.007531	-11.280452	-3.129736	1837	633	337.233	337.233	337.233
633	7	0	2.507566	-11.286381	-3.129736	1827	633	337.733	337.733	337.733
634	7	0	2.007601	-11.292309	-3.129736	1817	633	338.233	338.233	338.233
635	7	0	1.507636	-11.298238	-3.129736	1807	634	338.733	338.733	338.733
636	7	0	1.007671	-11.304166	-3.129736	1797	634	339.233	339.233	339.233
637	7	0	0.507706	-11.310094	-3.129736	1787	634	339.733	339.733	339.733
638	7	0	0.007742	-11.316023	-3.129736	1777	634	340.233	340.233	340.233
639	7	0	-0.492223	-11.321951	-3.129736	1767	634	340.733	340.733	340.733
640	7	0	-0.992188	-11.327880	-3.129736	1757	634	341.233	341.233	341.233
641	7	0	-1.492153	-11.333808	-3.129736	1747	634	341.733	341.733	341.733
642	7	0	-1.992118	-11.339737	-3.129736	1737	634	342.233	342.233	342.233
643	7	0	-2.492083	-11.345665	-3.129736	1727	635	342.733	342.733	342.733
644	7	0	-2.992048	-11.351593	-3.129736	1717	635	343.233	343.233	343.233
645	7	0	-3.492012	-11.357522	-2.353691	1707	635	343.733	343.733	343.733
646	7	0	-3.864524	-11.967530	-1.864667	1700	647	344.448	344.448	344.448
647	7	0	-3.923920	-12.784691	-1.577646	1699	663	345.267	345.267	345.267
648	7	0	-3.927345	-13.284679	-1.577646	1699	673	345.767	345.767	345.767
649	7	0	-3.930769	-13.784668	-1.577646	1699	683	346.267	346.267	346.267
650	7	0	-3.934194	-14.284656	-1.577646	1699	693	346.767	346.767	346.767
651	7	0	-3.937619	-14.784644	-1.577646	1698	703	347.267	347.267	347.267
652	7	0	-3.941043	-15.284633	-1.577646	1698	713	347.767	347.767	347.767
653	7	0	-3.944468	-15.784621	-1.577646	1698	723	348.267	348.267	348.267
654	7	0	-3.947892	-16.284609	-1.577646	1698	733	348.767	348.767	348.767
655	7	0	-3.951317	-16.784597	-1.577646	1698	743	349.267	349.267	349.267
656	7	0	-3.954741	-17.284586	-1.577646	1698	753	349.767	349.767	349.767
657	7	0	-3.958166	-17.784574	-1.577646	1698	763	350.267	350.267	350.267
658	7	0	-3.961591	-18.284562	-1.577646	1698	773	350.767	350.767	350.767
659	7	0	-3.965015	-18.784550	-1.577646	1698	783	351.267	351.267	351.267
660	7	0	-3.968440	-19.284539	-1.577646	1698	793	351.767	351.767	351.767
661	7	0	-3.971864	-19.784527	-1.577646	1698	803	352.267	352.267	352.267
662	7	0	-3.975289	-20.284515	-1.577646	1698	813	352.767	352.767	352.767
663	7	0	-3.978713	-20.784503	-1.577646	1698	823	353.267	353.267	353.267
664	7	0	-3.982138	-21.284492	-1.577646	1698	833	353.767	353.767	353.767
665	7	0	-3.985563	-21.784480	-1.577646	1698	843	354.267	354.267	354.267
666	7	0	-3.988987	-22.284468	-1.577646	1697	853	354.767	354.767	354.767
667	7	0	-3.992412	-22.784457	-1.577646	1697	863	355.267	355.267	355.267
668	7	0	-3.995836	-23.284445	-1.577646	1697	873	355.767	355.767	355.767
669	7	0	-3.999261	-23.784433	-1.577646	1697	883	356.267	356.267	356.267
670	7	0	-4.002686	-24.284421	-1.577646	1697	893	356.767	356.767	356.767
671	7	0	-4.006110	-24.784410	-1.577646	1697	903	357.267	357.267	357.267
672	7	0	-4.009535	-25.284398	-1.577646	1697	913	357.767	357.767	357.767
673	7	0	-4.012959	-25.784386	-1.577646	1697	923	358.267	358.267	358.267
674	7	0	-4.016384	-26.284374	-1.577646	1697	933	358.767	358.767	358.767
675	7	0	-4.019808	-26.784363	-1.577646	1697	943	359.267	359.267	359.267
676	7	0	-4.023233	-27.284351	-1.577646	1697	953	359.767	359.767	359.767
677	7	0	-4.026658	-27.784339	-1.577646	1697	963	360.267	360.267	360.267
678	7	0	-4.030082	-28.284328	-1.577646	1697	973	360.767	360.767	360.767
679	7	0	-4.033507	-28.784316	-1.577646	1697	983	361.267	361.267	361.267
680	7	0	-4.036931	-29.284304	-1.577646	1697	993	361.767	361.767	361.767
681	7	0	-4.040356	-29.784292	-1.577646	1696	1003	362.267	362.267	362.267
682	7	0	-4.043780	-30.284281	-1.577646	1696	1013	362.767	362.767	362.767
683	7	0	-4.047205	-30.784269	-1.577646	1696	1023	363.267	363.267	363.267
684	7	0	-4.050630	-31.284257	-1.577646	1696	1033	363.767	363.767	363.767
685	7	0	-4.054054	-31.784245	-1.577646	1696	1043	364.267	364.267	364.267
686	7	0	-4.057479	-32.284234	-1.577646	1696	1053	364.767	364.767	364.767
687	7	0	-4.060903	-32.784222	-1.577646	1696	1063	365.267	365.267	365.267
688	7	0	-4.064328	-33.284210	-1.577646	1696	1073	365.767	365.767	365.767
689	7	0	-4.067753	-33.784199	-1.577646	1696	1083	366.267	366.267	366.267
690	7	0	-4.071177	-34.284187	-1.577646	1696	1093	366.767	366.767	366.767
691	7	0	-4.074602	-34.784175	-1.577646	1696	1103	367.267	367.267	367.267
692	7	0	-4.078026	-35.284163	-1.577646	1696	1113	367.767	367.767	367.767
693	7	0	-4.081451	-35.784152	-1.577646	1696	1123	368.267	368.267	368.267
694	7	0	-4.084875	-36.284140	-1.577646	1696	1133	368.767	368.767	368.767
695	7	0	-3.903594	-37.112495	-1.394836	1699	1150	369.615	369.615	369.615
696	7	0	-3.835208	-37.688347	-1.268055	1701	1161	370.195	370.195	370.195
697	7	0	-3.659646	-38.156512	-1.212026	1704	1171	370.695	370.695	370.695
698	7	0	-3.484085	-38.624676	-1.212026	1708	1180	371.195	371.195	371.195
699	7	0	-3.308523	-39.092841	-1.212026	1711	1189	371.695	371.695	371.695
700	7	0	-3.132961	-39.561005	-1.212026	1715	1199	372.195	372.195	372.195
701	7	0	-2.957399	-40.029170	-1.212026	1718	1208	372.695	372.695	372.695
702	7	0	-2.781838	-40.497335	-1.212026	1722	1218	373.195	373.195	373.195
703	7	0	-2.606276	-40.965499	-1.159587	1725	1227	373.695	373.695	373.695
704	7	0	-2.161213	-41.920558	-1.125842	1734	1246	374.748	374.748	374.748
705	7	0	-1.937607	-42.367771	-1.107149	1738	1255	375.248	375.248	375.248
706	7	0	-1.714000	-42.814985	-1.107149	1743	1264	375.748	375.748	375.748
707	7	0	-1.490393	-43.262199	-1.107149	1747	1273	376.248	376.248	376.248
708	7	0	-1.266786	-43.709412	-1.107149	1752	1282	376.748	376.748	376.748
709	7	0	-1.043179	-44.156626	-1.107149	1756	1291	377.248	377.248	377.248
710	7	0	-0.819573	-44.603839	-1.107149	1761	1300	377.748	377.748	377.748
711	7	0	-0.595966	-45.051053	-1.111086	1765	1309	378.248	378.248	378.248
712	7	0	-0.337427	-45.577697	-1.114709	1771	1319	378.835	378.835	378.835
713	7	0	-0.117349	-46.026657	-1.115023	1775	1328	379.335	379.335	379.335
714	7	0	0.102730	-46.475617	-1.115023	1779	1337	379.835	379.835	379.835
715	7	0	0.322809	-46.924578	-1.115023	1784	1346	380.335	380.335	380.335
716	7	0	0.542887	-47.373538	-1.115023	1788	1355	380.835	380.835	380.835
717	7	0	0.762966	-47.822498	-1.005539	1793	1364	381.335	381.335	381.335
718	7	0	1.293958	-48.604965	-0.935409	1803	1380	382.281	382.281	382.281
719	7	0	1.688397	-49.077491	-0.896055	1811	1389	382.896	382.896	382.896
720	7	0	2.000744	-49.467926	-0.896055	1817	1397	383.396	383.396	383.396
721	7	0	2.313092	-49.858360	-0.896055	1824	1405	383.896	383.896	383.896
722	7	0	2.625439	-50.248795	-0.896055	1830	1413	384.396	384.396	384.396
723	7	0	2.937787	-50.639229	-0.896055	1836	1420	384.896	384.896	384.896
724	7	0	3.250134	-51.029663	-0.782847	1842	1428	385.396	385.396	385.396
725	7	0	4.123688	-51.819095	-0.715420	1860	1444	386.574	386.574	386.574
726	7	0	4.515711	-52.129447	-0.669639	1868	1450	387.074	387.074	387.074
727	7	0	4.907734	-52.439798	-0.669639	1875	1456	387.574	387.574	387.574
728	7	0	5.299757	-52.750150	-0.669639	1883	1463	388.074	388.074	388.074
729	7	0	5.691780	-53.060501	-0.669639	1891	1469	388.574	388.574	388.574
730	7	0	6.083803	-53.370853	-0.570140	1899	1475	389.074	389.074	389.074
731	7	0	6.936433	-53.858530	-0.503055	1916	1485	390.056	390.056	390.056
732	7	0	7.382072	-54.085258	-0.470641	1925	1489	390.556	390.556	390.556
733	7	0	7.827711	-54.311987	-0.470641	1934	1494	391.056	391.056	391.056
734	7	0	8.273350	-54.538716	-0.470641	1943	1498	391.556	391.556	391.556
735	7	0	8.718989	-54.765444	-0.470641	1952	1503	392.056	392.056	392.056
736	7	0	9.164628	-54.992173	-0.470641	1961	1507	392.556	392.556	392.556
737	7	0	9.610267	-55.218901	-0.352192	1969	1512	393.056	393.056	393.056
738	7	0	10.100022	-55.335944	-0.234164	1979	1514	393.559	393.559	393.559
739	7	0	10.586425	-55.451754	-0.233743	1989	1517	394.059	394.059	394.059
740	7	0	11.072828	-55.567564	-0.233743	1999	1519	394.559	394.559	394.559
741	7	0	11.559231	-55.683375	-0.233743	2008	1521	395.059	395.059	395.059
742	7	0	12.045635	-55.799185	-0.233743	2018	1524	395.559	395.559	395.559
743	7	0	12.532038	-55.914995	-0.233743	2028	1526	396.059	396.059	396.059
744	7	0	13.018441	-56.030805	-0.233743	2038	1528	396.559	396.559	396.559
745	7	0	13.504844	-56.146616	-0.233743	2047	1531	397.059	397.059	397.059
746	7	0	13.991247	-56.262426	-0.233743	2057	1533	397.559	397.559	397.559
747	7	0	14.477650	-56.378236	-0.089871	2067	1535	398.059	398.059	398.059
748	7	0	15.083883	-56.360887	0.040084	2079	1535	398.666	398.666	398.666
749	7	0	15.583154	-56.333900	0.054002	2089	1534	399.166	399.166	399.166
750	7	0	16.082425	-56.306912	0.054002	2099	1534	399.666	399.666	399.666
751	7	0	16.581697	-56.279924	0.419700	2109	1533	400.166	400.166	400.166
752	7	0	17.538612	-55.838531	0.409646	2128	1524	401.220	401.220	401.220
753	7	0	18.221382	-55.655749	0.186570	2142	1521	401.927	401.927	401.927
754	7	0	19.323888	-55.485940	0.025892	2164	1517	403.042	403.042	403.042
755	7	0	20.269491	-55.492020	0.023209	2183	1517	403.988	403.988	403.988
756	7	0	20.769385	-55.481748	0.020545	2193	1517	404.488	404.488	404.488
757	7	0	21.269280	-55.471476	0.020545	2203	1517	404.988	404.988	404.988
758	7	0	21.769174	-55.461204	0.020545	2213	1517	405.488	405.488	405.488
759	7	0	22.269069	-55.450932	0.020545	2223	1517	405.988	405.988	405.988
760	7	0	22.768963	-55.440661	0.020545	2233	1516	406.488	406.488	406.488
761	7	0	23.268858	-55.430389	0.020545	2243	1516	406.988	406.988	406.988
762	7	0	23.768752	-55.420117	0.020545	2253	1516	407.488	407.488	407.488
763	7	0	24.268647	-55.409845	0.020545	2263	1516	407.988	407.988	407.988
764	7	0	24.768541	-55.399573	0.020545	2273	1516	408.488	408.488	408.488
765	7	0	25.268435	-55.389302	0.020545	2283	1515	408.988	408.988	408.988
766	7	0	25.768330	-55.379030	0.020545	2293	1515	409.488	409.488	409.488
767	7	0	26.268224	-55.368758	0.020545	2303	1515	409.988	409.988	409.988
768	7	0	26.768119	-55.358486	0.020545	2313	1515	410.488	410.488	410.488
769	7	0	27.268013	-55.348214	0.020545	2323	1515	410.988	410.988	410.988
770	7	0	27.767908	-55.337943	0.379367	2333	1514	411.488	411.488	411.488
771	7	0	28.461701	-55.052966	0.705559	2346	1509	412.238	412.238	412.238
772	7	0	28.831545	-54.716491	0.738189	2354	1502	412.738	412.738	412.738
773	7	0	29.201389	-54.380016	0.738189	2361	1495	413.238	413.238	413.238
774	7	0	29.571233	-54.043541	0.738189	2369	1488	413.738	413.738	413.738
775	7	0	30.106738	-53.732553	0.738189	2379	1482	414.357	414.357	414.357
776	7	0	30.349151	-53.396078	0.738189	2384	1476	414.772	414.772	414.772
777	7	0	30.680766	-53.034117	0.738189	2391	1468	415.263	415.263	415.263
778	7	0	31.050610	-52.697642	0.738189	2398	1462	415.763	415.763	415.763
779	7	0	31.420454	-52.361167	0.738189	2406	1455	416.263	416.263	416.263
780	7	0	31.790298	-52.024693	0.738189	2413	1448	416.763	416.763	416.763
781	7	0	32.160142	-51.688218	0.738189	2420	1441	417.263	417.263	417.263
782	7	0	32.529987	-51.351743	0.738189	2428	1435	417.763	417.763	417.763
783	7	0	32.899831	-51.015268	0.738189	2435	1428	418.263	418.263	418.263
784	7	0	33.269675	-50.678794	0.738189	2443	1421	418.763	418.763	418.763
785	7	0	33.639519	-50.342319	0.738189	2450	1414	419.263	419.263	419.263
786	7	0	34.009363	-50.005844	0.738189	2457	1408	419.763	419.763	419.763
787	7	0	34.379207	-49.669369	0.738189	2465	1401	420.263	420.263	420.263
788	7	0	34.749052	-49.332894	0.738189	2472	1394	420.763	420.763	420.763
789	7	0	35.118896	-48.996420	0.738189	2480	1388	421.263	421.263	421.263
790	7	0	35.794575	-48.315880	0.754651	2493	1374	422.222	422.222	422.222
791	7	0	36.295750	-47.725843	0.763102	2503	1362	422.996	422.996	422.996
792	7	0	36.667060	-47.224458	0.771113	2511	1352	423.620	423.620	423.620
793	7	0	37.025628	-46.875991	0.771113	2518	1345	424.120	424.120	424.120
794	7	0	37.384195	-46.527524	0.771113	2525	1338	424.620	424.620	424.620
795	7	0	37.742763	-46.179057	0.771113	2532	1331	425.120	425.120	425.120
796	7	0	38.101331	-45.830590	0.771113	2539	1324	425.620	425.620	425.620
797	7	0	38.459898	-45.482123	0.771113	2546	1317	426.120	426.120	426.120
798	7	0	38.818466	-45.133656	0.771113	2554	1310	426.620	426.620	426.620
799	7	0	39.177033	-44.785189	0.771113	2561	1303	427.120	427.120	427.120
800	7	0	39.535601	-44.436722	0.771113	2568	1296	427.620	427.620	427.620
801	7	0	39.894168	-44.088255	0.771113	2575	1289	428.120	428.120	428.120
802	7	0	40.252736	-43.739788	0.771113	2582	1282	428.620	428.620	428.620
803	7	0	40.611303	-43.391321	0.771113	2589	1275	429.120	429.120	429.120
804	7	0	40.969871	-43.042854	0.771113	2597	1268	429.620	429.620	429.620
805	7	0	41.328439	-42.694387	0.771113	2604	1262	430.120	430.120	430.120
806	7	0	41.687006	-42.345919	0.771113	2611	1255	430.620	430.620	430.620
807	7	0	42.045574	-41.997452	0.771113	2618	1248	431.120	431.120	431.120
808	7	0	42.404141	-41.648985	0.771113	2625	1241	431.620	431.620	431.620
809	7	0	42.762709	-41.300518	0.771113	2633	1234	432.120	432.120	432.120
810	7	0	43.121276	-40.952051	0.771113	2640	1227	432.620	432.620	432.620
811	7	0	43.479844	-40.603584	0.771113	2647	1220	433.120	433.120	433.120
812	7	0	43.838412	-40.255117	0.771113	2654	1213	433.620	433.620	433.620
813	7	0	44.196979	-39.906650	0.771113	2661	1206	434.120	434.120	434.120
814	7	0	44.555547	-39.558183	0.771113	2668	1199	434.620	434.620	434.620
815	7	0	44.914114	-39.209716	0.771113	2676	1192	435.120	435.120	435.120
816	7	0	45.272682	-38.861249	0.771113	2683	1185	435.620	435.620	435.620
817	7	0	45.631249	-38.512782	0.771113	2690	1178	436.120	436.120	436.120
818	7	0	45.989817	-38.164315	0.771113	2697	1171	436.620	436.620	436.620
819	7	0	46.348385	-37.815848	0.771113	2704	1164	437.120	437.120	437.120
820	7	0	46.706952	-37.467380	0.771113	2711	1157	437.620	437.620	437.620
821	7	0	47.065520	-37.118913	0.771113	2719	1150	438.120	438.120	438.120
822	7	0	47.640720	-36.592043	0.771113	2730	1139	438.900	438.900	438.900
823	7	0	48.126719	-36.116144	0.778256	2740	1130	439.580	439.580	439.580
824	7	0	48.730833	-35.482235	0.782148	2752	1117	440.456	440.456	440.456
825	7	0	49.084387	-35.128681	0.785398	2759	1110	440.956	440.956	440.956
826	7	0	49.437940	-34.775128	0.785398	2766	1103	441.456	441.456	441.456
827	7	0	49.791494	-34.421574	0.785398	2773	1096	441.956	441.956	441.956
828	7	0	50.145047	-34.068021	0.785398	2780	1089	442.456	442.456	442.456
829	7	0	50.498600	-33.714468	0.785398	2787	1082	442.956	442.956	442.956
830	7	0	50.852154	-33.360914	0.785398	2794	1075	443.456	443.456	443.456
831	7	0	51.205707	-33.007361	0.785398	2801	1068	443.956	443.956	443.956
832	7	0	51.559261	-32.653807	0.785398	2808	1061	444.456	444.456	444.456
833	7	0	51.912814	-32.300254	0.785398	2816	1054	444.956	444.956	444.956
834	7	0	52.266367	-31.946701	0.785398	2823	1047	445.456	445.456	445.456
835	7	0	52.619921	-31.593147	0.785398	2830	1039	445.956	445.956	445.956
836	7	0	52.973474	-31.239594	0.785398	2837	1032	446.456	446.456	446.456
837	7	0	53.327028	-30.886040	0.785398	2844	1025	446.956	446.956	446.956
838	7	0	53.680581	-30.532487	0.785398	2851	1018	447.456	447.456	447.456
839	7	0	54.034134	-30.178934	0.785398	2858	1011	447.956	447.956	447.956
840	7	0	54.387688	-29.825380	0.785398	2865	1004	448.456	448.456	448.456
841	7	0	54.741241	-29.471827	0.785398	2872	997	448.956	448.956	448.956
842	7	0	55.094795	-29.118274	0.785398	2879	990	449.456	449.456	449.456
843	7	0	55.448348	-28.764720	0.785398	2886	983	449.956	449.956	449.956
844	7	0	55.801901	-28.411167	0.785398	2893	976	450.456	450.456	450.456
845	7	0	56.155455	-28.057613	0.785398	2900	969	450.956	450.956	450.956
846	7	0	56.509008	-27.704060	0.785398	2907	962	451.456	451.456	451.456
847	7	0	56.862561	-27.350507	0.785398	2915	955	451.956	451.956	451.956
848	7	0	57.216115	-26.996953	0.785398	2922	948	452.456	452.456	452.456
849	7	0	57.569668	-26.643400	0.785398	2929	940	452.956	452.956	452.956
850	7	0	57.923222	-26.289846	0.785398	2936	933	453.456	453.456	453.456
851	7	0	58.276775	-25.936293	0.785398	2943	926	453.956	453.956	453.956
852	7	0	58.630328	-25.582740	0.785398	2950	919	454.456	454.456	454.456
853	7	0	58.983882	-25.229186	0.785398	2957	912	454.956	454.956	454.956
854	7	0	59.337435	-24.875633	0.785398	2964	905	455.456	455.456	455.456
855	7	0	59.690989	-24.522079	0.785398	2971	898	455.956	455.956	455.956
856	7	0	60.044542	-24.168526	0.785398	2978	891	456.456	456.456	456.456
857	7	0	60.398095	-23.814973	0.785398	2985	884	456.956	456.956	456.956
858	7	0	60.751649	-23.461419	0.785398	2992	877	457.456	457.456	457.456
859	7	0	61.105202	-23.107866	0.785398	2999	870	457.956	457.956	457.956
860	7	0	61.458756	-22.754312	0.785398	3006	863	458.456	458.456	458.456
861	7	0	61.812309	-22.400759	0.785398	3013	856	458.956	458.956	458.956
862	7	0	62.165862	-22.047206	0.992243	3021	849	459.456	459.456	459.456
863	7	0	62.680911	-21.275481	1.124660	3031	833	460.383	460.383	460.383
864	7	0	62.837029	-20.643966	1.199087	3034	820	461.034	461.034	461.034
865	7	0	63.018633	-20.178112	1.199087	3038	811	461.534	461.534	461.534
866	7	0	63.200237	-19.712258	1.199087	3041	802	462.034	462.034	462.034
867	7	0	63.381841	-19.246404	1.199087	3045	793	462.534	462.534	462.534
868	7	0	63.563446	-18.780550	1.417155	3049	783	463.034	463.034	463.034
869	7	0	63.656821	-17.470756	1.536982	3050	757	464.347	464.347	464.347
870	7	0	63.624630	-16.971793	1.649174	3050	747	464.847	464.847	464.847
871	7	0	63.516093	-15.678933	1.656936	3048	721	466.144	466.144	466.144
872	7	0	63.469994	-15.181062	1.663126	3047	711	466.644	466.644	466.644
873	7	0	63.423895	-14.683192	1.663126	3046	701	467.144	467.144	467.144
874	7	0	63.377796	-14.185322	1.663126	3045	691	467.644	467.644	467.644
875	7	0	63.331697	-13.687451	1.831842	3044	681	468.144	468.144	468.144
876	7	0	63.044246	-12.782954	1.941059	3038	663	469.093	469.093	469.093
877	7	0	62.774242	-12.251325	2.579695	3033	653	469.690	469.690	469.690
878	7	0	61.893024	-12.019885	2.981640	3015	648	470.601	470.601	470.601
879	7	0	61.393099	-12.028505	-3.124353	3005	648	471.101	471.101	471.101
880	7	0	60.893173	-12.037124	-3.124353	2995	648	471.601	471.601	471.601
881	7	0	60.393247	-12.045743	-3.124353	2985	649	472.101	472.101	472.101
882	7	0	59.893322	-12.054363	-3.124353	2975	649	472.601	472.601	472.601
883	7	0	59.393396	-12.062982	-3.137726	2965	649	473.101	473.101	473.101
884	7	0	58.638487	-12.059215	3.134804	2950	649	473.856	473.856	473.856
885	7	0	58.138510	-12.054463	3.132087	2940	649	474.356	474.356	474.356
886	7	0	57.638533	-12.049710	3.132087	2930	649	474.856	474.856	474.856
887	7	0	57.138555	-12.044957	3.132087	2920	649	475.356	475.356	475.356
888	7	0	56.638578	-12.040205	3.132087	2910	648	475.856	475.856	475.856
889	7	0	56.138600	-12.035452	3.132087	2900	648	476.356	476.356	476.356
890	7	0	55.638623	-12.030700	3.132087	2890	648	476.856	476.856	476.856
891	7	0	55.138646	-12.025947	3.132087	2880	648	477.356	477.356	477.356
892	7	0	54.638668	-12.021194	3.132087	2870	648	477.856	477.856	477.856
893	7	0	54.138691	-12.016442	3.132087	2860	648	478.356	478.356	478.356
894	7	0	53.638713	-12.011689	3.132087	2850	648	478.856	478.856	478.856
895	7	0	53.138736	-12.006936	3.132087	2840	648	479.356	479.356	479.356
896	7	0	52.638758	-12.002184	3.132087	2830	648	479.856	479.856	479.856
897	7	0	52.138781	-11.997431	3.132087	2820	648	480.356	480.356	480.356
898	7	0	51.638804	-11.992678	3.132087	2810	647	480.856	480.856	480.856
899	7	0	51.138826	-11.987926	3.132087	2800	647	481.356	481.356	481.356
900	7	0	50.638849	-11.983173	3.132087	2790	647	481.856	481.856	481.856
901	7	0	50.138871	-11.978421	3.132087	2780	647	482.356	482.356	482.356
902	7	0	49.638894	-11.973668	3.132087	2770	647	482.856	482.856	482.856
903	7	0	49.138917	-11.968915	3.132087	2760	647	483.356	483.356	483.356
904	7	0	48.638939	-11.964163	3.132087	2750	647	483.856	483.856	483.856
905	7	0	48.138962	-11.959410	3.132087	2740	647	484.356	484.356	484.356
906	7	0	47.638984	-11.954657	3.132087	2730	647	484.856	484.856	484.856
907	7	0	47.139007	-11.949905	3.132087	2720	647	485.356	485.356	485.356
908	7	0	46.639030	-11.945152	3.132087	2710	647	485.856	485.856	485.856
909	7	0	46.139052	-11.940399	3.132087	2700	646	486.356	486.356	486.356
910	7	0	45.639075	-11.935647	3.132087	2690	646	486.856	486.856	486.856
911	7	0	45.139097	-11.930894	3.132087	2680	646	487.356	487.356	487.356
912	7	0	44.639120	-11.926142	3.132087	2670	646	487.856	487.856	487.856
913	7	0	44.139142	-11.921389	3.132087	2660	646	488.356	488.356	488.356
914	7	0	43.639165	-11.916636	3.132087	2650	646	488.856	488.856	488.856
915	7	0	43.139188	-11.911884	3.132087	2640	646	489.356	489.356	489.356
916	7	0	42.639210	-11.907131	3.132087	2630	646	489.856	489.856	489.856
917	7	0	42.139233	-11.902378	3.132087	2620	646	490.356	490.356	490.356
918	7	0	41.639255	-11.897626	3.132087	2610	646	490.856	490.856	490.856
919	7	0	41.139278	-11.892873	3.132087	2600	645	491.356	491.356	491.356
920	7	0	40.639301	-11.888120	3.132087	2590	645	491.856	491.856	491.856
921	7	0	40.139323	-11.883368	3.132087	2580	645	492.356	492.356	492.356
922	7	0	39.639346	-11.878615	3.132087	2570	645	492.856	492.856	492.856
923	7	0	39.139368	-11.873863	3.132087	2560	645	493.356	493.356	493.356
924	7	0	38.639391	-11.869110	3.132087	2550	645	493.856	493.856	493.856
925	7	0	38.139414	-11.864357	3.132087	2540	645	494.356	494.356	494.356
926	7	0	37.639436	-11.859605	3.132087	2530	645	494.856	494.856	494.856
927	7	0	37.139459	-11.854852	3.132087	2520	645	495.356	495.356	495.356
928	7	0	36.639481	-11.850099	3.132087	2510	645	495.856	495.856	495.856
929	7	0	36.139504	-11.845347	3.132087	2500	645	496.356	496.356	496.356
930	7	0	35.639526	-11.840594	3.132087	2490	644	496.856	496.856	496.856
931	7	0	35.139549	-11.835841	3.132087	2480	644	497.356	497.356	497.356
932	7	0	34.639572	-11.831089	3.132087	2470	644	497.856	497.856	497.856
933	7	0	34.139594	-11.826336	3.132087	2460	644	498.356	498.356	498.356
934	7	0	33.639617	-11.821584	3.132087	2450	644	498.856	498.856	498.856
935	7	0	33.139639	-11.816831	3.132087	2440	644	499.356	499.356	499.356
936	7	0	32.639662	-11.812078	3.132087	2430	644	499.856	499.856	499.856
937	7	0	32.139685	-11.807326	3.132087	2420	644	500.356	500.356	500.356
938	7	0	31.639707	-11.802573	3.132087	2410	644	500.856	500.856	500.856
939	7	0	31.139730	-11.797820	3.132087	2400	644	501.356	501.356	501.356
940	7	0	30.639752	-11.793068	3.132087	2390	643	501.856	501.856	501.856
941	7	0	30.139775	-11.788315	3.132087	2380	643	502.356	502.356	502.356
942	7	0	29.639797	-11.783562	3.132087	2370	643	502.856	502.856	502.856
943	7	0	29.139820	-11.778810	3.132087	2360	643	503.356	503.356	503.356
944	7	0	28.639843	-11.774057	3.140129	2350	643	503.856	503.856	503.856
945	7	0	27.792888	-11.776839	-3.137085	2333	643	504.703	504.703	504.703
946	7	0	27.292899	-11.780128	-3.135014	2323	643	505.203	505.203	505.203
947	7	0	26.792910	-11.783418	-3.135014	2313	643	505.703	505.703	505.703
948	7	0	26.292921	-11.786707	-3.135014	2303	643	506.203	506.203	506.203
949	7	0	25.792932	-11.789996	-3.135014	2293	643	506.703	506.703	506.703
950	7	0	25.292942	-11.793286	-3.135014	2283	643	507.203	507.203	507.203
951	7	0	24.792953	-11.796575	-3.135014	2273	644	507.703	507.703	507.703
952	7	0	24.292964	-11.799865	-3.135014	2263	644	508.203	508.203	508.203
953	7	0	23.792975	-11.803154	-3.135014	2253	644	508.703	508.703	508.703
954	7	0	23.292986	-11.806443	-3.135014	2243	644	509.203	509.203	509.203
955	7	0	22.792997	-11.809733	-3.135014	2233	644	509.703	509.703	509.703
956	7	0	22.293007	-11.813022	-3.135014	2223	644	510.203	510.203	510.203
957	7	0	21.793018	-11.816312	-3.135014	2213	644	510.703	510.703	510.703
958	7	0	21.293029	-11.819601	-3.135014	2203	644	511.203	511.203	511.203
959	7	0	20.793040	-11.822890	-3.135014	2193	644	511.703	511.703	511.703
960	7	0	20.293051	-11.826180	-3.135014	2183	644	512.203	512.203	512.203
961	7	0	19.793061	-11.829469	-3.135014	2173	644	512.703	512.703	512.703
962	7	0	19.293072	-11.832759	-3.135014	2163	644	513.203	513.203	513.203
963	7	0	18.793083	-11.836048	-3.135014	2153	644	513.703	513.703	513.703
964	7	0	18.293094	-11.839337	-3.135014	2143	644	514.203	514.203	514.203
965	7	0	17.793105	-11.842627	-3.135014	2133	644	514.703	514.703	514.703
966	7	0	17.293116	-11.845916	-3.135014	2123	645	515.203	515.203	515.203
967	7	0	16.793126	-11.849206	-3.135014	2113	645	515.703	515.703	515.703
968	7	0	16.293137	-11.852495	-3.135014	2103	645	516.203	516.203	516.203
969	7	0	15.793148	-11.855784	-3.135014	2093	645	516.703	516.703	516.703
970	7	0	15.293159	-11.859074	-3.135014	2083	645	517.203	517.203	517.203
971	7	0	14.793170	-11.862363	-3.135014	2073	645	517.703	517.703	517.703
972	7	0	14.293180	-11.865653	-3.135014	2063	645	518.203	518.203	518.203
973	7	0	13.793191	-11.868942	-3.135014	2053	645	518.703	518.703	518.703
974	7	0	13.293202	-11.872232	-3.135014	2043	645	519.203	519.203	519.203
975	7	0	12.793213	-11.875521	-3.135014	2033	645	519.703	519.703	519.703
976	7	0	12.293224	-11.878810	-3.135014	2023	645	520.203	520.203	520.203
977	7	0	11.793235	-11.882100	-3.135014	2013	645	520.703	520.703	520.703
978	7	0	11.293245	-11.885389	-3.135014	2003	645	521.203	521.203	521.203
979	7	0	10.793256	-11.888679	-3.134011	1993	645	521.703	521.703	521.703
980	7	0	10.038459	-11.894902	-3.133213	1978	646	522.458	522.458	522.458
981	7	0	9.538477	-11.899194	-3.133009	1968	646	522.958	522.958	522.958
982	7	0	9.038496	-11.903485	-3.133009	1958	646	523.458	523.458	523.458
983	7	0	8.538514	-11.907777	-3.133009	1948	646	523.958	523.958	523.958
984	7	0	8.038533	-11.912069	-3.133009	1938	646	524.458	524.458	524.458
985	7	0	7.538551	-11.916360	-3.133009	1928	646	524.958	524.958	524.958
986	7	0	7.038570	-11.920652	-3.133009	1918	646	525.458	525.458	525.458
987	7	0	6.538588	-11.924944	-3.133009	1908	646	525.958	525.958	525.958
988	7	0	6.038606	-11.929236	-3.133009	1898	646	526.458	526.458	526.458
989	7	0	5.538625	-11.933527	-3.133009	1888	646	526.958	526.958	526.958
990	7	0	5.038643	-11.937819	-3.133009	1878	646	527.458	527.458	527.458
991	7	0	4.538662	-11.942111	-3.133009	1868	646	527.958	527.958	527.958
992	7	0	4.038680	-11.946402	-3.133009	1858	647	528.458	528.458	528.458
993	7	0	3.538698	-11.950694	-3.133009	1848	647	528.958	528.958	528.958
994	7	0	3.038717	-11.954986	-3.133009	1838	647	529.458	529.458	529.458
995	7	0	2.538735	-11.959277	-3.133009	1828	647	529.958	529.958	529.958
996	7	0	2.038754	-11.963569	-3.133009	1818	647	530.458	530.458	530.458
997	7	0	1.538772	-11.967861	-3.133009	1808	647	530.958	530.958	530.958
998	7	0	1.038791	-11.972152	-3.133009	1798	647	531.458	531.458	531.458
999	7	0	0.538809	-11.976444	-3.133009	1788	647	531.958	531.958	531.958
1000	7	0	0.038827	-11.980736	-3.133009	1778	647	532.458	532.458	532.458
1001	7	0	-0.461154	-11.985027	-3.133009	1768	647	532.958	532.958	532.958
1002	7	0	-0.961136	-11.989319	-3.133009	1758	647	533.458	533.458	533.458
1003	7	0	-1.461117	-11.993611	-3.133009	1748	647	533.958	533.958	533.958
1004	7	0	-1.961099	-11.997903	-3.133009	1738	648	534.458	534.458	534.458
1005	7	0	-2.461081	-12.002194	-3.133009	1728	648	534.958	534.958	534.958
1006	7	0	-2.961062	-12.006486	-2.355424	1718	648	535.458	535.458	535.458
1007	7	0	-2.980946	-12.522861	-1.593820	1718	658	535.974	535.974	535.974
1008	7	0	-2.984467	-13.022849	-1.577838	1718	668	536.474	536.474	536.474
1009	7	0	-2.987988	-13.522837	-1.577838	1717	678	536.974	536.974	536.974
1010	7	0	-2.991509	-14.022824	-1.577838	1717	688	537.474	537.474	537.474
1011	7	0	-2.995030	-14.522812	-1.577838	1717	698	537.974	537.974	537.974
1012	7	0	-2.998551	-15.022799	-1.577838	1717	708	538.474	538.474	538.474
1013	7	0	-3.002072	-15.522787	-1.577838	1717	718	538.974	538.974	538.974
1014	7	0	-3.005593	-16.022775	-1.577838	1717	728	539.474	539.474	539.474
1015	7	0	-3.009114	-16.522762	-1.577838	1717	738	539.974	539.974	539.974
1016	7	0	-3.012635	-17.022750	-1.577838	1717	748	540.474	540.474	540.474
1017	7	0	-3.016156	-17.522737	-1.577838	1717	758	540.974	540.974	540.974
1018	7	0	-3.019677	-18.022725	-1.577838	1717	768	541.474	541.474	541.474
1019	7	0	-3.023198	-18.522713	-1.577838	1717	778	541.974	541.974	541.974
1020	7	0	-3.026719	-19.022700	-1.577838	1717	788	542.474	542.474	542.474
1021	7	0	-3.030240	-19.522688	-1.577838	1717	798	542.974	542.974	542.974
1022	7	0	-3.033761	-20.022675	-1.577838	1717	808	543.474	543.474	543.474
1023	7	0	-3.037282	-20.522663	-1.577838	1717	818	543.974	543.974	543.974
1024	7	0	-3.040803	-21.022651	-1.577838	1716	828	544.474	544.474	544.474
1025	7	0	-3.044324	-21.522638	-1.577838	1716	838	544.974	544.974	544.974
1026	7	0	-3.047845	-22.022626	-1.577838	1716	848	545.474	545.474	545.474
1027	7	0	-3.051366	-22.522613	-1.577838	1716	858	545.974	545.974	545.974
1028	7	0	-3.054888	-23.022601	-1.577838	1716	868	546.474	546.474	546.474
1029	7	0	-3.058409	-23.522589	-1.577838	1716	878	546.974	546.974	546.974
1030	7	0	-3.061930	-24.022576	-1.577838	1716	888	547.474	547.474	547.474
1031	7	0	-3.065451	-24.522564	-1.577838	1716	898	547.974	547.974	547.974
1032	7	0	-3.068972	-25.022551	-1.577838	1716	908	548.474	548.474	548.474
1033	7	0	-3.072493	-25.522539	-1.577838	1716	918	548.974	548.974	548.974
1034	7	0	-3.076014	-26.022527	-1.577838	1716	928	549.474	549.474	549.474
1035	7	0	-3.079535	-26.522514	-1.577838	1716	938	549.974	549.974	549.974
1036	7	0	-3.083056	-27.022502	-1.577838	1716	948	550.474	550.474	550.474
1037	7	0	-3.086577	-27.522489	-1.577838	1716	958	550.974	550.974	550.974
1038	7	0	-3.090098	-28.022477	-1.577838	1715	968	551.474	551.474	551.474
1039	7	0	-3.093619	-28.522465	-1.577838	1715	978	551.974	551.974	551.974
1040	7	0	-3.097140	-29.022452	-1.577838	1715	988	552.474	552.474	552.474
1041	7	0	-3.100661	-29.522440	-1.577838	1715	998	552.974	552.974	552.974
1042	7	0	-3.104182	-30.022427	-1.577838	1715	1008	553.474	553.474	553.474
1043	7	0	-3.107703	-30.522415	-1.577838	1715	1018	553.974	553.974	553.974
1044	7	0	-3.111224	-31.022403	-1.577838	1715	1028	554.474	554.474	554.474
1045	7	0	-3.114745	-31.522390	-1.577838	1715	1038	554.974	554.974	554.974
1046	7	0	-3.118266	-32.022378	-1.577838	1715	1048	555.474	555.474	555.474
1047	7	0	-3.121787	-32.522365	-1.577838	1715	1058	555.974	555.974	555.974
1048	7	0	-3.125308	-33.022353	-1.577838	1715	1068	556.474	556.474	556.474
1049	7	0	-3.128829	-33.522341	-1.577838	1715	1078	556.974	556.974	556.974
1050	7	0	-3.132350	-34.022328	-1.577838	1715	1088	557.474	557.474	557.474
1051	7	0	-3.135871	-34.522316	-1.577838	1715	1098	557.974	557.974	557.974
1052	7	0	-3.139392	-35.022303	-1.577838	1714	1108	558.474	558.474	558.474
1053	7	0	-3.142913	-35.522291	-1.577838	1714	1118	558.974	558.974	558.974
1054	7	0	-3.146435	-36.022279	-1.577838	1714	1128	559.474	559.474	559.474
1055	7	0	-3.026818	-36.789064	-1.397188	1717	1143	560.250	560.250	560.250
1056	7	0	-2.830876	-37.821623	-1.299151	1721	1164	561.301	561.301	561.301
1057	7	0	-2.657428	-38.290574	-1.216537	1724	1173	561.801	561.801	561.801
1058	7	0	-2.483980	-38.759526	-1.216537	1728	1183	562.301	562.301	562.301
1059	7	0	-2.310532	-39.228478	-1.216537	1731	1192	562.801	562.801	562.801
1060	7	0	-2.137084	-39.697430	-1.216537	1735	1202	563.301	563.301	563.301
1061	7	0	-1.963637	-40.166382	-1.216537	1738	1211	563.801	563.801	563.801
1062	7	0	-1.790189	-40.635334	-1.216537	1741	1220	564.301	564.301	564.301
1063	7	0	-1.616741	-41.104285	-1.182773	1745	1230	564.801	564.801	564.801
1064	7	0	-1.314517	-41.799067	-1.155928	1751	1244	565.559	565.559	565.559
1065	7	0	-1.109821	-42.255246	-1.149009	1755	1253	566.059	566.059	566.059
1066	7	0	-0.905125	-42.711425	-1.149009	1759	1262	566.559	566.559	566.559
1067	7	0	-0.700430	-43.167605	-1.149009	1763	1271	567.059	567.059	567.059
1068	7	0	-0.495734	-43.623784	-1.149009	1767	1280	567.559	567.559	567.559
1069	7	0	-0.291038	-44.079963	-1.149009	1771	1289	568.059	568.059	568.059
1070	7	0	-0.086342	-44.536143	-1.149009	1776	1298	568.559	568.559	568.559
1071	7	0	0.118354	-44.992322	-1.149009	1780	1307	569.059	569.059	569.059
1072	7	0	0.323050	-45.448501	-1.122703	1784	1317	569.559	569.559	569.559
1073	7	0	0.878018	-46.572631	-1.107703	1795	1339	570.813	570.813	570.813
1074	7	0	1.106420	-47.017414	-1.096396	1799	1348	571.313	571.313	571.313
1075	7	0	1.334822	-47.462198	-1.096396	1804	1357	571.813	571.813	571.813
1076	7	0	1.563225	-47.906981	-0.986227	1809	1366	572.313	572.313	572.313
1077	7	0	1.947441	-48.387998	-0.887511	1816	1375	572.928	572.928	572.928
1078	7	0	2.267533	-48.772108	-0.876058	1823	1383	573.428	573.428	573.428
1079	7	0	2.587626	-49.156219	-0.876058	1829	1391	573.928	573.928	573.928
1080	7	0	2.907718	-49.540329	-0.876058	1835	1398	574.428	574.428	574.428
1081	7	0	3.227810	-49.924440	-0.876058	1842	1406	574.928	574.928	574.928
1082	7	0	3.547902	-50.308551	-0.876058	1848	1414	575.428	575.428	575.428
1083	7	0	3.867994	-50.692661	-0.876058	1855	1421	575.928	575.928	575.928
1084	7	0	4.188087	-51.076772	-0.733917	1861	1429	576.428	576.428	576.428
1085	7	0	4.687537	-51.431886	-0.606260	1871	1436	577.041	577.041	577.041
1086	7	0	5.102512	-51.710804	-0.591776	1879	1442	577.541	577.541	577.541
1087	7	0	5.517488	-51.989722	-0.591776	1888	1447	578.041	578.041	578.041
1088	7	0	5.932463	-52.268640	-0.591776	1896	1453	578.541	578.541	578.541
1089	7	0	6.347439	-52.547558	-0.591776	1904	1459	579.041	579.041	579.041
1090	7	0	6.762414	-52.826476	-0.591776	1913	1464	579.541	579.541	579.541
1091	7	0	7.177390	-53.105394	-0.591776	1921	1470	580.041	580.041	580.041
1092	7	0	7.592366	-53.384312	-0.506891	1929	1475	580.541	580.541	580.541
1093	7	0	8.155004	-53.729149	-0.449935	1940	1482	581.201	581.201	581.201
1094	7	0	8.933540	-54.032066	-0.422005	1956	1488	582.036	582.036	582.036
1095	7	0	9.389675	-54.236861	-0.422005	1965	1492	582.536	582.536	582.536
1096	7	0	9.845810	-54.441657	-0.422005	1974	1496	583.036	583.036	583.036
1097	7	0	10.442119	-54.660469	-0.333492	1986	1501	583.672	583.672	583.672
1098	7	0	11.201488	-54.943747	-0.284169	2001	1506	584.482	584.482	584.482
1099	7	0	12.022978	-55.149119	-0.244979	2018	1511	585.329	585.329	585.329
1100	7	0	12.508049	-55.270387	-0.244979	2027	1513	585.829	585.829	585.829
1101	7	0	12.993121	-55.391655	-0.130963	2037	1515	586.329	586.329	586.329
1102	7	0	14.474521	-55.529405	-0.073667	2067	1518	587.817	587.817	587.817
1103	7	0	14.974449	-55.537878	-0.016948	2077	1518	588.317	588.317	588.317
1104	7	0	15.474378	-55.546352	-0.016948	2087	1519	588.817	588.817	588.817
1105	7	0	15.974306	-55.554825	-0.016948	2097	1519	589.317	589.317	589.317
1106	7	0	16.474234	-55.563298	-0.016948	2107	1519	589.817	589.817	589.817
1107	7	0	16.931160	-55.571043	-0.016948	2116	1519	590.274	590.274	590.274
