========================================
覆盖路径点统计信息
========================================
总路径点数: 383

总路径距离: 257.648 米

----------------------------------------
按房间统计
----------------------------------------
房间 6: 383 个点, 距离: 257.648 米

----------------------------------------
按房间+Segment统计
----------------------------------------
房间 6, Segment 0: 383 个点, 距离: 257.648 米

----------------------------------------
详细路径点信息
----------------------------------------
ID	Room	Segment	X(m)	Y(m)	Yaw(rad)	U(px)	V(px)	Acc_Dist	Room_Dist	Seg_Dist
0	6	0	40.353785	-62.393100	-1.632119	2584	1655	0.000	0.000	0.000
1	6	0	37.281159	-61.803770	-0.756008	2523	1644	3.129	3.129	3.129
2	6	0	37.607316	-61.987618	-0.061250	2529	1647	3.503	3.503	3.503
3	6	0	38.156291	-62.021285	-0.061263	2540	1648	4.053	4.053	4.053
4	6	0	38.705253	-62.054958	-0.061261	2551	1649	4.603	4.603	4.603
5	6	0	39.254228	-62.088631	-0.061263	2562	1649	5.153	5.153	5.153
6	6	0	39.803190	-62.122304	-0.061250	2573	1650	5.703	5.703	5.703
7	6	0	40.352165	-62.155971	-0.061263	2584	1651	6.253	6.253	6.253
8	6	0	40.901127	-62.189644	-0.061261	2595	1651	6.803	6.803	6.803
9	6	0	41.450102	-62.223317	-0.061263	2606	1652	7.353	7.353	7.353
10	6	0	41.999064	-62.256990	-0.061261	2617	1653	7.903	7.903	7.903
11	6	0	42.548039	-62.290664	-0.061252	2628	1653	8.453	8.453	8.453
12	6	0	43.097001	-62.324330	-0.061261	2639	1654	9.003	9.003	9.003
13	6	0	43.645976	-62.358004	-0.061263	2650	1655	9.553	9.553	9.553
14	6	0	44.194938	-62.391677	-0.061261	2661	1655	10.103	10.103	10.103
15	6	0	44.743913	-62.425350	-0.061252	2672	1656	10.653	10.653	10.653
16	6	0	45.292876	-62.459017	-0.061261	2683	1657	11.203	11.203	11.203
17	6	0	45.841850	-62.492690	-0.061263	2694	1657	11.753	11.753	11.753
18	6	0	46.390813	-62.526363	-0.061261	2705	1658	12.303	12.303	12.303
19	6	0	46.939787	-62.560036	-0.061263	2716	1659	12.853	12.853	12.853
20	6	0	47.488750	-62.593709	-0.061250	2727	1659	13.403	13.403	13.403
21	6	0	48.037724	-62.627376	-0.061263	2738	1660	13.953	13.953	13.953
22	6	0	48.586687	-62.661049	-1.632047	2749	1661	14.503	14.503	14.503
23	6	0	48.553020	-63.210018	3.080331	2748	1672	15.053	15.053	15.053
24	6	0	48.004045	-63.176345	3.080341	2737	1671	15.603	15.603	15.603
25	6	0	47.455083	-63.142678	3.080331	2726	1670	16.153	16.153	16.153
26	6	0	46.906108	-63.109005	3.080330	2715	1670	16.703	16.703	16.703
27	6	0	46.357146	-63.075331	3.080331	2704	1669	17.253	17.253	17.253
28	6	0	45.808171	-63.041658	3.080330	2693	1668	17.803	17.803	17.803
29	6	0	45.259209	-63.007985	3.080342	2682	1668	18.353	18.353	18.353
30	6	0	44.710234	-62.974318	3.080330	2671	1667	18.903	18.903	18.903
31	6	0	44.161271	-62.940645	3.080331	2660	1666	19.453	19.453	19.453
32	6	0	43.612297	-62.906972	3.080330	2649	1666	20.003	20.003	20.003
33	6	0	43.063334	-62.873299	3.080342	2639	1665	20.553	20.553	20.553
34	6	0	42.514360	-62.839632	3.080330	2628	1664	21.103	21.103	21.103
35	6	0	41.965397	-62.805959	3.080331	2617	1664	21.653	21.653	21.653
36	6	0	41.416423	-62.772286	3.080330	2606	1663	22.203	22.203	22.203
37	6	0	40.867460	-62.738613	3.080331	2595	1662	22.753	22.753	22.753
38	6	0	40.318486	-62.704940	3.080341	2584	1662	23.303	23.303	23.303
39	6	0	39.769523	-62.671273	3.080331	2573	1661	23.853	23.853	23.853
40	6	0	39.220549	-62.637600	3.080330	2562	1660	24.403	24.403	24.403
41	6	0	38.671586	-62.603926	3.080331	2551	1660	24.953	24.953	24.953
42	6	0	38.122612	-62.570253	3.080341	2540	1659	25.503	25.503	25.503
43	6	0	37.573649	-62.536586	3.080331	2529	1658	26.053	26.053	26.053
44	6	0	37.024675	-62.502913	-1.632047	2518	1658	26.603	26.603	26.603
45	6	0	36.991008	-63.051882	-0.061261	2517	1669	27.153	27.153	27.153
46	6	0	37.539982	-63.085555	-0.061252	2528	1669	27.703	27.703	27.703
47	6	0	38.088945	-63.119222	-0.061261	2539	1670	28.253	28.253	28.253
48	6	0	38.637919	-63.152895	-0.061263	2550	1671	28.803	28.803	28.803
49	6	0	39.186882	-63.186568	-0.061261	2561	1671	29.353	29.353	29.353
50	6	0	39.735856	-63.220241	-0.061252	2572	1672	29.903	29.903	29.903
51	6	0	40.284819	-63.253908	0.633461	2583	1673	30.453	30.453	30.453
52	6	0	40.599565	-63.022750	-0.061260	2589	1668	30.844	30.844	30.844
53	6	0	41.547783	-63.080910	-0.061257	2608	1669	31.794	31.794	31.794
54	6	0	42.046843	-63.111519	-0.061258	2618	1670	32.294	32.294	32.294
55	6	0	42.446086	-63.136007	-0.061256	2626	1670	32.694	32.694	32.694
56	6	0	43.244597	-63.184981	-0.061263	2642	1671	33.494	33.494	33.494
57	6	0	43.793559	-63.218654	-0.681518	2653	1672	34.044	34.044	34.044
58	6	0	44.127592	-63.489614	-0.061261	2660	1677	34.474	34.474	34.474
59	6	0	44.676567	-63.523287	-0.061252	2671	1678	35.024	35.024	35.024
60	6	0	45.225529	-63.556954	-0.061261	2682	1679	35.574	35.574	35.574
61	6	0	45.774504	-63.590627	-0.061263	2693	1679	36.124	36.124	36.124
62	6	0	46.323466	-63.624300	-0.061261	2704	1680	36.674	36.674	36.674
63	6	0	46.872441	-63.657973	-0.061263	2715	1681	37.224	37.224	37.224
64	6	0	47.421403	-63.691646	-0.061250	2726	1681	37.774	37.774	37.774
65	6	0	47.970378	-63.725313	-0.061263	2737	1682	38.324	38.324	38.324
66	6	0	48.519340	-63.758986	1.686244	2748	1683	38.874	38.874	38.874
67	6	0	48.355522	-62.346309	3.080330	2744	1655	40.296	40.296	40.296
68	6	0	47.806560	-62.312636	2.385618	2733	1654	40.846	40.846	40.846
69	6	0	47.522417	-62.044741	3.080330	2728	1649	41.236	41.236	41.236
70	6	0	46.973454	-62.011068	3.080330	2717	1648	41.786	41.786	41.786
71	6	0	46.424492	-61.977394	3.080331	2706	1647	42.336	42.336	42.336
72	6	0	45.875517	-61.943721	-2.899966	2695	1646	42.886	42.886	42.886
73	6	0	45.061711	-62.144277	2.385596	2678	1650	43.724	43.724	43.724
74	6	0	44.777580	-61.876381	3.080330	2673	1645	44.115	44.115	44.115
75	6	0	44.228618	-61.842708	3.080331	2662	1644	44.665	44.665	44.665
76	6	0	43.679643	-61.809035	3.080330	2651	1644	45.215	45.215	45.215
77	6	0	43.130681	-61.775362	3.080342	2640	1643	45.765	45.765	45.765
78	6	0	42.581706	-61.741695	3.080330	2629	1642	46.315	46.315	46.315
79	6	0	42.032744	-61.708022	3.080331	2618	1642	46.865	46.865	46.865
80	6	0	41.483769	-61.674349	3.080330	2607	1641	47.415	47.415	47.415
81	6	0	40.934807	-61.640676	3.080331	2596	1640	47.965	47.965	47.965
82	6	0	40.385832	-61.607003	3.080341	2585	1640	48.515	48.515	48.515
83	6	0	39.836870	-61.573336	3.080331	2574	1639	49.065	49.065	49.065
84	6	0	39.287895	-61.539663	3.080330	2563	1638	49.615	49.615	49.615
85	6	0	38.738933	-61.505989	3.080331	2552	1638	50.165	50.165	50.165
86	6	0	38.189958	-61.472316	3.080341	2541	1637	50.715	50.715	50.715
87	6	0	38.676556	-66.289434	-1.877035	2551	1733	55.557	55.557	55.557
88	6	0	36.957341	-63.600850	-1.632069	2516	1680	58.748	58.748	58.748
89	6	0	36.923662	-64.149819	-0.061261	2516	1691	59.298	59.298	59.298
90	6	0	37.472636	-64.183492	-0.061263	2527	1691	59.848	59.848	59.848
91	6	0	38.021599	-64.217165	-0.061261	2538	1692	60.398	60.398	60.398
92	6	0	38.570573	-64.250838	-0.061252	2549	1693	60.948	60.948	60.948
93	6	0	39.119536	-64.284505	0.633473	2560	1693	61.498	61.498	61.498
94	6	0	39.434282	-64.053341	0.814800	2566	1689	61.888	61.888	61.888
95	6	0	39.702177	-63.769210	0.633486	2571	1683	62.279	62.279	62.279
96	6	0	40.016923	-63.538039	-2.916795	2578	1678	62.669	62.669	62.669
97	6	0	39.153215	-63.735537	3.080342	2560	1682	63.555	63.555	63.555
98	6	0	38.604240	-63.701870	3.080330	2549	1682	64.105	64.105	64.105
99	6	0	38.055278	-63.668196	3.080331	2538	1681	64.655	64.655	64.655
100	6	0	37.506303	-63.634523	-2.095702	2527	1680	65.205	65.205	65.205
101	6	0	36.889995	-64.698787	-1.632047	2515	1702	66.435	66.435	66.435
102	6	0	36.856328	-65.247756	-0.061263	2514	1713	66.985	66.985	66.985
103	6	0	37.405290	-65.281429	-0.061261	2525	1713	67.535	67.535	67.535
104	6	0	37.954265	-65.315102	-0.061263	2536	1714	68.085	68.085	68.085
105	6	0	38.503227	-65.348775	-0.061252	2547	1715	68.635	68.635	68.635
106	6	0	39.052189	-65.382442	1.509523	2558	1715	69.185	69.185	69.185
107	6	0	39.085869	-64.833474	3.080342	2559	1704	69.735	69.735	69.735
108	6	0	38.536894	-64.799807	3.080330	2548	1704	70.285	70.285	70.285
109	6	0	37.987932	-64.766134	3.080331	2537	1703	70.835	70.835	70.835
110	6	0	37.438957	-64.732460	-2.095704	2526	1702	71.385	71.385	71.385
111	6	0	36.822648	-65.796718	-2.508107	2514	1724	72.615	72.615	72.615
112	6	0	36.507902	-66.027889	-2.326793	2507	1728	73.006	73.006	73.006
113	6	0	36.240007	-66.312020	3.080330	2502	1734	73.396	73.396	73.396
114	6	0	35.691044	-66.278347	3.080331	2491	1733	73.946	73.946	73.946
115	6	0	35.142070	-66.244674	3.080330	2480	1733	74.496	74.496	74.496
116	6	0	34.593107	-66.211000	3.080331	2469	1732	75.046	75.046	75.046
117	6	0	34.044133	-66.177327	3.080341	2458	1731	75.596	75.596	75.596
118	6	0	33.495170	-66.143660	3.080331	2447	1730	76.146	76.146	76.146
119	6	0	32.946196	-66.109987	3.080330	2436	1730	76.696	76.696	76.696
120	6	0	32.397233	-66.076314	3.080331	2425	1729	77.246	77.246	77.246
121	6	0	31.848259	-66.042641	3.080341	2414	1728	77.796	77.796	77.796
122	6	0	31.299296	-66.008974	3.080331	2403	1728	78.346	78.346	78.346
123	6	0	30.750322	-65.975301	3.080330	2392	1727	78.896	78.896	78.896
124	6	0	30.201359	-65.941628	3.080331	2381	1726	79.446	79.446	79.446
125	6	0	29.652385	-65.907955	3.080330	2370	1726	79.996	79.996	79.996
126	6	0	29.103422	-65.874282	3.080342	2359	1725	80.546	80.546	80.546
127	6	0	28.554448	-65.840615	3.080330	2348	1724	81.096	81.096	81.096
128	6	0	28.005485	-65.806942	3.080330	2337	1724	81.646	81.646	81.646
129	6	0	27.456523	-65.773269	3.080331	2326	1723	82.196	82.196	82.196
130	6	0	26.907548	-65.739595	3.080342	2315	1722	82.746	82.746	82.746
131	6	0	26.358573	-65.705928	3.080330	2304	1722	83.296	83.296	83.296
132	6	0	25.809611	-65.672255	3.080330	2293	1721	83.846	83.846	83.846
133	6	0	25.260649	-65.638582	3.080331	2282	1720	84.396	84.396	84.396
134	6	0	24.711674	-65.604909	3.080331	2271	1720	84.946	84.946	84.946
135	6	0	24.162699	-65.571236	3.080341	2261	1719	85.496	85.496	85.496
136	6	0	23.613737	-65.537569	3.080330	2250	1718	86.046	86.046	86.046
137	6	0	23.064775	-65.503896	3.080331	2239	1718	86.596	86.596	86.596
138	6	0	22.515800	-65.470223	3.080331	2228	1717	87.146	87.146	87.146
139	6	0	21.966825	-65.436550	3.080330	2217	1716	87.696	87.696	87.696
140	6	0	21.417863	-65.402877	3.080341	2206	1716	88.246	88.246	88.246
141	6	0	20.868901	-65.369210	3.080331	2195	1715	88.796	88.796	88.796
142	6	0	20.319926	-65.335537	3.080331	2184	1714	89.346	89.346	89.346
143	6	0	19.770951	-65.301864	3.080330	2173	1714	89.896	89.896	89.896
144	6	0	19.221989	-65.268190	3.080341	2162	1713	90.446	90.446	90.446
145	6	0	18.673026	-65.234523	3.080331	2151	1712	90.996	90.996	90.996
146	6	0	18.124052	-65.200850	3.080331	2140	1712	91.546	91.546	91.546
147	6	0	17.575077	-65.167177	3.080329	2129	1711	92.096	92.096	92.096
148	6	0	17.026127	-65.133504	3.080331	2118	1710	92.646	92.646	92.646
149	6	0	16.477152	-65.099831	3.080336	2107	1710	93.196	93.196	93.196
150	6	0	16.177714	-65.081466	1.509545	2101	1709	93.496	93.496	93.496
151	6	0	16.211381	-64.532497	-0.061256	2101	1698	94.046	94.046	94.046
152	6	0	16.510819	-64.550863	-0.061261	2107	1699	94.346	94.346	94.346
153	6	0	17.059794	-64.584536	-0.061263	2118	1699	94.896	94.896	94.896
154	6	0	17.608756	-64.618209	-0.061263	2129	1700	95.446	95.446	95.446
155	6	0	18.157719	-64.651882	-0.681500	2140	1701	95.996	95.996	95.996
156	6	0	18.491764	-64.922841	-0.061260	2147	1706	96.426	96.426	96.426
157	6	0	19.240360	-64.968758	-0.061261	2162	1707	97.176	97.176	97.176
158	6	0	19.789335	-65.002431	-0.061261	2173	1708	97.726	97.726	97.726
159	6	0	20.537919	-65.048348	-0.061266	2188	1709	98.476	98.476	98.476
160	6	0	20.887260	-65.069777	-0.061250	2195	1709	98.826	98.826	98.826
161	6	0	21.436235	-65.103444	-0.061264	2206	1710	99.376	99.376	99.376
162	6	0	22.234733	-65.152425	-0.061259	2222	1711	100.176	100.176	100.176
163	6	0	22.534159	-65.170791	-0.061261	2228	1711	100.476	100.476	100.476
164	6	0	23.083134	-65.204464	-0.061261	2239	1712	101.026	101.026	101.026
165	6	0	23.632109	-65.238137	-0.061256	2250	1712	101.576	101.576	101.576
166	6	0	23.931547	-65.256502	-0.061258	2256	1713	101.876	101.876	101.876
167	6	0	24.730033	-65.305477	-0.061264	2272	1714	102.676	102.676	102.676
168	6	0	25.079386	-65.326906	-0.061260	2279	1714	103.026	103.026	103.026
169	6	0	25.827983	-65.372823	-0.061263	2294	1715	103.776	103.776	103.776
170	6	0	26.376945	-65.406496	-0.061252	2305	1716	104.326	104.326	104.326
171	6	0	27.125541	-65.452407	-0.061266	2320	1717	105.076	105.076	105.076
172	6	0	27.474882	-65.473836	-0.061261	2327	1717	105.426	105.426	105.426
173	6	0	28.023857	-65.507509	-0.061257	2338	1718	105.976	105.976	105.976
174	6	0	28.722538	-65.550362	-0.061256	2352	1719	106.676	106.676	106.676
175	6	0	29.021977	-65.568728	-0.061261	2358	1719	106.976	106.976	106.976
176	6	0	29.670756	-65.608522	-0.061266	2371	1720	107.626	107.626	107.626
177	6	0	30.369438	-65.651381	-0.061254	2385	1721	108.326	108.326	108.326
178	6	0	30.569072	-65.663625	-0.061252	2389	1721	108.526	108.526	108.526
179	6	0	31.217851	-65.703414	-0.061260	2402	1722	109.176	109.176	109.176
180	6	0	31.966447	-65.749331	-0.061265	2417	1723	109.926	109.926	109.926
181	6	0	32.415593	-65.776882	-0.061261	2426	1723	110.376	110.376	110.376
182	6	0	32.964567	-65.810555	-0.061261	2437	1724	110.926	110.926	110.926
183	6	0	33.613347	-65.850350	-0.061250	2450	1725	111.576	111.576	111.576
184	6	0	34.062504	-65.877895	-0.061263	2459	1725	112.026	112.026	112.026
185	6	0	34.611467	-65.911568	-0.061256	2469	1726	112.576	112.576	112.576
186	6	0	35.210344	-65.948299	-0.061268	2481	1727	113.176	113.176	113.176
187	6	0	35.459880	-65.963607	-0.279924	2486	1727	113.426	113.426	113.426
188	6	0	36.788981	-66.345687	-0.061263	2513	1735	114.809	114.809	114.809
189	6	0	37.337944	-66.379360	-0.061261	2524	1735	115.359	115.359	115.359
190	6	0	37.886918	-66.413033	-0.061263	2535	1736	115.909	115.909	115.909
191	6	0	38.435881	-66.446706	-0.061250	2546	1737	116.459	116.459	116.459
192	6	0	38.984855	-66.480373	1.509545	2557	1737	117.009	117.009	117.009
193	6	0	39.018522	-65.931405	3.080341	2558	1726	117.559	117.559	117.559
194	6	0	38.469560	-65.897738	3.080331	2547	1726	118.109	118.109	118.109
195	6	0	37.920585	-65.864064	3.080330	2536	1725	118.659	118.659	118.659
196	6	0	37.371623	-65.830391	-2.095710	2525	1724	119.209	119.209	119.209
197	6	0	36.755302	-66.894655	3.080341	2512	1746	120.439	120.439	120.439
198	6	0	36.206340	-66.860988	3.080331	2501	1745	120.989	120.989	120.989
199	6	0	35.657365	-66.827315	3.080330	2490	1744	121.539	121.539	121.539
200	6	0	35.108403	-66.793642	3.080331	2479	1743	122.089	122.089	122.089
201	6	0	34.559428	-66.759969	3.080330	2468	1743	122.639	122.639	122.639
202	6	0	34.010466	-66.726296	3.080342	2457	1742	123.189	123.189	123.189
203	6	0	33.461491	-66.692629	3.080330	2446	1741	123.739	123.739	123.739
204	6	0	32.912529	-66.658956	3.080331	2436	1741	124.289	124.289	124.289
205	6	0	32.363554	-66.625283	3.080330	2425	1740	124.839	124.839	124.839
206	6	0	31.814592	-66.591610	3.080342	2414	1739	125.389	125.389	125.389
207	6	0	31.265617	-66.557943	3.080330	2403	1739	125.939	125.939	125.939
208	6	0	30.716655	-66.524270	3.080330	2392	1738	126.489	126.489	126.489
209	6	0	30.167692	-66.490596	3.080331	2381	1737	127.039	127.039	127.039
210	6	0	29.618718	-66.456923	3.080330	2370	1737	127.589	127.589	127.589
211	6	0	29.069755	-66.423250	3.080342	2359	1736	128.139	128.139	128.139
212	6	0	28.520781	-66.389583	3.080331	2348	1735	128.689	128.689	128.689
213	6	0	27.971806	-66.355910	3.080330	2337	1735	129.239	129.239	129.239
214	6	0	27.422844	-66.322237	3.080330	2326	1734	129.789	129.789	129.789
215	6	0	26.873881	-66.288564	3.080342	2315	1733	130.339	130.339	130.339
216	6	0	26.324906	-66.254897	3.080331	2304	1733	130.889	130.889	130.889
217	6	0	25.775932	-66.221224	3.080330	2293	1732	131.439	131.439	131.439
218	6	0	25.226969	-66.187551	3.080330	2282	1731	131.989	131.989	131.989
219	6	0	24.678007	-66.153878	3.080331	2271	1731	132.539	132.539	132.539
220	6	0	24.129032	-66.120205	3.080342	2260	1730	133.089	133.089	133.089
221	6	0	23.580058	-66.086538	3.080330	2249	1729	133.639	133.639	133.639
222	6	0	23.031095	-66.052864	3.080330	2238	1729	134.189	134.189	134.189
223	6	0	22.482133	-66.019191	3.080331	2227	1728	134.739	134.739	134.739
224	6	0	21.933158	-65.985518	3.080331	2216	1727	135.289	135.289	135.289
225	6	0	21.384184	-65.951845	3.080340	2205	1727	135.839	135.839	135.839
226	6	0	20.835234	-65.918178	3.080331	2194	1726	136.389	136.389	136.389
227	6	0	20.286259	-65.884505	3.080331	2183	1725	136.939	136.939	136.939
228	6	0	19.737284	-65.850832	3.080330	2172	1725	137.489	137.489	137.489
229	6	0	19.188322	-65.817159	3.080341	2161	1724	138.039	138.039	138.039
230	6	0	18.639359	-65.783492	3.080331	2150	1723	138.589	138.589	138.589
231	6	0	18.090385	-65.749819	3.080331	2139	1723	139.139	139.139	139.139
232	6	0	17.541410	-65.716146	3.080330	2128	1722	139.689	139.689	139.689
233	6	0	16.992448	-65.682473	2.385596	2117	1721	140.239	140.239	140.239
234	6	0	16.708317	-65.414577	1.955643	2111	1716	140.630	140.630	140.630
235	6	0	16.229753	-64.233065	0.633492	2102	1692	141.904	141.904	141.904
236	6	0	16.544486	-64.001900	-0.061261	2108	1688	142.295	142.295	142.295
237	6	0	17.093461	-64.035573	-0.061261	2119	1688	142.845	142.845	142.845
238	6	0	17.642436	-64.069246	-0.755996	2130	1689	143.395	143.395	143.395
239	6	0	17.926567	-64.337142	1.509545	2136	1694	143.785	143.785	143.785
240	6	0	17.960234	-63.788173	2.385596	2136	1683	144.335	144.335	144.335
241	6	0	17.676103	-63.520278	3.080331	2131	1678	144.726	144.726	144.726
242	6	0	17.127128	-63.486605	3.080330	2120	1677	145.276	145.276	145.276
243	6	0	16.578166	-63.452932	1.868310	2109	1677	145.826	145.826	145.826
244	6	0	16.327702	-62.636061	0.724122	2104	1660	146.680	146.680	146.680
245	6	0	16.645512	-62.354995	-0.061263	2110	1655	147.104	147.104	147.104
246	6	0	17.194474	-62.388668	-0.061263	2121	1655	147.654	147.654	147.654
247	6	0	17.743437	-62.422341	1.509523	2132	1656	148.204	148.204	148.204
248	6	0	17.777116	-61.873372	3.080330	2133	1645	148.754	148.754	148.754
249	6	0	17.228153	-61.839699	3.080331	2122	1644	149.304	149.304	149.304
250	6	0	16.679179	-61.806026	3.080336	2111	1644	149.854	149.854	149.854
251	6	0	16.379740	-61.787661	1.509527	2105	1643	150.154	150.154	150.154
252	6	0	16.410356	-61.288601	0.103902	2105	1633	150.654	150.654	150.654
253	6	0	16.712846	-61.257058	-0.061261	2112	1633	150.959	150.959	150.959
254	6	0	17.261820	-61.290731	-0.061261	2122	1633	151.509	151.509	151.509
255	6	0	17.810795	-61.324404	1.509545	2133	1634	152.059	152.059	152.059
256	6	0	17.844462	-60.775435	3.080331	2134	1623	152.609	152.609	152.609
257	6	0	17.295487	-60.741762	3.080330	2123	1622	153.159	153.159	153.159
258	6	0	16.746525	-60.708089	2.385596	2112	1622	153.709	153.709	153.709
259	6	0	16.462394	-60.440194	2.204269	2106	1616	154.099	154.099	154.099
260	6	0	16.231230	-60.125447	3.080331	2102	1610	154.490	154.490	154.490
261	6	0	15.682255	-60.091774	3.080341	2091	1609	155.040	155.040	155.040
262	6	0	15.133293	-60.058107	3.080330	2080	1609	155.590	155.590	155.590
263	6	0	14.584330	-60.024434	1.509545	2069	1608	156.140	156.140	156.140
264	6	0	14.617997	-59.475466	-0.061263	2070	1597	156.690	156.690	156.690
265	6	0	15.166960	-59.509139	-0.061252	2081	1598	157.240	157.240	157.240
266	6	0	15.715922	-59.542806	-0.061261	2092	1598	157.790	157.790	157.790
267	6	0	16.264897	-59.576479	-0.061261	2103	1599	158.340	158.340	158.340
268	6	0	16.813871	-59.610152	-0.061263	2114	1600	158.890	158.890	158.890
269	6	0	17.362834	-59.643825	-0.061263	2125	1600	159.440	159.440	159.440
270	6	0	17.911796	-59.677498	1.509523	2135	1601	159.990	159.990	159.990
271	6	0	17.945475	-59.128530	3.080330	2136	1590	160.540	160.540	160.540
272	6	0	17.396513	-59.094857	3.080331	2125	1590	161.090	161.090	161.090
273	6	0	16.847538	-59.061183	-2.508120	2114	1589	161.640	161.640	161.640
274	6	0	16.532792	-59.292348	-1.292750	2108	1593	162.030	162.030	162.030
275	6	0	16.780204	-60.159121	-0.061263	2113	1611	162.932	162.932	162.932
276	6	0	17.329167	-60.192794	-0.061263	2124	1611	163.482	163.482	163.482
277	6	0	17.878129	-60.226467	1.831285	2135	1612	164.032	164.032	164.032
278	6	0	17.430180	-58.545888	3.080331	2126	1579	165.771	165.771	165.771
279	6	0	16.881205	-58.512215	3.080336	2115	1578	166.321	166.321	166.321
280	6	0	16.581767	-58.493849	1.509523	2109	1577	166.621	166.621	166.621
281	6	0	16.615446	-57.944881	-0.061256	2110	1567	167.171	167.171	167.171
282	6	0	16.914884	-57.963246	-0.061263	2116	1567	167.471	167.471	167.471
283	6	0	17.463847	-57.996920	-0.061261	2127	1568	168.021	168.021	168.021
284	6	0	18.102909	-57.895461	-1.632047	2139	1566	168.668	168.668	168.668
285	6	0	17.979154	-58.579561	-1.980828	2137	1579	169.363	169.363	169.363
286	6	0	16.346073	-62.336629	-1.132700	2104	1654	173.460	173.460	173.460
287	6	0	16.611845	-62.903963	-0.061263	2109	1666	174.086	174.086	174.086
288	6	0	17.160807	-62.937636	-0.061263	2120	1666	174.636	174.636	174.636
289	6	0	17.709770	-62.971309	-1.310304	2131	1667	175.186	175.186	175.186
290	6	0	18.605680	-66.332460	-0.061252	2149	1734	178.665	178.665	178.665
291	6	0	19.154643	-66.366127	-0.061261	2160	1735	179.215	179.215	179.215
292	6	0	19.703617	-66.399801	-0.061261	2171	1736	179.765	179.765	179.765
293	6	0	20.252592	-66.433474	-0.061263	2182	1736	180.315	180.315	180.315
294	6	0	20.801554	-66.467147	-0.061252	2193	1737	180.865	180.865	180.865
295	6	0	21.350517	-66.500814	-0.061261	2204	1738	181.415	181.415	181.415
296	6	0	21.899491	-66.534487	-0.061261	2215	1738	181.965	181.965	181.965
297	6	0	22.448466	-66.568160	-0.061263	2226	1739	182.515	182.515	182.515
298	6	0	22.997428	-66.601833	-0.061263	2237	1740	183.065	183.065	183.065
299	6	0	23.546391	-66.635506	-0.061250	2248	1740	183.615	183.615	183.615
300	6	0	24.095365	-66.669173	-0.061261	2259	1741	184.165	184.165	184.165
301	6	0	24.644340	-66.702846	-0.061263	2270	1742	184.715	184.715	184.715
302	6	0	25.193302	-66.736519	-0.061263	2281	1742	185.265	185.265	185.265
303	6	0	25.742265	-66.770192	-0.061261	2292	1743	185.815	185.815	185.815
304	6	0	26.291239	-66.803865	-0.061252	2303	1744	186.365	186.365	186.365
305	6	0	26.840202	-66.837532	-0.061263	2314	1744	186.915	186.915	186.915
306	6	0	27.389164	-66.871206	-0.061261	2325	1745	187.465	187.465	187.465
307	6	0	27.938139	-66.904879	-0.061261	2336	1746	188.015	188.015	188.015
308	6	0	28.487114	-66.938552	-0.061252	2347	1746	188.565	188.565	188.565
309	6	0	29.036076	-66.972219	-0.061263	2358	1747	189.115	189.115	189.115
310	6	0	29.585038	-67.005892	-0.061261	2369	1748	189.665	189.665	189.665
311	6	0	30.134013	-67.039565	-0.061261	2380	1748	190.215	190.215	190.215
312	6	0	30.682988	-67.073238	-0.061263	2391	1749	190.765	190.765	190.765
313	6	0	31.231950	-67.106911	-0.061250	2402	1750	191.315	191.315	191.315
314	6	0	31.780925	-67.140578	-0.061263	2413	1750	191.865	191.865	191.865
315	6	0	32.329887	-67.174251	-0.061261	2424	1751	192.415	192.415	192.415
316	6	0	32.878862	-67.207924	-0.061263	2435	1752	192.965	192.965	192.965
317	6	0	33.427824	-67.241597	-0.061250	2446	1752	193.515	193.515	193.515
318	6	0	33.976799	-67.275264	-0.061263	2457	1753	194.065	194.065	194.065
319	6	0	34.525761	-67.308938	-0.061261	2468	1754	194.615	194.615	194.615
320	6	0	35.074736	-67.342611	-0.061263	2479	1754	195.165	195.165	195.165
321	6	0	35.623698	-67.376284	-0.061263	2490	1755	195.715	195.715	195.715
322	6	0	36.172661	-67.409957	-0.061250	2501	1756	196.265	196.265	196.265
323	6	0	36.721635	-67.443624	-0.061263	2512	1756	196.815	196.815	196.815
324	6	0	37.270598	-67.477297	-0.061261	2523	1757	197.365	197.365	197.365
325	6	0	37.819572	-67.510970	-0.061263	2534	1758	197.915	197.915	197.915
326	6	0	38.368535	-67.544643	-0.061250	2545	1759	198.465	198.465	198.465
327	6	0	38.917509	-67.578310	1.509545	2556	1759	199.015	199.015	199.015
328	6	0	38.951176	-67.029342	3.080341	2556	1748	199.565	199.565	199.565
329	6	0	38.402214	-66.995675	3.080331	2545	1748	200.115	200.115	200.115
330	6	0	37.853239	-66.962001	3.080330	2534	1747	200.665	200.665	200.665
331	6	0	37.304277	-66.928328	-2.320983	2523	1746	201.215	201.215	201.215
332	6	0	36.553544	-67.733883	3.080322	2508	1762	202.316	202.316	202.316
333	6	0	36.304020	-67.718575	3.080330	2503	1762	202.566	202.566	202.566
334	6	0	35.854863	-67.691024	3.080332	2494	1761	203.016	203.016	203.016
335	6	0	35.006462	-67.638985	3.080340	2477	1760	203.866	203.866	203.866
336	6	0	34.257866	-67.593074	3.080325	2462	1759	204.616	204.616	204.616
337	6	0	34.008329	-67.577767	3.080336	2457	1759	204.866	204.866	204.866
338	6	0	33.409452	-67.541036	3.080328	2445	1758	205.466	205.466	205.466
339	6	0	32.610954	-67.492055	3.080392	2429	1757	206.266	206.266	206.266
340	6	0	32.561052	-67.488997	3.080332	2428	1757	206.316	206.316	206.316
341	6	0	31.712651	-67.436959	3.080332	2412	1756	207.166	207.166	207.166
342	6	0	30.964054	-67.391042	3.080316	2397	1755	207.916	207.916	207.916
343	6	0	30.814335	-67.381856	3.080336	2394	1755	208.066	208.066	208.066
344	6	0	30.115654	-67.339003	3.080337	2380	1754	208.766	208.766	208.766
345	6	0	29.317143	-67.290029	3.080316	2364	1753	209.566	209.566	209.566
346	6	0	29.017704	-67.271657	3.080341	2358	1753	209.866	209.866	209.866
347	6	0	28.468742	-67.237990	3.080332	2347	1752	210.416	210.416	210.416
348	6	0	27.720146	-67.192073	3.080327	2332	1751	211.166	211.166	211.166
349	6	0	27.370805	-67.170644	3.080331	2325	1751	211.516	211.516	211.516
350	6	0	26.821830	-67.136971	3.080341	2314	1750	212.066	212.066	212.066
351	6	0	26.272868	-67.103304	3.080330	2303	1750	212.616	212.616	212.616
352	6	0	25.723905	-67.069631	3.080325	2292	1749	213.166	213.166	213.166
353	6	0	25.224833	-67.039016	3.080339	2282	1748	213.666	213.666	213.666
354	6	0	24.476249	-66.993105	3.080322	2267	1747	214.416	214.416	214.416
355	6	0	24.076994	-66.968612	3.080341	2259	1747	214.816	214.816	214.816
356	6	0	23.528031	-66.934945	3.080332	2248	1746	215.366	215.366	215.366
357	6	0	22.779435	-66.889028	3.080329	2233	1745	216.116	216.116	216.116
358	6	0	22.430082	-66.867598	3.080328	2226	1745	216.466	216.466	216.466
359	6	0	21.980937	-66.840047	3.080342	2217	1744	216.916	216.916	216.916
360	6	0	21.431962	-66.806380	3.080331	2206	1744	217.466	217.466	217.466
361	6	0	20.783183	-66.766585	3.080324	2193	1743	218.116	218.116	218.116
362	6	0	20.284123	-66.735970	3.080339	2183	1742	218.616	218.616	218.616
363	6	0	19.435722	-66.683937	3.080331	2166	1741	219.466	219.466	219.466
364	6	0	18.886747	-66.650264	-2.508120	2155	1741	220.016	220.016	220.016
365	6	0	18.572001	-66.881429	3.080330	2149	1745	220.406	220.406	220.406
366	6	0	18.023039	-66.847756	3.080330	2138	1745	220.956	220.956	220.956
367	6	0	17.474076	-66.814083	3.080331	2127	1744	221.506	221.506	221.506
368	6	0	16.925102	-66.780410	3.080336	2116	1743	222.056	222.056	222.056
369	6	0	16.625663	-66.762044	1.509531	2110	1743	222.356	222.356	222.356
370	6	0	16.668522	-66.063363	-0.524902	2111	1729	223.056	223.056	223.056
371	6	0	16.958769	-66.231441	-0.061261	2116	1732	223.392	223.392	223.392
372	6	0	17.507743	-66.265114	-0.061261	2127	1733	223.942	223.942	223.942
373	6	0	18.056718	-66.298787	-0.089823	2138	1734	224.492	224.492	224.492
374	6	0	37.236931	-68.026265	-0.061261	2522	1768	243.750	243.750	243.750
375	6	0	37.785905	-68.059938	-0.061263	2533	1769	244.300	244.300	244.300
376	6	0	38.334868	-68.093612	-0.061250	2544	1769	244.850	244.850	244.850
377	6	0	37.538988	-61.255915	1.194323	2528	1633	251.733	251.733	251.733
378	6	0	41.552043	-61.377974	-0.061257	2608	1635	255.748	255.748	255.748
379	6	0	42.051103	-61.408583	-0.061261	2618	1636	256.248	256.248	256.248
380	6	0	42.600078	-61.442257	-0.061257	2629	1636	256.798	256.798	256.798
381	6	0	43.099138	-61.472866	-0.061266	2639	1637	257.298	257.298	257.298
382	6	0	43.448479	-61.494295	-0.061266	2646	1637	257.648	257.648	257.648
