========================================
覆盖路径点统计信息
========================================
总路径点数: 1249

总路径距离: 832.633 米

----------------------------------------
按房间统计
----------------------------------------
房间 16: 1249 个点, 距离: 832.633 米

----------------------------------------
按房间+Segment统计
----------------------------------------
房间 16, Segment 0: 1249 个点, 距离: 832.633 米

----------------------------------------
详细路径点信息
----------------------------------------
ID	Room	Segment	X(m)	Y(m)	Yaw(rad)	U(px)	V(px)	Acc_Dist	Room_Dist	Seg_Dist
0	16	0	-0.068264	-9.429817	-0.011286	1776	596	0.000	0.000	0.000
1	16	0	0.481699	-9.436024	-0.011275	1787	596	0.550	0.550	0.550
2	16	0	1.031663	-9.442225	0.153865	1798	596	1.100	1.100	1.100
3	16	0	1.332212	-9.395613	1.559517	1804	596	1.404	1.404	1.404
4	16	0	1.337852	-8.895643	3.130301	1804	586	1.904	1.904	1.904
5	16	0	1.037870	-8.892256	3.130318	1798	585	2.204	2.204	2.204
6	16	0	0.487907	-8.886055	3.130307	1787	585	2.754	2.754	2.754
7	16	0	-0.062063	-8.879847	1.559510	1776	585	3.304	3.304	3.304
8	16	0	-0.055856	-8.329884	-0.011286	1776	574	3.854	3.854	3.854
9	16	0	0.494108	-8.336091	-0.011275	1787	574	4.404	4.404	4.404
10	16	0	1.044071	-8.342292	0.683445	1798	574	4.954	4.954	4.954
11	16	0	1.346873	-8.095698	0.864777	1804	570	5.345	5.345	5.345
12	16	0	1.600242	-7.798536	1.559510	1809	564	5.735	5.735	5.735
13	16	0	1.606449	-7.248567	3.130307	1809	553	6.285	6.285	6.285
14	16	0	1.056480	-7.242359	3.130318	1798	552	6.835	6.835	6.835
15	16	0	0.506516	-7.236158	3.130306	1787	552	7.385	7.385	7.385
16	16	0	-0.043447	-7.229951	1.559521	1776	552	7.935	7.935	7.935
17	16	0	-0.037246	-6.679988	-0.011286	1777	541	8.485	8.485	8.485
18	16	0	0.512723	-6.686195	-0.011275	1788	541	9.035	9.035	9.035
19	16	0	1.062687	-6.692396	-0.011286	1799	541	9.585	9.585	9.585
20	16	0	1.612650	-6.698603	1.559510	1810	542	10.135	10.135	10.135
21	16	0	1.618858	-6.148640	3.130307	1810	531	10.685	10.685	10.685
22	16	0	1.068888	-6.142433	3.130318	1799	530	11.235	11.235	11.235
23	16	0	0.518925	-6.136232	3.130306	1788	530	11.785	11.785	11.785
24	16	0	-0.031039	-6.130024	3.130321	1777	530	12.335	12.335	12.335
25	16	0	-0.331020	-6.126643	1.060173	1771	530	12.635	12.635	12.635
26	16	0	-0.024838	-5.580061	-0.011286	1777	519	13.262	13.262	13.262
27	16	0	0.525132	-5.586268	-0.011275	1788	519	13.812	13.812	13.812
28	16	0	1.075095	-5.592469	-0.011286	1799	519	14.362	14.362	14.362
29	16	0	1.625059	-5.598677	1.559510	1810	520	14.912	14.912	14.912
30	16	0	1.631266	-5.048707	3.130307	1810	509	15.462	15.462	15.462
31	16	0	1.081296	-5.042500	3.130318	1799	508	16.012	16.012	16.012
32	16	0	0.531333	-5.036299	3.130306	1788	508	16.562	16.562	16.562
33	16	0	-0.018630	-5.030091	1.559521	1777	508	17.112	17.112	17.112
34	16	0	-0.012429	-4.480128	-0.011286	1777	497	17.662	17.662	17.662
35	16	0	0.537540	-4.486335	-0.011275	1788	497	18.212	18.212	18.212
36	16	0	1.087504	-4.492536	-0.011286	1799	497	18.762	18.762	18.762
37	16	0	1.637467	-4.498744	1.559510	1810	498	19.312	19.312	19.312
38	16	0	1.643674	-3.948780	3.130312	1810	487	19.862	19.862	19.862
39	16	0	1.093705	-3.942576	3.130312	1799	486	20.412	20.412	20.412
40	16	0	0.543742	-3.936372	3.130312	1788	486	20.962	20.962	20.962
41	16	0	-0.006222	-3.930168	1.559521	1777	486	21.512	21.512	21.512
42	16	0	-0.000021	-3.380201	-0.011281	1777	475	22.062	22.062	22.062
43	16	0	0.549949	-3.386405	-0.011281	1788	475	22.612	22.612	22.612
44	16	0	1.099912	-3.392610	-0.011281	1799	475	23.162	23.162	23.162
45	16	0	1.649876	-3.398814	1.559510	1810	476	23.712	23.712	23.712
46	16	0	1.656083	-2.848850	3.130312	1810	465	24.262	24.262	24.262
47	16	0	1.106113	-2.842646	3.130312	1799	464	24.812	24.812	24.812
48	16	0	0.556150	-2.836442	3.130312	1788	464	25.362	25.362	25.362
49	16	0	0.006187	-2.830238	3.130311	1777	464	25.912	25.912	25.912
50	16	0	-0.293795	-2.826853	1.559521	1771	464	26.212	26.212	26.212
51	16	0	-0.287594	-2.276887	-0.011282	1772	453	26.762	26.762	26.762
52	16	0	0.012388	-2.280271	-0.011281	1777	453	27.062	27.062	27.062
53	16	0	0.562357	-2.286476	-0.011281	1788	453	27.612	27.612	27.612
54	16	0	1.112321	-2.292680	-0.011281	1799	453	28.162	28.162	28.162
55	16	0	1.662284	-2.298884	1.559510	1810	454	28.712	28.712	28.712
56	16	0	1.668491	-1.748921	3.130312	1811	443	29.262	29.262	29.262
57	16	0	1.118522	-1.742716	3.130312	1800	442	29.812	29.812	29.812
58	16	0	0.568558	-1.736512	3.130312	1789	442	30.362	30.362	30.362
59	16	0	0.018595	-1.730308	3.130311	1778	442	30.912	30.912	30.912
60	16	0	-0.281387	-1.726924	1.559521	1772	442	31.212	31.212	31.212
61	16	0	-0.275185	-1.176957	-0.011282	1772	431	31.762	31.762	31.762
62	16	0	0.024796	-1.180342	-0.011281	1778	431	32.062	32.062	32.062
63	16	0	0.574766	-1.186546	-0.011281	1789	431	32.612	32.612	32.612
64	16	0	1.124729	-1.192750	-0.011281	1800	431	33.162	33.162	33.162
65	16	0	1.674692	-1.198954	1.559510	1811	432	33.712	33.712	33.712
66	16	0	1.680900	-0.648988	3.130312	1811	421	34.262	34.262	34.262
67	16	0	1.130930	-0.642784	3.130312	1800	420	34.812	34.812	34.812
68	16	0	0.580967	-0.636579	3.130312	1789	420	35.362	35.362	35.362
69	16	0	0.031003	-0.630375	3.130311	1778	420	35.912	35.912	35.912
70	16	0	-0.268978	-0.626991	1.559521	1772	420	36.212	36.212	36.212
71	16	0	-0.262777	-0.077027	-0.011282	1772	409	36.762	36.762	36.762
72	16	0	0.037205	-0.080412	-0.011281	1778	409	37.062	37.062	37.062
73	16	0	0.587174	-0.086616	-0.011281	1789	409	37.612	37.612	37.612
74	16	0	1.137138	-0.092820	-0.011281	1800	409	38.162	38.162	38.162
75	16	0	1.687101	-0.099024	1.559510	1811	410	38.712	38.712	38.712
76	16	0	1.693308	0.450942	3.130312	1811	399	39.262	39.262	39.262
77	16	0	1.143339	0.457146	3.130312	1800	398	39.812	39.812	39.812
78	16	0	0.593375	0.463350	3.130312	1789	398	40.362	40.362	40.362
79	16	0	0.043412	0.469555	2.808560	1778	398	40.912	40.912	40.912
80	16	0	-0.255441	0.572933	2.617925	1772	396	41.228	41.228	41.228
81	16	0	-1.050314	1.031927	2.703687	1756	387	42.146	42.146	42.146
82	16	0	-1.597463	1.288116	3.130312	1745	382	42.750	42.750	42.750
83	16	0	-2.147427	1.294320	3.130312	1734	382	43.300	43.300	43.300
84	16	0	-2.947372	1.303344	-2.458135	1718	382	44.100	44.100	44.100
85	16	0	-3.250173	1.056743	3.130312	1712	386	44.490	44.490	44.490
86	16	0	-3.800143	1.062948	3.130312	1701	386	45.040	45.040	45.040
87	16	0	-4.350106	1.069152	3.130312	1690	386	45.590	45.590	45.590
88	16	0	-4.900070	1.075356	1.559521	1679	386	46.140	46.140	46.140
89	16	0	-4.893868	1.625323	-0.011281	1679	375	46.690	46.690	46.690
90	16	0	-4.343899	1.619118	-0.011281	1690	375	47.240	47.240	47.240
91	16	0	-3.793936	1.612914	-0.011281	1701	375	47.790	47.790	47.790
92	16	0	-3.243972	1.606710	-0.011281	1712	375	48.340	48.340	48.340
93	16	0	-2.694009	1.600506	-0.011281	1723	376	48.890	48.890	48.890
94	16	0	-2.144039	1.594301	-0.011281	1734	376	49.440	49.440	49.440
95	16	0	-1.594076	1.588097	-0.011281	1745	376	49.990	49.990	49.990
96	16	0	-1.044112	1.581893	-0.011281	1756	376	50.540	50.540	50.540
97	16	0	-0.494149	1.575689	-0.011281	1767	376	51.090	51.090	51.090
98	16	0	0.055820	1.569485	-0.011281	1778	376	51.640	51.640	51.640
99	16	0	0.605784	1.563280	-0.011281	1789	376	52.190	52.190	52.190
100	16	0	1.155747	1.557076	-0.011281	1800	376	52.740	52.740	52.740
101	16	0	1.705717	1.550872	1.559521	1811	377	53.290	53.290	53.290
102	16	0	1.711918	2.100835	3.130312	1811	366	53.840	53.840	53.840
103	16	0	1.161954	2.107039	3.130312	1800	365	54.390	54.390	54.390
104	16	0	0.611991	2.113244	3.130312	1789	365	54.940	54.940	54.940
105	16	0	0.062022	2.119448	3.130312	1778	365	55.490	55.490	55.490
106	16	0	-0.487942	2.125652	3.130312	1767	365	56.040	56.040	56.040
107	16	0	-1.037905	2.131856	3.130312	1756	365	56.590	56.590	56.590
108	16	0	-1.587875	2.138061	3.130312	1745	365	57.140	57.140	57.140
109	16	0	-2.137838	2.144265	3.130312	1734	365	57.690	57.690	57.690
110	16	0	-2.687801	2.150469	3.130312	1723	365	58.240	58.240	58.240
111	16	0	-3.237765	2.156673	3.130312	1712	364	58.790	58.790	58.790
112	16	0	-3.787734	2.162877	3.130312	1701	364	59.340	59.340	59.340
113	16	0	-4.337698	2.169082	3.130312	1690	364	59.890	59.890	59.890
114	16	0	-4.887661	2.175286	1.559521	1679	364	60.440	60.440	60.440
115	16	0	-4.881460	2.725252	0.864777	1680	353	60.990	60.990	60.990
116	16	0	-4.628091	3.022414	0.683451	1685	347	61.381	61.381	61.381
117	16	0	-4.325289	3.269012	-0.011281	1691	342	61.771	61.771	61.771
118	16	0	-3.775326	3.262807	-0.011281	1702	342	62.321	62.321	62.321
119	16	0	-3.225356	3.256603	-0.011281	1713	342	62.871	62.871	62.871
120	16	0	-2.675393	3.250399	-0.011281	1724	343	63.421	63.421	63.421
121	16	0	-2.125430	3.244195	-0.011281	1735	343	63.971	63.971	63.971
122	16	0	-1.575466	3.237990	-0.011281	1746	343	64.521	64.521	64.521
123	16	0	-1.025497	3.231786	-0.011281	1757	343	65.071	65.071	65.071
124	16	0	-0.475533	3.225582	-0.011281	1768	343	65.621	65.621	65.621
125	16	0	0.074430	3.219378	-0.011281	1779	343	66.171	66.171	66.171
126	16	0	0.624400	3.213174	-0.011281	1790	343	66.721	66.721	66.721
127	16	0	1.174363	3.206969	-0.011281	1801	343	67.271	67.271	67.271
128	16	0	1.724326	3.200765	-1.582071	1812	344	67.821	67.821	67.821
129	16	0	1.718125	2.650802	3.130312	1812	355	68.371	68.371	68.371
130	16	0	1.168156	2.657006	3.130312	1801	354	68.921	68.921	68.921
131	16	0	0.618192	2.663210	3.130312	1790	354	69.471	69.471	69.471
132	16	0	0.068229	2.669414	3.130312	1779	354	70.021	70.021	70.021
133	16	0	-0.481741	2.675619	3.130312	1768	354	70.571	70.571	70.571
134	16	0	-1.031704	2.681823	3.130312	1757	354	71.121	71.121	71.121
135	16	0	-1.581667	2.688027	3.130312	1746	354	71.671	71.671	71.671
136	16	0	-2.131631	2.694231	3.130312	1735	354	72.221	72.221	72.221
137	16	0	-2.681600	2.700435	3.130312	1724	354	72.771	72.771	72.771
138	16	0	-3.231564	2.706640	3.130312	1713	353	73.321	73.321	73.321
139	16	0	-3.781527	2.712844	3.130312	1702	353	73.871	73.871	73.871
140	16	0	-4.331490	2.719048	1.881269	1691	353	74.421	74.421	74.421
141	16	0	-4.621322	3.622375	0.576718	1685	335	75.370	75.370	75.370
142	16	0	-4.319082	3.818978	-0.011281	1691	331	75.731	75.731	75.731
143	16	0	-3.769119	3.812774	-0.011281	1702	331	76.281	76.281	76.281
144	16	0	-3.219155	3.806570	-0.011281	1713	331	76.831	76.831	76.831
145	16	0	-2.669192	3.800365	-0.011281	1724	332	77.381	77.381	77.381
146	16	0	-2.119222	3.794161	-0.011281	1735	332	77.931	77.931	77.931
147	16	0	-1.569259	3.787957	-0.011281	1746	332	78.481	78.481	78.481
148	16	0	-1.019296	3.781753	-0.011281	1757	332	79.031	79.031	79.031
149	16	0	-0.469332	3.775548	-0.011281	1768	332	79.581	79.581	79.581
150	16	0	0.080637	3.769344	-0.011281	1779	332	80.131	80.131	80.131
151	16	0	0.630601	3.763140	-0.011281	1790	332	80.681	80.681	80.681
152	16	0	1.180564	3.756936	-0.599278	1801	332	81.231	81.231	81.231
153	16	0	1.478294	3.553564	1.559517	1807	337	81.591	81.591	81.591
154	16	0	1.483933	4.053533	2.435580	1807	327	82.091	82.091	82.091
155	16	0	1.186771	4.306899	3.130312	1801	321	82.482	82.482	82.482
156	16	0	0.636802	4.313103	3.130312	1790	321	83.032	83.032	83.032
157	16	0	0.086838	4.319308	3.130312	1779	321	83.582	83.582	83.582
158	16	0	-0.463125	4.325512	3.130312	1768	321	84.132	84.132	84.132
159	16	0	-1.013088	4.331716	3.130312	1757	321	84.682	84.682	84.682
160	16	0	-1.563058	4.337920	3.130312	1746	321	85.232	85.232	85.232
161	16	0	-2.113021	4.344124	3.130312	1735	321	85.782	85.782	85.782
162	16	0	-2.662985	4.350329	3.130312	1724	321	86.332	86.332	86.332
163	16	0	-3.212948	4.356533	3.130312	1713	320	86.882	86.882	86.882
164	16	0	-3.762917	4.362737	3.130312	1702	320	87.432	87.432	87.432
165	16	0	-4.312881	4.368941	1.559510	1691	320	87.982	87.982	87.982
166	16	0	-4.306674	4.918908	-0.011281	1691	309	88.532	88.532	88.532
167	16	0	-3.756710	4.912704	-0.011281	1702	309	89.082	89.082	89.082
168	16	0	-3.206747	4.906499	-0.011281	1713	309	89.632	89.632	89.632
169	16	0	-2.656783	4.900295	-0.011281	1724	310	90.182	90.182	90.182
170	16	0	-2.106814	4.894091	-0.011281	1735	310	90.732	90.732	90.732
171	16	0	-1.556851	4.887887	-0.011281	1746	310	91.282	91.282	91.282
172	16	0	-1.006887	4.881682	-0.011281	1757	310	91.832	91.832	91.832
173	16	0	-0.456924	4.875478	-0.011281	1768	310	92.382	92.382	92.382
174	16	0	0.093046	4.869274	-0.011281	1779	310	92.932	92.932	92.932
175	16	0	0.643009	4.863070	-0.011281	1790	310	93.482	93.482	93.482
176	16	0	1.192973	4.856866	-0.706019	1801	310	94.032	94.032	94.032
177	16	0	1.490134	4.603496	1.918284	1807	316	94.422	94.422	94.422
178	16	0	1.199180	5.406829	3.130312	1801	299	95.277	95.277	95.277
179	16	0	0.649210	5.413033	3.130312	1790	299	95.827	95.827	95.827
180	16	0	0.099247	5.419237	3.130312	1779	299	96.377	96.377	96.377
181	16	0	-0.450716	5.425442	3.130312	1768	299	96.927	96.927	96.927
182	16	0	-1.000680	5.431646	3.130312	1757	299	97.477	97.477	97.477
183	16	0	-1.550649	5.437850	3.130312	1746	299	98.027	98.027	98.027
184	16	0	-2.100613	5.444054	3.130312	1735	299	98.577	98.577	98.577
185	16	0	-2.650576	5.450259	3.130312	1724	299	99.127	99.127	99.127
186	16	0	-3.200540	5.456463	3.130312	1713	298	99.677	99.677	99.677
187	16	0	-3.750509	5.462667	3.130312	1702	298	100.227	100.227	100.227
188	16	0	-4.300472	5.468871	1.559510	1691	298	100.777	100.777	100.777
189	16	0	-4.294265	6.018838	-0.011281	1691	287	101.327	101.327	101.327
190	16	0	-3.744302	6.012633	-0.011281	1702	287	101.877	101.877	101.877
191	16	0	-3.194338	6.006429	-0.011281	1713	287	102.427	102.427	102.427
192	16	0	-2.644375	6.000225	-0.011281	1724	288	102.977	102.977	102.977
193	16	0	-2.094405	5.994021	-0.011281	1735	288	103.527	103.527	103.527
194	16	0	-1.544442	5.987817	-0.011281	1746	288	104.077	104.077	104.077
195	16	0	-0.994479	5.981612	-0.011281	1757	288	104.627	104.627	104.627
196	16	0	-0.444515	5.975408	-0.011281	1768	288	105.177	105.177	105.177
197	16	0	0.105454	5.969204	-0.011281	1779	288	105.727	105.727	105.727
198	16	0	0.655418	5.963000	-0.011281	1790	288	106.277	106.277	106.277
199	16	0	1.205381	5.956795	0.683458	1801	288	106.827	106.827	106.827
200	16	0	1.508182	6.203396	0.864777	1807	284	107.217	107.217	107.217
201	16	0	1.761552	6.500558	-0.011281	1812	278	107.608	107.608	107.608
202	16	0	2.311515	6.494353	0.683451	1823	278	108.158	108.158	108.158
203	16	0	2.614317	6.740951	0.864777	1830	273	108.548	108.548	108.548
204	16	0	2.867686	7.038113	-0.011281	1835	267	108.939	108.939	108.939
205	16	0	3.417649	7.031908	-0.011281	1846	267	109.489	109.489	109.489
206	16	0	3.967619	7.025704	-0.011281	1857	267	110.039	110.039	110.039
207	16	0	4.517582	7.019500	-0.011281	1868	267	110.589	110.589	110.589
208	16	0	5.067545	7.013296	-0.011281	1879	267	111.139	111.139	111.139
209	16	0	5.617509	7.007091	-0.011281	1890	267	111.689	111.689	111.689
210	16	0	6.167478	7.000887	-0.011281	1901	268	112.239	112.239	112.239
211	16	0	6.717442	6.994683	-0.011281	1912	268	112.789	112.789	112.789
212	16	0	7.267405	6.988479	-0.011281	1923	268	113.339	113.339	113.339
213	16	0	7.817368	6.982275	-0.011281	1934	268	113.889	113.889	113.889
214	16	0	8.367338	6.976070	-0.011281	1945	268	114.439	114.439	114.439
215	16	0	8.917301	6.969866	-0.011281	1956	268	114.989	114.989	114.989
216	16	0	9.467265	6.963662	-0.011281	1967	268	115.539	115.539	115.539
217	16	0	10.017234	6.957458	-0.011281	1978	268	116.089	116.089	116.089
218	16	0	10.567198	6.951253	-0.011281	1989	269	116.639	116.639	116.639
219	16	0	11.117161	6.945049	-0.011281	2000	269	117.189	117.189	117.189
220	16	0	11.667124	6.938845	-0.011281	2011	269	117.739	117.739	117.739
221	16	0	12.217094	6.932641	-0.011281	2022	269	118.289	118.289	118.289
222	16	0	12.767057	6.926437	-0.011281	2033	269	118.839	118.839	118.839
223	16	0	13.317021	6.920232	-0.011281	2044	269	119.389	119.389	119.389
224	16	0	13.866984	6.914028	-0.011281	2055	269	119.939	119.939	119.939
225	16	0	14.416947	6.907824	-0.011281	2066	269	120.489	120.489	120.489
226	16	0	14.966911	6.901620	-0.011281	2077	270	121.039	121.039	121.039
227	16	0	15.516874	6.895415	-0.011280	2088	270	121.589	121.589	121.589
228	16	0	16.066850	6.889211	-0.011281	2099	270	122.139	122.139	122.139
229	16	0	16.616813	6.883007	-0.011281	2110	270	122.689	122.689	122.689
230	16	0	17.166776	6.876803	-0.011281	2121	270	123.239	123.239	123.239
231	16	0	17.716740	6.870599	-0.011281	2132	270	123.789	123.789	123.789
232	16	0	18.266703	6.864394	-0.011281	2143	270	124.339	124.339	124.339
233	16	0	18.816667	6.858190	-0.011281	2154	270	124.889	124.889	124.889
234	16	0	19.366630	6.851986	-0.011281	2165	271	125.439	125.439	125.439
235	16	0	19.916593	6.845782	-0.011280	2176	271	125.989	125.989	125.989
236	16	0	20.466569	6.839577	-0.011281	2187	271	126.539	126.539	126.539
237	16	0	21.016532	6.833373	-0.011281	2198	271	127.089	127.089	127.089
238	16	0	21.566496	6.827169	-0.011281	2209	271	127.639	127.639	127.639
239	16	0	22.116459	6.820965	-0.011281	2220	271	128.189	128.189	128.189
240	16	0	22.666423	6.814760	-0.011281	2231	271	128.739	128.739	128.739
241	16	0	23.216386	6.808556	-0.011281	2242	271	129.289	129.289	129.289
242	16	0	23.766349	6.802352	-0.011280	2253	272	129.839	129.839	129.839
243	16	0	24.316325	6.796148	-0.011281	2264	272	130.389	130.389	130.389
244	16	0	24.866288	6.789944	-0.011281	2275	272	130.939	130.939	130.939
245	16	0	25.416252	6.783739	-0.011281	2286	272	131.489	131.489	131.489
246	16	0	25.966215	6.777535	-0.011281	2297	272	132.039	132.039	132.039
247	16	0	26.516178	6.771331	-0.011281	2308	272	132.589	132.589	132.589
248	16	0	27.066142	6.765127	-0.011281	2319	272	133.139	133.139	133.139
249	16	0	27.616105	6.758922	-0.011281	2330	272	133.689	133.689	133.689
250	16	0	28.166069	6.752718	-0.011280	2341	273	134.239	134.239	134.239
251	16	0	28.716044	6.746514	-0.011281	2352	273	134.789	134.789	134.789
252	16	0	29.266008	6.740310	-0.011281	2363	273	135.339	135.339	135.339
253	16	0	29.815971	6.734106	-0.011281	2374	273	135.889	135.889	135.889
254	16	0	30.365934	6.727901	-0.011281	2385	273	136.439	136.439	136.439
255	16	0	30.915898	6.721697	-0.011281	2396	273	136.989	136.989	136.989
256	16	0	31.465861	6.715493	-0.011281	2407	273	137.539	137.539	137.539
257	16	0	32.015825	6.709289	-0.011280	2418	273	138.089	138.089	138.089
258	16	0	32.565800	6.703084	-0.011281	2429	274	138.639	138.639	138.639
259	16	0	33.115764	6.696880	-0.011281	2440	274	139.189	139.189	139.189
260	16	0	33.665727	6.690676	-0.011281	2451	274	139.739	139.739	139.739
261	16	0	34.215690	6.684472	-0.011281	2462	274	140.289	140.289	140.289
262	16	0	34.765654	6.678268	-0.011281	2473	274	140.839	140.839	140.839
263	16	0	35.315617	6.672063	-0.011281	2484	274	141.389	141.389	141.389
264	16	0	35.865580	6.665859	-0.011281	2495	274	141.939	141.939	141.939
265	16	0	36.415544	6.659655	-0.011280	2506	274	142.489	142.489	142.489
266	16	0	36.965519	6.653451	-0.011281	2517	275	143.039	143.039	143.039
267	16	0	37.515483	6.647246	-0.011281	2528	275	143.589	143.589	143.589
268	16	0	38.065446	6.641042	-0.011281	2539	275	144.139	144.139	144.139
269	16	0	38.615410	6.634838	-0.011281	2550	275	144.689	144.689	144.689
270	16	0	39.165373	6.628634	-0.011280	2561	275	145.239	145.239	145.239
271	16	0	39.715349	6.622430	-0.011281	2572	275	145.789	145.789	145.789
272	16	0	40.265312	6.616225	-0.011281	2583	275	146.339	146.339	146.339
273	16	0	40.815275	6.610021	-0.011281	2594	275	146.889	146.889	146.889
274	16	0	41.365239	6.603817	-0.011281	2605	276	147.439	147.439	147.439
275	16	0	41.915202	6.597613	-0.011281	2616	276	147.989	147.989	147.989
276	16	0	42.465166	6.591408	-0.011281	2627	276	148.539	148.539	148.539
277	16	0	43.015129	6.585204	-0.011281	2638	276	149.089	149.089	149.089
278	16	0	43.565092	6.579000	-0.011280	2649	276	149.639	149.639	149.639
279	16	0	44.115068	6.572796	-0.011281	2660	276	150.189	150.189	150.189
280	16	0	44.665031	6.566592	-0.011281	2671	276	150.739	150.739	150.739
281	16	0	45.214995	6.560387	-0.011281	2682	276	151.289	151.289	151.289
282	16	0	45.764958	6.554183	-0.011281	2693	277	151.839	151.839	151.839
283	16	0	46.314921	6.547979	-0.011281	2704	277	152.389	152.389	152.389
284	16	0	46.864885	6.541775	-0.011281	2715	277	152.939	152.939	152.939
285	16	0	47.414848	6.535570	-0.011280	2726	277	153.489	153.489	153.489
286	16	0	47.964824	6.529366	-0.011281	2737	277	154.039	154.039	154.039
287	16	0	48.514787	6.523162	-0.011281	2748	277	154.589	154.589	154.589
288	16	0	49.064751	6.516958	-0.011281	2759	277	155.139	155.139	155.139
289	16	0	49.614714	6.510754	-0.011275	2770	277	155.689	155.689	155.689
290	16	0	50.164677	6.504552	-0.011281	2781	278	156.239	156.239	156.239
291	16	0	50.714641	6.498348	-0.011281	2792	278	156.789	156.789	156.789
292	16	0	51.264604	6.492144	-0.011280	2803	278	157.339	157.339	157.339
293	16	0	51.814580	6.485940	-0.011281	2814	278	157.889	157.889	157.889
294	16	0	52.364543	6.479735	-0.011281	2825	278	158.439	158.439	158.439
295	16	0	52.914506	6.473531	-0.011281	2836	278	158.989	158.989	158.989
296	16	0	53.464470	6.467327	-0.011281	2847	278	159.539	159.539	159.539
297	16	0	54.014433	6.461123	-0.011281	2858	278	160.089	160.089	160.089
298	16	0	54.564397	6.454919	-0.011281	2869	279	160.639	160.639	160.639
299	16	0	55.114360	6.448714	-0.011281	2880	279	161.189	161.189	161.189
300	16	0	55.664323	6.442510	-0.011280	2891	279	161.739	161.739	161.739
301	16	0	56.214299	6.436306	-0.011281	2902	279	162.289	162.289	162.289
302	16	0	56.764262	6.430102	-0.011281	2913	279	162.839	162.839	162.839
303	16	0	57.314226	6.423897	-0.011281	2924	279	163.389	163.389	163.389
304	16	0	57.864189	6.417693	-0.011281	2935	279	163.939	163.939	163.939
305	16	0	58.414153	6.411489	-0.011281	2946	279	164.489	164.489	164.489
306	16	0	58.964116	6.405285	-0.011281	2957	280	165.039	165.039	165.039
307	16	0	59.514079	6.399081	-0.011280	2968	280	165.589	165.589	165.589
308	16	0	60.064055	6.392876	-0.011281	2979	280	166.139	166.139	166.139
309	16	0	60.614018	6.386672	-0.011281	2990	280	166.689	166.689	166.689
310	16	0	61.163982	6.380468	-0.011281	3001	280	167.239	167.239	167.239
311	16	0	61.713945	6.374264	-0.011281	3012	280	167.789	167.789	167.789
312	16	0	62.263908	6.368059	-0.011281	3023	280	168.339	168.339	168.339
313	16	0	62.813872	6.361855	-0.011281	3034	280	168.889	168.889	168.889
314	16	0	63.363835	6.355651	-0.011281	3045	281	169.439	169.439	169.439
315	16	0	63.913799	6.349447	-0.011280	3056	281	169.989	169.989	169.989
316	16	0	64.463774	6.343243	-0.011281	3067	281	170.539	170.539	170.539
317	16	0	65.013738	6.337038	-0.011281	3078	281	171.089	171.089	171.089
318	16	0	65.563701	6.330834	-0.011281	3089	281	171.639	171.639	171.639
319	16	0	66.113664	6.324630	-0.011281	3100	281	172.189	172.189	172.189
320	16	0	66.663628	6.318426	-0.011281	3111	281	172.739	172.739	172.739
321	16	0	67.213591	6.312221	-0.011281	3122	281	173.289	173.289	173.289
322	16	0	67.763555	6.306017	-0.011280	3133	281	173.839	173.839	173.839
323	16	0	68.313530	6.299813	-0.011281	3144	282	174.389	174.389	174.389
324	16	0	68.863494	6.293609	-0.011281	3155	282	174.939	174.939	174.939
325	16	0	69.413457	6.287405	-0.011281	3166	282	175.489	175.489	175.489
326	16	0	69.963420	6.281200	-0.011281	3177	282	176.039	176.039	176.039
327	16	0	70.513384	6.274996	-0.706029	3188	282	176.589	176.589	176.589
328	16	0	70.810539	6.021627	-0.887322	3193	287	176.979	176.979	176.979
329	16	0	71.057146	5.718828	-0.011281	3198	293	177.370	177.370	177.370
330	16	0	71.607109	5.712624	-0.706009	3209	293	177.920	177.920	177.920
331	16	0	71.904277	5.459255	-0.887351	3215	298	178.310	178.310	178.310
332	16	0	72.150872	5.156454	-0.011281	3220	304	178.701	178.701	178.701
333	16	0	72.700835	5.150249	-0.706009	3231	305	179.251	179.251	179.251
334	16	0	72.998003	4.896880	-0.887351	3237	310	179.641	179.641	179.641
335	16	0	73.244597	4.594079	-0.011281	3242	316	180.032	180.032	180.032
336	16	0	73.794561	4.587874	-0.706003	3253	316	180.582	180.582	180.582
337	16	0	74.091728	4.334508	-0.887351	3259	321	180.972	180.972	180.972
338	16	0	74.338323	4.031707	-0.706029	3264	327	181.363	181.363	181.363
339	16	0	74.635478	3.778338	-0.887327	3270	332	181.753	181.753	181.753
340	16	0	74.882085	3.475536	-0.011281	3275	338	182.144	182.144	182.144
341	16	0	75.432048	3.469332	-0.706023	3286	338	182.694	182.694	182.694
342	16	0	75.729204	3.215966	-0.887327	3292	343	183.084	183.084	183.084
343	16	0	75.975811	2.913164	-0.011281	3297	349	183.475	183.475	183.475
344	16	0	76.525774	2.906960	-0.011281	3308	349	184.025	184.025	184.025
345	16	0	77.075737	2.900756	-0.011281	3319	350	184.575	184.575	184.575
346	16	0	77.625701	2.894552	-0.437910	3330	350	185.125	185.125	185.125
347	16	0	78.172844	2.638363	-0.011280	3341	355	185.729	185.729	185.729
348	16	0	78.972795	2.629339	0.683448	3357	355	186.529	186.529	186.529
349	16	0	79.275603	2.875939	-0.011281	3363	350	186.920	186.920	186.920
350	16	0	79.825566	2.869735	-0.011281	3374	350	187.470	187.470	187.470
351	16	0	80.375530	2.863531	-0.011281	3385	350	188.020	188.020	188.020
352	16	0	80.925493	2.857326	-0.011281	3396	350	188.570	188.570	188.570
353	16	0	81.475457	2.851122	0.576709	3407	351	189.120	189.120	189.120
354	16	0	81.777703	3.047726	0.939267	3413	347	189.480	189.480	189.480
355	16	0	82.031633	3.394881	0.774123	3418	340	189.910	189.910	189.910
356	16	0	82.587798	3.938644	0.683467	3429	329	190.688	190.688	190.688
357	16	0	82.890593	4.185244	0.864772	3435	324	191.079	191.079	191.079
358	16	0	83.143963	4.482403	0.683448	3440	318	191.469	191.469	191.469
359	16	0	83.446770	4.729003	0.864777	3446	313	191.860	191.860	191.860
360	16	0	83.700139	5.026165	0.683467	3451	307	192.250	192.250	192.250
361	16	0	84.002935	5.272765	0.864777	3457	302	192.641	192.641	192.641
362	16	0	84.256304	5.569927	0.683442	3462	296	193.031	193.031	193.031
363	16	0	84.559111	5.816524	0.864777	3468	291	193.422	193.422	193.422
364	16	0	84.812481	6.113686	0.774123	3474	285	193.812	193.812	193.812
365	16	0	85.368645	6.657448	0.683461	3485	274	194.590	194.590	194.590
366	16	0	85.671441	6.904046	0.864777	3491	270	194.980	194.980	194.980
367	16	0	85.924810	7.201208	0.608955	3496	264	195.371	195.371	195.371
368	16	0	86.277617	7.447243	0.971521	3503	259	195.801	195.801	195.801
369	16	0	86.480986	7.744970	0.683461	3507	253	196.162	196.162	196.162
370	16	0	86.783782	7.991567	0.864777	3513	248	196.552	196.552	196.552
371	16	0	87.037151	8.288729	1.559521	3518	242	196.943	196.943	196.943
372	16	0	87.043352	8.838695	3.130312	3518	231	197.493	197.493	197.493
373	16	0	86.493389	8.844900	3.130312	3507	231	198.043	198.043	198.043
374	16	0	85.943425	8.851104	-2.458125	3496	231	198.593	198.593	198.593
375	16	0	85.640630	8.604504	-2.276815	3490	236	198.983	198.983	198.983
376	16	0	85.387261	8.307342	-2.458145	3485	241	199.374	199.374	199.374
377	16	0	85.084453	8.060741	-2.276820	3479	246	199.764	199.764	199.764
378	16	0	84.831084	7.763583	-2.458125	3474	252	200.155	200.155	200.155
379	16	0	84.528289	7.516982	-2.276815	3468	257	200.545	200.545	200.545
380	16	0	84.274920	7.219820	-2.458145	3463	263	200.936	200.936	200.936
381	16	0	83.972112	6.973220	-2.276797	3457	268	201.326	201.326	201.326
382	16	0	83.718755	6.676061	-2.458145	3452	274	201.717	201.717	201.717
383	16	0	83.415947	6.429461	-2.276815	3446	279	202.107	202.107	202.107
384	16	0	83.162578	6.132299	-2.458125	3441	285	202.498	202.498	202.498
385	16	0	82.859783	5.885699	-2.276820	3434	290	202.888	202.888	202.888
386	16	0	82.606414	5.588540	-2.458145	3429	296	203.279	203.279	203.279
387	16	0	82.303606	5.341939	-2.276815	3423	301	203.669	203.669	203.669
388	16	0	82.050237	5.044778	-2.458125	3418	307	204.060	204.060	204.060
389	16	0	81.747441	4.798177	-2.276815	3412	312	204.450	204.450	204.450
390	16	0	81.494072	4.501015	-2.458131	3407	318	204.841	204.841	204.841
391	16	0	81.191277	4.254418	-2.276815	3401	323	205.231	205.231	205.231
392	16	0	80.937908	3.957256	-2.458145	3396	328	205.622	205.622	205.622
393	16	0	80.635100	3.710656	-2.276815	3390	333	206.012	206.012	206.012
394	16	0	80.381731	3.413494	-2.458131	3385	339	206.403	206.403	206.403
395	16	0	80.078936	3.166897	-2.337185	3379	344	206.793	206.793	206.793
396	16	0	79.269390	2.325973	3.130312	3363	361	207.961	207.961	207.961
397	16	0	78.719426	2.332177	3.130312	3352	361	208.511	208.511	208.511
398	16	0	78.169463	2.338381	3.130312	3341	361	209.061	209.061	209.061
399	16	0	77.619500	2.344585	3.130312	3330	361	209.611	209.611	209.611
400	16	0	77.069536	2.350789	3.130312	3319	361	210.161	210.161	210.161
401	16	0	76.519573	2.356994	3.130312	3308	360	210.711	210.711	210.711
402	16	0	75.969609	2.363198	3.130312	3297	360	211.261	211.261	211.261
403	16	0	75.419646	2.369402	3.130312	3286	360	211.811	211.811	211.811
404	16	0	74.869670	2.375606	3.130312	3275	360	212.361	212.361	212.361
405	16	0	74.319707	2.381811	3.130312	3264	360	212.911	212.911	212.911
406	16	0	73.769744	2.388015	3.130312	3253	360	213.461	213.461	213.461
407	16	0	73.219780	2.394219	3.130312	3242	360	214.011	214.011	214.011
408	16	0	72.669817	2.400423	2.435584	3231	360	214.561	214.561	214.561
409	16	0	72.372649	2.653792	2.254242	3225	355	214.951	214.951	214.951
410	16	0	72.126055	2.956594	2.435564	3220	348	215.342	215.342	215.342
411	16	0	71.828899	3.209963	2.254271	3214	343	215.732	215.732	215.732
412	16	0	71.582292	3.512762	2.435564	3209	337	216.123	216.123	216.123
413	16	0	71.285137	3.766131	2.254266	3203	332	216.513	216.513	216.513
414	16	0	71.038530	4.068932	2.435564	3198	326	216.904	216.904	216.904
415	16	0	70.741374	4.322301	2.254271	3192	321	217.294	217.294	217.294
416	16	0	70.494768	4.625100	2.435564	3187	315	217.685	217.685	217.685
417	16	0	70.197612	4.878469	2.254266	3181	310	218.075	218.075	218.075
418	16	0	69.951006	5.181270	2.435564	3176	304	218.466	218.466	218.466
419	16	0	69.653850	5.434640	3.130312	3170	299	218.856	218.856	218.856
420	16	0	69.103887	5.440844	2.254266	3159	299	219.406	219.406	219.406
421	16	0	68.857280	5.743645	3.130312	3154	293	219.797	219.797	219.797
422	16	0	68.307317	5.749850	2.435569	3143	293	220.347	220.347	220.347
423	16	0	68.010161	6.003216	3.130312	3137	288	220.737	220.737	220.737
424	16	0	67.460198	6.009420	2.314624	3126	287	221.287	221.287	221.287
425	16	0	66.669829	6.868392	3.130312	3111	270	222.455	222.455	222.455
426	16	0	66.119866	6.874596	3.130312	3100	270	223.005	223.005	223.005
427	16	0	65.569902	6.880801	3.130312	3089	270	223.555	223.555	223.555
428	16	0	65.019939	6.887005	3.130312	3078	270	224.105	224.105	224.105
429	16	0	64.469975	6.893209	3.130312	3067	270	224.655	224.655	224.655
430	16	0	63.920012	6.899413	3.130312	3056	270	225.205	225.205	225.205
431	16	0	63.370049	6.905617	3.130312	3045	270	225.755	225.755	225.755
432	16	0	62.820073	6.911822	3.130312	3034	269	226.305	226.305	226.305
433	16	0	62.270110	6.918026	3.130312	3023	269	226.855	226.855	226.855
434	16	0	61.720146	6.924230	3.130312	3012	269	227.405	227.405	227.405
435	16	0	61.170183	6.930434	3.130312	3001	269	227.955	227.955	227.955
436	16	0	60.620219	6.936639	3.130312	2990	269	228.505	228.505	228.505
437	16	0	60.070256	6.942843	3.130312	2979	269	229.055	229.055	229.055
438	16	0	59.520293	6.949047	3.130312	2968	269	229.605	229.605	229.605
439	16	0	58.970317	6.955251	3.130312	2957	269	230.155	230.155	230.155
440	16	0	58.420354	6.961455	3.130312	2946	268	230.705	230.705	230.705
441	16	0	57.870390	6.967660	3.130312	2935	268	231.255	231.255	231.255
442	16	0	57.320427	6.973864	3.130312	2924	268	231.805	231.805	231.805
443	16	0	56.770464	6.980068	3.130312	2913	268	232.355	232.355	232.355
444	16	0	56.220500	6.986272	3.130312	2902	268	232.905	232.905	232.905
445	16	0	55.670537	6.992477	3.130312	2891	268	233.455	233.455	233.455
446	16	0	55.120573	6.998681	3.130312	2880	268	234.005	234.005	234.005
447	16	0	54.570598	7.004885	3.130312	2869	268	234.555	234.555	234.555
448	16	0	54.020634	7.011089	3.130312	2858	267	235.105	235.105	235.105
449	16	0	53.470671	7.017293	3.130312	2847	267	235.655	235.655	235.655
450	16	0	52.920708	7.023498	3.130312	2836	267	236.205	236.205	236.205
451	16	0	52.370744	7.029702	3.130312	2825	267	236.755	236.755	236.755
452	16	0	51.820781	7.035906	3.130312	2814	267	237.305	237.305	237.305
453	16	0	51.270817	7.042110	3.130312	2803	267	237.855	237.855	237.855
454	16	0	50.720842	7.048315	3.130312	2792	267	238.405	238.405	238.405
455	16	0	50.170879	7.054519	3.130318	2781	267	238.955	238.955	238.955
456	16	0	49.620915	7.060720	3.130312	2770	266	239.505	239.505	239.505
457	16	0	49.070952	7.066924	3.130312	2759	266	240.055	240.055	240.055
458	16	0	48.520988	7.073128	3.130312	2748	266	240.605	240.605	240.605
459	16	0	47.971025	7.079333	3.130312	2737	266	241.155	241.155	241.155
460	16	0	47.421062	7.085537	3.130312	2726	266	241.705	241.705	241.705
461	16	0	46.871098	7.091741	3.130312	2715	266	242.255	242.255	242.255
462	16	0	46.321123	7.097945	3.130312	2704	266	242.805	242.805	242.805
463	16	0	45.771159	7.104150	3.130312	2693	266	243.355	243.355	243.355
464	16	0	45.221196	7.110354	3.130312	2682	265	243.905	243.905	243.905
465	16	0	44.671232	7.116558	3.130312	2671	265	244.455	244.455	244.455
466	16	0	44.121269	7.122762	3.130312	2660	265	245.005	245.005	245.005
467	16	0	43.571306	7.128966	3.130312	2649	265	245.555	245.555	245.555
468	16	0	43.021342	7.135171	3.130312	2638	265	246.105	246.105	246.105
469	16	0	42.471367	7.141375	3.130312	2627	265	246.655	246.655	246.655
470	16	0	41.921403	7.147579	3.130312	2616	265	247.205	247.205	247.205
471	16	0	41.371440	7.153783	3.130312	2605	265	247.755	247.755	247.755
472	16	0	40.821477	7.159988	3.130312	2594	264	248.305	248.305	248.305
473	16	0	40.271513	7.166192	3.130312	2583	264	248.855	248.855	248.855
474	16	0	39.721550	7.172396	3.130312	2572	264	249.405	249.405	249.405
475	16	0	39.171586	7.178600	3.130312	2561	264	249.955	249.955	249.955
476	16	0	38.621623	7.184804	3.130312	2550	264	250.505	250.505	250.505
477	16	0	38.071647	7.191009	3.130312	2539	264	251.055	251.055	251.055
478	16	0	37.521684	7.197213	3.130312	2528	264	251.605	251.605	251.605
479	16	0	36.971721	7.203417	3.130312	2517	264	252.155	252.155	252.155
480	16	0	36.421757	7.209621	3.130312	2506	263	252.705	252.705	252.705
481	16	0	35.871794	7.215826	3.130312	2495	263	253.255	253.255	253.255
482	16	0	35.321818	7.222030	3.130312	2484	263	253.805	253.805	253.805
483	16	0	34.771855	7.228234	3.130312	2473	263	254.355	254.355	254.355
484	16	0	34.221891	7.234438	3.130312	2462	263	254.905	254.905	254.905
485	16	0	33.671928	7.240642	3.130312	2451	263	255.455	255.455	255.455
486	16	0	33.121965	7.246847	3.130312	2440	263	256.005	256.005	256.005
487	16	0	32.572001	7.253051	3.130312	2429	263	256.555	256.555	256.555
488	16	0	32.022038	7.259255	3.130312	2418	262	257.105	257.105	257.105
489	16	0	31.472075	7.265459	3.130312	2407	262	257.655	257.655	257.655
490	16	0	30.922099	7.271664	3.130312	2396	262	258.205	258.205	258.205
491	16	0	30.372136	7.277868	3.130312	2385	262	258.755	258.755	258.755
492	16	0	29.822172	7.284072	3.130312	2374	262	259.305	259.305	259.305
493	16	0	29.272209	7.290276	3.130312	2363	262	259.855	259.855	259.855
494	16	0	28.722245	7.296480	3.130312	2352	262	260.405	260.405	260.405
495	16	0	28.172282	7.302685	3.130312	2341	262	260.955	260.955	260.955
496	16	0	27.622319	7.308889	3.130312	2330	261	261.505	261.505	261.505
497	16	0	27.072343	7.315093	3.130312	2319	261	262.055	262.055	262.055
498	16	0	26.522380	7.321297	3.130312	2308	261	262.605	262.605	262.605
499	16	0	25.972416	7.327502	3.130312	2297	261	263.155	263.155	263.155
500	16	0	25.422453	7.333706	3.130312	2286	261	263.705	263.705	263.705
501	16	0	24.872489	7.339910	3.130312	2275	261	264.255	264.255	264.255
502	16	0	24.322526	7.346114	3.130312	2264	261	264.805	264.805	264.805
503	16	0	23.772563	7.352318	3.130312	2253	261	265.355	265.355	265.355
504	16	0	23.222599	7.358523	3.130312	2242	260	265.905	265.905	265.905
505	16	0	22.672624	7.364727	3.130312	2231	260	266.455	266.455	266.455
506	16	0	22.122660	7.370931	3.130312	2220	260	267.005	267.005	267.005
507	16	0	21.572697	7.377135	3.130312	2209	260	267.555	267.555	267.555
508	16	0	21.022734	7.383340	3.130312	2198	260	268.105	268.105	268.105
509	16	0	20.472770	7.389544	3.130312	2187	260	268.655	268.655	268.655
510	16	0	19.922807	7.395748	3.130312	2176	260	269.205	269.205	269.205
511	16	0	19.372843	7.401952	3.130312	2165	260	269.755	269.755	269.755
512	16	0	18.822868	7.408157	3.130312	2154	259	270.305	270.305	270.305
513	16	0	18.272904	7.414361	3.130312	2143	259	270.855	270.855	270.855
514	16	0	17.722941	7.420565	3.130312	2132	259	271.405	271.405	271.405
515	16	0	17.172978	7.426769	3.130312	2121	259	271.955	271.955	271.955
516	16	0	16.623014	7.432973	3.130312	2110	259	272.505	272.505	272.505
517	16	0	16.073051	7.439178	3.130312	2099	259	273.055	273.055	273.055
518	16	0	15.523087	7.445382	3.130312	2088	259	273.605	273.605	273.605
519	16	0	14.973112	7.451586	3.130312	2077	259	274.155	274.155	274.155
520	16	0	14.423148	7.457790	3.130312	2066	258	274.705	274.705	274.705
521	16	0	13.873185	7.463995	3.130312	2055	258	275.255	275.255	275.255
522	16	0	13.323228	7.470199	3.130312	2044	258	275.805	275.805	275.805
523	16	0	12.773258	7.476403	3.130312	2033	258	276.355	276.355	276.355
524	16	0	12.223295	7.482607	3.130312	2022	258	276.905	276.905	276.905
525	16	0	11.673332	7.488811	3.130312	2011	258	277.455	277.455	277.455
526	16	0	11.123368	7.495016	3.130312	2000	258	278.005	278.005	278.005
527	16	0	10.573399	7.501220	3.130312	1989	258	278.555	278.555	278.555
528	16	0	10.023435	7.507424	3.130312	1978	257	279.105	279.105	279.105
529	16	0	9.473472	7.513628	3.130312	1967	257	279.655	279.655	279.655
530	16	0	8.923509	7.519833	3.130312	1956	257	280.205	280.205	280.205
531	16	0	8.373539	7.526037	3.130312	1945	257	280.755	280.755	280.755
532	16	0	7.823576	7.532241	3.130312	1934	257	281.305	281.305	281.305
533	16	0	7.273612	7.538445	3.130312	1923	257	281.855	281.855	281.855
534	16	0	6.723643	7.544649	3.130312	1912	257	282.405	282.405	282.405
535	16	0	6.173679	7.550854	3.130312	1901	257	282.955	282.955	282.955
536	16	0	5.623716	7.557058	3.130312	1890	256	283.505	283.505	283.505
537	16	0	5.073753	7.563262	3.130312	1879	256	284.055	284.055	284.055
538	16	0	4.523783	7.569466	3.130312	1868	256	284.605	284.605	284.605
539	16	0	3.973820	7.575671	3.130312	1857	256	285.155	285.155	285.155
540	16	0	3.423856	7.581875	3.130312	1846	256	285.705	285.705	285.705
541	16	0	2.873893	7.588079	3.130312	1835	256	286.255	286.255	286.255
542	16	0	2.323923	7.594283	3.130312	1824	256	286.805	286.805	286.805
543	16	0	1.773960	7.600487	3.130312	1813	256	287.355	287.355	287.355
544	16	0	1.223997	7.606692	3.130312	1802	255	287.905	287.905	287.905
545	16	0	0.674027	7.612896	3.130312	1791	255	288.455	288.455	288.455
546	16	0	0.124064	7.619100	3.130312	1780	255	289.005	289.005	289.005
547	16	0	-0.425900	7.625304	3.130312	1769	255	289.555	289.555	289.555
548	16	0	-0.975863	7.631509	3.130312	1758	255	290.105	290.105	290.105
549	16	0	-1.525832	7.637713	3.130312	1747	255	290.655	290.655	290.655
550	16	0	-2.075796	7.643917	3.130312	1736	255	291.205	291.205	291.205
551	16	0	-2.625759	7.650121	3.130312	1725	255	291.755	291.755	291.755
552	16	0	-3.175723	7.656325	3.130312	1714	254	292.305	292.305	292.305
553	16	0	-3.725692	7.662530	3.130312	1703	254	292.855	292.855	292.855
554	16	0	-4.275656	7.668734	3.130311	1692	254	293.405	293.405	293.405
555	16	0	-4.575637	7.672118	-1.582071	1686	254	293.705	293.705	293.705
556	16	0	-4.581838	7.122152	-0.011282	1686	265	294.255	294.255	294.255
557	16	0	-4.281857	7.118767	-0.011281	1692	265	294.555	294.555	294.555
558	16	0	-3.731893	7.112563	-0.011281	1703	265	295.105	295.105	295.105
559	16	0	-3.181930	7.106359	-0.011281	1714	265	295.655	295.655	295.655
560	16	0	-2.631967	7.100155	-0.011281	1725	266	296.205	296.205	296.205
561	16	0	-2.081997	7.093951	-0.011281	1736	266	296.755	296.755	296.755
562	16	0	-1.532034	7.087746	-0.011281	1747	266	297.305	297.305	297.305
563	16	0	-0.982070	7.081542	-0.011281	1758	266	297.855	297.855	297.855
564	16	0	-0.432107	7.075338	-0.011281	1769	266	298.405	298.405	298.405
565	16	0	0.117863	7.069134	-0.011281	1780	266	298.955	298.955	298.955
566	16	0	0.667826	7.062929	-0.011281	1791	266	299.505	299.505	299.505
567	16	0	1.217789	7.056725	-0.011281	1802	266	300.055	300.055	300.055
568	16	0	1.767759	7.050521	-0.011281	1813	267	300.605	300.605	300.605
569	16	0	2.317722	7.044317	-0.256261	1824	267	301.155	301.155	301.155
570	16	0	3.514262	6.730797	-0.518375	1848	273	302.392	302.392	302.392
571	16	0	3.961411	6.475741	-0.011281	1856	278	302.906	302.906	302.906
572	16	0	4.511375	6.469536	-0.011281	1867	278	303.456	303.456	303.456
573	16	0	5.061344	6.463332	-0.011281	1878	278	304.006	304.006	304.006
574	16	0	5.611308	6.457128	-0.011281	1889	278	304.556	304.556	304.556
575	16	0	6.161271	6.450924	-0.011281	1900	279	305.106	305.106	305.106
576	16	0	6.711234	6.444720	-0.011281	1911	279	305.656	305.656	305.656
577	16	0	7.261204	6.438515	-0.011281	1922	279	306.206	306.206	306.206
578	16	0	7.811167	6.432311	-0.011281	1933	279	306.756	306.756	306.756
579	16	0	8.361131	6.426107	-0.011281	1944	279	307.306	307.306	307.306
580	16	0	8.911100	6.419903	-0.011281	1955	279	307.856	307.856	307.856
581	16	0	9.461063	6.413698	-0.011281	1966	279	308.406	308.406	308.406
582	16	0	10.011027	6.407494	-0.011281	1977	279	308.956	308.956	308.956
583	16	0	10.560990	6.401290	0.608958	1988	280	309.506	309.506	309.506
584	16	0	10.913792	6.647323	-0.333028	1996	275	309.936	309.936	309.936
585	16	0	11.660923	6.388882	-0.011281	2010	280	310.727	310.727	310.727
586	16	0	12.210886	6.382677	-0.011281	2021	280	311.277	311.277	311.277
587	16	0	12.760850	6.376473	-0.011281	2032	280	311.827	311.827	311.827
588	16	0	13.310819	6.370269	-0.011281	2043	280	312.377	312.377	312.377
589	16	0	13.860783	6.364065	-0.011281	2054	280	312.927	312.927	312.927
590	16	0	14.410746	6.357860	-0.011281	2065	280	313.477	313.477	313.477
591	16	0	14.960710	6.351656	-0.011281	2076	281	314.027	314.027	314.027
592	16	0	15.510673	6.345452	-0.011281	2087	281	314.577	314.577	314.577
593	16	0	16.060636	6.339248	-0.011281	2098	281	315.127	315.127	315.127
594	16	0	16.610600	6.333044	-0.011280	2109	281	315.677	315.677	315.677
595	16	0	17.160575	6.326839	-0.011281	2120	281	316.227	316.227	316.227
596	16	0	17.710539	6.320635	-0.011281	2131	281	316.777	316.777	316.777
597	16	0	18.260502	6.314431	-0.011281	2142	281	317.327	317.327	317.327
598	16	0	18.810465	6.308227	-0.011281	2153	281	317.877	317.877	317.877
599	16	0	19.360429	6.302022	-0.011281	2164	282	318.427	318.427	318.427
600	16	0	19.910392	6.295818	-0.011281	2175	282	318.977	318.977	318.977
601	16	0	20.460356	6.289614	0.415344	2186	282	319.527	319.527	319.527
602	16	0	21.013139	6.533391	-0.011280	2198	277	320.131	320.131	320.131
603	16	0	21.563114	6.527187	-0.011281	2209	277	320.681	320.681	320.681
604	16	0	22.113078	6.520983	-0.011281	2220	277	321.231	321.231	321.231
605	16	0	22.663041	6.514779	-0.011281	2231	277	321.781	321.781	321.781
606	16	0	23.213005	6.508575	-0.011282	2242	277	322.331	322.331	322.331
607	16	0	23.512980	6.505190	-0.011280	2248	278	322.631	322.631	322.631
608	16	0	24.062956	6.498986	-0.011280	2259	278	323.181	323.181	323.181
609	16	0	24.862895	6.489962	-0.011280	2275	278	323.981	323.981	323.981
610	16	0	25.412870	6.483758	-0.011280	2286	278	324.531	324.531	324.531
611	16	0	26.212809	6.474734	-0.011281	2302	278	325.331	325.331	325.331
612	16	0	26.512797	6.471349	-0.011280	2308	278	325.631	325.631	325.631
613	16	0	27.312748	6.462325	-0.706023	2324	278	326.431	326.431	326.431
614	16	0	27.609904	6.208959	0.683442	2329	283	326.822	326.822	326.822
615	16	0	27.912712	6.455556	-0.011280	2336	279	327.212	327.212	327.212
616	16	0	28.712651	6.446532	-0.011280	2352	279	328.012	328.012	328.012
617	16	0	29.262626	6.440328	-0.011281	2363	279	328.562	328.562	328.562
618	16	0	29.812590	6.434124	-0.011281	2374	279	329.112	329.112	329.112
619	16	0	30.362553	6.427920	-0.011281	2385	279	329.662	329.662	329.662
620	16	0	30.912516	6.421715	-0.011281	2396	279	330.212	330.212	330.212
621	16	0	31.462480	6.415511	-0.011281	2407	279	330.762	330.762	330.762
622	16	0	32.012443	6.409307	-0.011281	2418	279	331.312	331.312	331.312
623	16	0	32.312431	6.405923	-0.011280	2424	279	331.612	331.612	331.612
624	16	0	33.362358	6.394079	-0.706003	2444	280	332.662	332.662	332.662
625	16	0	33.659526	6.140713	-0.011281	2450	285	333.053	333.053	333.053
626	16	0	34.209489	6.134508	-0.011281	2461	285	333.603	333.603	333.603
627	16	0	34.759453	6.128304	-0.011281	2472	285	334.153	334.153	334.153
628	16	0	35.309416	6.122100	0.415344	2483	285	334.703	334.703	334.703
629	16	0	35.862199	6.365877	-0.011281	2494	280	335.307	335.307	335.307
630	16	0	36.412162	6.359673	-0.011281	2505	280	335.857	335.857	335.857
631	16	0	36.712150	6.356289	-0.011278	2511	280	336.157	336.157	336.157
632	16	0	37.362101	6.348958	-0.011283	2524	281	336.807	336.807	336.807
633	16	0	38.062065	6.341061	-0.011282	2538	281	337.507	337.507	337.507
634	16	0	38.362040	6.337676	-0.011280	2544	281	337.807	337.807	337.807
635	16	0	39.161992	6.328652	-0.011281	2560	281	338.607	338.607	338.607
636	16	0	39.711955	6.322448	-0.011278	2571	281	339.157	339.157	339.157
637	16	0	40.161931	6.317373	-0.011281	2580	281	339.607	339.607	339.607
638	16	0	41.261857	6.304964	-0.011281	2602	282	340.707	340.707	340.707
639	16	0	42.711772	6.288607	-0.011282	2631	282	342.157	342.157	342.157
640	16	0	43.011748	6.285223	-0.011279	2637	282	342.457	342.457	342.457
641	16	0	44.261674	6.271123	-0.011284	2662	282	343.707	343.707	343.707
642	16	0	44.661650	6.266610	-0.011277	2670	282	344.107	344.107	344.107
643	16	0	45.061613	6.262099	-0.011282	2678	282	344.507	344.507	344.507
644	16	0	45.661577	6.255331	1.124841	2690	283	345.107	345.107	345.107
645	16	0	46.327336	7.647909	-0.011281	2704	255	346.650	346.650	346.650
646	16	0	46.877299	7.641704	-0.011281	2715	255	347.200	347.200	347.200
647	16	0	47.427263	7.635500	-0.011281	2726	255	347.750	347.750	347.750
648	16	0	47.977226	7.629296	-0.011281	2737	255	348.300	348.300	348.300
649	16	0	48.527190	7.623092	-0.011281	2748	255	348.850	348.850	348.850
650	16	0	49.077153	7.616888	-0.011281	2759	255	349.400	349.400	349.400
651	16	0	49.627116	7.610683	-0.011275	2770	255	349.950	349.950	349.950
652	16	0	50.177092	7.604482	-0.011281	2781	256	350.500	350.500	350.500
653	16	0	50.727055	7.598278	-0.011281	2792	256	351.050	351.050	351.050
654	16	0	51.277019	7.592074	-0.011281	2803	256	351.600	351.600	351.600
655	16	0	51.826982	7.585870	-0.011281	2814	256	352.150	352.150	352.150
656	16	0	52.376945	7.579665	-0.011281	2825	256	352.700	352.700	352.700
657	16	0	52.926909	7.573461	-0.011281	2836	256	353.250	353.250	353.250
658	16	0	53.476872	7.567257	-0.011280	2847	256	353.800	353.800	353.800
659	16	0	54.026848	7.561053	-0.011281	2858	256	354.350	354.350	354.350
660	16	0	54.576811	7.554848	-0.011281	2869	257	354.900	354.900	354.900
661	16	0	55.126775	7.548644	-0.011281	2880	257	355.450	355.450	355.450
662	16	0	55.676738	7.542440	-0.011281	2891	257	356.000	356.000	356.000
663	16	0	56.226701	7.536236	-0.011281	2902	257	356.550	356.550	356.550
664	16	0	56.776665	7.530032	-0.011281	2913	257	357.100	357.100	357.100
665	16	0	57.326628	7.523827	-0.011281	2924	257	357.650	357.650	357.650
666	16	0	57.876592	7.517623	-0.011280	2935	257	358.200	358.200	358.200
667	16	0	58.426567	7.511419	-0.011281	2946	257	358.750	358.750	358.750
668	16	0	58.976531	7.505215	-0.011281	2957	258	359.300	359.300	359.300
669	16	0	59.526494	7.499010	-0.011281	2968	258	359.850	359.850	359.850
670	16	0	60.076457	7.492806	-0.011281	2979	258	360.400	360.400	360.400
671	16	0	60.626421	7.486602	-0.011281	2990	258	360.950	360.950	360.950
672	16	0	61.176384	7.480398	-0.011281	3001	258	361.500	361.500	361.500
673	16	0	61.726347	7.474193	-0.011280	3012	258	362.050	362.050	362.050
674	16	0	62.276323	7.467989	-0.011281	3023	258	362.600	362.600	362.600
675	16	0	62.826286	7.461785	-0.011281	3034	258	363.150	363.150	363.150
676	16	0	63.376250	7.455581	-0.011281	3045	259	363.700	363.700	363.700
677	16	0	63.926213	7.449377	-0.011281	3056	259	364.250	364.250	364.250
678	16	0	64.476177	7.443172	-0.011281	3067	259	364.800	364.800	364.800
679	16	0	65.026140	7.436968	-0.011281	3078	259	365.350	365.350	365.350
680	16	0	65.576103	7.430764	-0.011281	3089	259	365.900	365.900	365.900
681	16	0	66.126067	7.424560	-0.011280	3100	259	366.450	366.450	366.450
682	16	0	66.676042	7.418355	-0.011281	3111	259	367.000	367.000	367.000
683	16	0	67.226006	7.412151	-0.011281	3122	259	367.550	367.550	367.550
684	16	0	67.775969	7.405947	-0.011281	3133	259	368.100	368.100	368.100
685	16	0	68.325932	7.399743	-0.011281	3144	260	368.650	368.650	368.650
686	16	0	68.875896	7.393539	-0.706009	3155	260	369.200	369.200	369.200
687	16	0	69.173064	7.140169	-0.887346	3161	265	369.591	369.591	369.591
688	16	0	69.419658	6.837371	-0.706029	3166	271	369.981	369.981	369.981
689	16	0	69.716814	6.584002	-0.011280	3172	276	370.372	370.372	370.372
690	16	0	70.266789	6.577798	-1.296028	3183	276	370.922	370.922	370.922
691	16	0	70.507183	5.725033	-0.796679	3187	293	371.808	371.808	371.808
692	16	0	71.050945	5.168862	-0.011281	3198	304	372.586	372.586	372.586
693	16	0	71.600908	5.162658	-0.796679	3209	304	373.136	373.136	373.136
694	16	0	72.144670	4.606487	-0.011281	3220	315	373.914	373.914	373.914
695	16	0	72.694634	4.600283	-0.796676	3231	316	374.464	374.464	374.464
696	16	0	73.238396	4.044115	-0.011281	3242	327	375.241	375.241	375.241
697	16	0	73.788359	4.037911	-0.796679	3253	327	375.791	375.791	375.791
698	16	0	74.332122	3.481740	-0.796676	3264	338	376.569	376.569	376.569
699	16	0	74.875884	2.925573	-0.011281	3275	349	377.347	377.347	377.347
700	16	0	75.425847	2.919369	-1.118435	3286	349	377.897	377.897	377.897
701	16	0	75.963396	1.813235	-0.011280	3297	371	379.127	379.127	379.127
702	16	0	76.513372	1.807030	-0.011281	3308	371	379.677	379.677	379.677
703	16	0	77.063335	1.800826	-0.011281	3319	372	380.227	380.227	380.227
704	16	0	77.613298	1.794622	-0.011281	3330	372	380.777	380.777	380.777
705	16	0	78.163262	1.788418	-0.011281	3341	372	381.327	381.327	381.327
706	16	0	78.713225	1.782213	-0.011281	3352	372	381.877	381.877	381.877
707	16	0	79.263189	1.776009	-0.011281	3363	372	382.427	382.427	382.427
708	16	0	79.813152	1.769805	-0.011280	3374	372	382.977	382.977	382.977
709	16	0	80.363127	1.763601	0.683467	3385	372	383.527	383.527	383.527
710	16	0	80.665923	2.010201	0.864772	3391	367	383.917	383.917	383.917
711	16	0	80.919292	2.307360	0.683467	3396	361	384.308	384.308	384.308
712	16	0	81.222087	2.553960	1.273453	3402	357	384.698	384.698	384.698
713	16	0	81.481670	3.401086	0.774123	3407	340	385.584	385.584	385.584
714	16	0	82.037835	3.944848	0.774120	3418	329	386.362	386.362	386.362
715	16	0	82.593999	4.488607	0.774112	3429	318	387.140	387.140	387.140
716	16	0	83.150176	5.032369	0.774123	3440	307	387.918	387.918	387.918
717	16	0	83.706340	5.576131	0.774120	3451	296	388.696	388.696	388.696
718	16	0	84.262505	6.119890	0.774112	3463	285	389.473	389.473	389.473
719	16	0	84.818682	6.663653	0.774120	3474	274	390.251	390.251	390.251
720	16	0	85.374846	7.207412	0.774112	3485	263	391.029	391.029	391.029
721	16	0	85.931023	7.751174	0.774120	3496	253	391.807	391.807	391.807
722	16	0	86.487188	8.294933	3.130312	3507	242	392.585	392.585	392.585
723	16	0	85.937224	8.301137	-2.367483	3496	242	393.135	393.135	393.135
724	16	0	85.381047	7.757378	-2.367470	3485	252	393.913	393.913	393.913
725	16	0	84.824883	7.213616	-2.367472	3474	263	394.690	394.690	394.690
726	16	0	84.268718	6.669857	-2.367481	3463	274	395.468	395.468	395.468
727	16	0	83.712542	6.126095	-2.367472	3452	285	396.246	396.246	396.246
728	16	0	83.156377	5.582336	-2.367470	3440	296	397.024	397.024	397.024
729	16	0	82.600212	5.038573	-2.367481	3429	307	397.802	397.802	397.802
730	16	0	82.044036	4.494811	-2.367472	3418	318	398.579	398.579	398.579
731	16	0	81.487871	3.951052	-2.367481	3407	329	399.357	399.357	399.357
732	16	0	80.931694	3.407290	-2.045719	3396	339	400.135	400.135	400.135
733	16	0	80.369329	2.313564	3.130312	3385	361	401.365	401.365	401.365
734	16	0	79.819365	2.319768	-2.045728	3374	361	401.915	401.915	401.915
735	16	0	79.256987	1.226043	3.130312	3362	383	403.145	403.145	403.145
736	16	0	78.707024	1.232247	3.130312	3351	383	403.695	403.695	403.695
737	16	0	78.157061	1.238451	3.130312	3340	383	404.245	404.245	404.245
738	16	0	77.607097	1.244655	3.130312	3329	383	404.795	404.795	404.795
739	16	0	77.057122	1.250860	3.130312	3318	383	405.345	405.345	405.345
740	16	0	76.507158	1.257064	3.130312	3307	382	405.895	405.895	405.895
741	16	0	75.957195	1.263268	3.130312	3296	382	406.445	406.445	406.445
742	16	0	75.407231	1.269472	3.130312	3285	382	406.995	406.995	406.995
743	16	0	74.857268	1.275677	3.130312	3274	382	407.545	407.545	407.545
744	16	0	74.307305	1.281881	3.130312	3263	382	408.095	408.095	408.095
745	16	0	73.757341	1.288085	3.130312	3252	382	408.645	408.645	408.645
746	16	0	73.207378	1.294289	2.435584	3241	382	409.195	409.195	409.195
747	16	0	72.910210	1.547658	0.774112	3235	377	409.585	409.585	409.585
748	16	0	73.213579	1.844256	-0.011281	3242	371	410.010	410.010	410.010
749	16	0	73.763542	1.838051	-0.011281	3253	371	410.560	410.560	410.560
750	16	0	74.313506	1.831847	-0.011281	3264	371	411.110	411.110	411.110
751	16	0	74.863469	1.825643	-0.011281	3275	371	411.660	411.660	411.660
752	16	0	75.413433	1.819439	-1.118426	3286	371	412.210	412.210	412.210
753	16	0	75.950994	0.713305	-0.011281	3296	393	413.439	413.439	413.439
754	16	0	76.500957	0.707100	-0.011281	3307	393	413.989	413.989	413.989
755	16	0	77.050920	0.700896	-0.011281	3318	394	414.539	414.539	414.539
756	16	0	77.600884	0.694692	-0.011281	3329	394	415.089	415.089	415.089
757	16	0	78.150847	0.688488	-0.011280	3340	394	415.639	415.639	415.639
758	16	0	78.700823	0.682284	-0.011281	3351	394	416.189	416.189	416.189
759	16	0	79.250786	0.676079	0.576727	3362	394	416.739	416.739	416.739
760	16	0	79.553020	0.872683	0.939267	3368	390	417.100	417.100	417.100
761	16	0	79.806951	1.219839	0.683448	3373	383	417.530	417.530	417.530
762	16	0	80.109758	1.466439	-2.367477	3379	378	417.921	417.921	417.921
763	16	0	78.997417	0.378918	-2.458145	3357	400	419.476	419.476	419.476
764	16	0	78.694609	0.132317	3.130312	3351	405	419.867	419.867	419.867
765	16	0	78.144646	0.138521	3.130312	3340	405	420.417	420.417	420.417
766	16	0	77.594683	0.144726	3.130312	3329	405	420.967	420.967	420.967
767	16	0	77.044719	0.150930	3.130312	3318	405	421.517	421.517	421.517
768	16	0	76.494756	0.157134	3.130312	3307	404	422.067	422.067	422.067
769	16	0	75.944792	0.163338	3.130312	3296	404	422.617	422.617	422.617
770	16	0	75.394829	0.169543	3.130312	3285	404	423.167	423.167	423.167
771	16	0	74.844853	0.175747	3.130312	3274	404	423.717	423.717	423.717
772	16	0	74.294890	0.181951	3.130312	3263	404	424.267	424.267	424.267
773	16	0	73.744927	0.188155	2.808560	3252	404	424.817	424.817	424.817
774	16	0	73.446074	0.291533	1.559513	3246	402	425.133	425.133	425.133
775	16	0	73.453972	0.991488	-0.706023	3246	388	425.833	425.833	425.833
776	16	0	73.751128	0.738122	-0.011280	3252	393	426.223	426.223	426.223
777	16	0	74.301103	0.731917	-0.011281	3263	393	426.774	426.774	426.774
778	16	0	74.851067	0.725713	-0.011281	3274	393	427.323	427.323	427.323
779	16	0	75.401030	0.719509	-1.118435	3285	393	427.873	427.873	427.873
780	16	0	75.938579	-0.386625	-0.011280	3296	415	429.103	429.103	429.103
781	16	0	76.488555	-0.392829	-0.011281	3307	415	429.653	429.653	429.653
782	16	0	77.038518	-0.399034	-0.011281	3318	416	430.203	430.203	430.203
783	16	0	77.588481	-0.405238	0.683461	3329	416	430.753	430.753	430.753
784	16	0	77.891277	-0.158640	-2.367472	3335	411	431.144	431.144	431.144
785	16	0	77.335112	-0.702400	-2.458145	3324	422	431.922	431.922	431.922
786	16	0	77.032305	-0.949000	3.130312	3318	427	432.312	432.312	432.312
787	16	0	76.482341	-0.942796	3.130312	3307	426	432.862	432.862	432.862
788	16	0	75.932378	-0.936592	3.130312	3296	426	433.412	433.412	433.412
789	16	0	75.382415	-0.930387	3.130312	3285	426	433.962	433.962	433.962
790	16	0	74.832451	-0.924183	3.130312	3274	426	434.512	434.512	434.512
791	16	0	74.282488	-0.917979	3.130312	3263	426	435.062	435.062	435.062
792	16	0	73.732524	-0.911775	1.559521	3252	426	435.612	435.612	435.612
793	16	0	73.738726	-0.361808	-0.011281	3252	415	436.162	436.162	436.162
794	16	0	74.288689	-0.368012	-0.011281	3263	415	436.712	436.712	436.712
795	16	0	74.838652	-0.374217	-0.011281	3274	415	437.262	437.262	437.262
796	16	0	75.388616	-0.380421	-0.556934	3285	415	437.812	437.812	437.812
797	16	0	76.778948	-1.246162	-1.940852	3313	433	439.450	439.450	439.450
798	16	0	76.469939	-2.042726	3.130312	3307	448	440.304	440.304	440.304
799	16	0	75.919976	-2.036521	3.130312	3296	448	440.854	440.854	440.854
800	16	0	75.370012	-2.030317	3.130312	3285	448	441.404	441.404	441.404
801	16	0	74.820037	-2.024113	3.130312	3274	448	441.954	441.954	441.954
802	16	0	74.270073	-2.017909	3.130312	3263	448	442.504	442.504	442.504
803	16	0	73.720110	-2.011704	1.559521	3252	448	443.054	443.054	443.054
804	16	0	73.726311	-1.461738	-0.011280	3252	437	443.604	443.604	443.604
805	16	0	74.276287	-1.467942	-0.011281	3263	437	444.154	444.154	444.154
806	16	0	74.826250	-1.474146	-0.011281	3274	437	444.704	444.704	444.704
807	16	0	75.376213	-1.480351	-0.011281	3285	437	445.254	445.254	445.254
808	16	0	75.926177	-1.486555	-0.011281	3296	437	445.804	445.804	445.804
809	16	0	76.476140	-1.492759	-1.853018	3307	437	446.354	446.354	446.354
810	16	0	76.216008	-2.389884	-2.564884	3302	455	447.288	447.288	447.288
811	16	0	75.913762	-2.586488	3.130312	3296	459	447.649	447.649	447.649
812	16	0	75.363799	-2.580284	3.130312	3285	459	448.199	448.199	448.199
813	16	0	74.813835	-2.574079	3.130312	3274	459	448.749	448.749	448.749
814	16	0	74.263872	-2.567875	3.130312	3263	459	449.299	449.299	449.299
815	16	0	73.713909	-2.561671	-1.582071	3252	459	449.849	449.849	449.849
816	16	0	73.707707	-3.111634	-0.011281	3251	470	450.399	450.399	450.399
817	16	0	74.257671	-3.117839	-0.011281	3262	470	450.949	450.949	450.949
818	16	0	74.807634	-3.124043	-0.011281	3273	470	451.499	451.499	451.499
819	16	0	75.357598	-3.130247	0.683448	3284	470	452.049	452.049	452.049
820	16	0	75.660405	-2.883647	-2.367481	3290	465	452.440	452.440	452.440
821	16	0	75.104228	-3.427409	-2.458125	3279	476	453.217	453.217	453.217
822	16	0	74.801433	-3.674009	3.130312	3273	481	453.608	453.608	453.608
823	16	0	74.251470	-3.667805	3.130312	3262	481	454.158	454.158	454.158
824	16	0	73.701494	-3.661601	-1.582071	3251	481	454.708	454.708	454.708
825	16	0	73.695293	-4.211567	-0.011275	3251	492	455.258	455.258	455.258
826	16	0	74.245256	-4.217768	-0.011286	3262	492	455.808	455.808	455.808
827	16	0	74.795220	-4.223976	0.683454	3273	492	456.358	456.358	456.358
828	16	0	75.098027	-3.977372	-1.940851	3279	487	456.748	456.748	456.748
829	16	0	74.789019	-4.773939	-2.276815	3273	503	457.603	457.603	457.603
830	16	0	74.535649	-5.071101	-2.458125	3268	509	457.993	457.993	457.993
831	16	0	74.232854	-5.317701	3.130306	3262	514	458.384	458.384	458.384
832	16	0	73.682891	-5.311494	-2.458145	3251	514	458.934	458.934	458.934
833	16	0	73.380083	-5.558094	-2.276815	3245	519	459.324	459.324	459.324
834	16	0	73.126714	-5.855256	-2.458125	3240	525	459.715	459.715	459.715
835	16	0	72.823918	-6.101857	-2.276815	3234	530	460.105	460.105	460.105
836	16	0	72.570549	-6.399018	-1.940852	3229	536	460.496	460.496	460.496
837	16	0	72.261540	-7.195582	-2.276815	3222	552	461.350	461.350	461.350
838	16	0	72.008171	-7.492744	-2.458125	3217	557	461.741	461.741	461.741
839	16	0	71.705376	-7.739344	-2.276825	3211	562	462.131	462.131	462.131
840	16	0	71.452007	-8.036500	-2.458133	3206	568	462.522	462.522	462.522
841	16	0	71.149199	-8.283107	-2.276815	3200	573	462.912	462.912	462.912
842	16	0	70.895830	-8.580268	-2.458137	3195	579	463.303	463.303	463.303
843	16	0	70.593035	-8.826863	-2.276815	3189	584	463.693	463.693	463.693
844	16	0	70.339665	-9.124025	3.130318	3184	590	464.084	464.084	464.084
845	16	0	69.789702	-9.117823	-2.458137	3173	590	464.634	464.634	464.634
846	16	0	69.486907	-9.364418	-2.276815	3167	595	465.024	465.024	465.024
847	16	0	69.233537	-9.661579	-2.831115	3162	601	465.415	465.415	465.415
848	16	0	68.932427	-9.758192	-1.582068	3156	603	465.731	465.731	465.731
849	16	0	68.929045	-10.058174	0.310489	3156	609	466.031	466.031	466.031
850	16	0	69.230144	-9.961561	-0.011284	3162	607	466.347	466.347	466.347
851	16	0	70.030095	-9.970588	-0.011271	3178	607	467.147	467.147	467.147
852	16	0	70.330083	-9.973970	-0.011286	3184	607	467.447	467.447	467.447
853	16	0	70.880046	-9.980177	-0.011275	3195	607	467.997	467.997	467.997
854	16	0	71.430010	-9.986378	-0.011286	3206	607	468.547	468.547	468.547
855	16	0	71.979973	-9.992585	-0.011275	3217	607	469.097	469.097	469.097
856	16	0	72.529936	-9.998787	-0.011286	3228	608	469.647	469.647	469.647
857	16	0	73.079900	-10.004994	-0.011275	3239	608	470.197	470.197	470.197
858	16	0	73.629863	-10.011195	-0.599285	3250	608	470.747	470.747	470.747
859	16	0	73.927593	-10.214570	2.099924	3256	612	471.108	471.108	471.108
860	16	0	73.633257	-9.711213	3.130318	3250	602	471.691	471.691	471.691
861	16	0	73.083293	-9.705012	3.130307	3239	602	472.241	472.241	472.241
862	16	0	72.533318	-9.698805	3.130318	3228	602	472.791	472.791	472.791
863	16	0	71.983354	-9.692604	3.130306	3217	601	473.341	473.341	473.341
864	16	0	71.433391	-9.686396	3.130318	3206	601	473.891	473.891	473.891
865	16	0	70.883428	-9.680195	3.130306	3195	601	474.441	474.441	474.441
866	16	0	70.333464	-9.673988	3.130318	3184	601	474.991	474.991	474.991
867	16	0	69.783501	-9.667787	0.452368	3173	601	475.541	475.541	475.541
868	16	0	70.889629	-9.130232	-0.011275	3195	590	476.771	476.771	476.771
869	16	0	71.439592	-9.136433	-0.011286	3206	590	477.321	477.321	477.321
870	16	0	71.989568	-9.142640	-0.011275	3217	590	477.871	477.871	477.871
871	16	0	72.539531	-9.148841	-0.011286	3228	591	478.421	478.421	478.421
872	16	0	73.089495	-9.155049	-0.011275	3239	591	478.971	478.971	478.971
873	16	0	73.639458	-9.161250	0.452352	3250	591	479.521	479.521	479.521
874	16	0	73.941130	-9.014650	1.559509	3256	588	479.856	479.856	479.856
875	16	0	73.948467	-8.364686	2.344923	3256	575	480.506	480.506	480.506
876	16	0	73.651860	-8.061317	3.130318	3250	569	480.931	480.931	480.931
877	16	0	73.101897	-8.055116	3.130306	3239	569	481.481	481.481	481.481
878	16	0	72.551934	-8.048909	3.130318	3228	569	482.031	482.031	482.031
879	16	0	72.001970	-8.042707	-2.367470	3217	568	482.581	482.581	482.581
880	16	0	71.445806	-8.586470	-0.011286	3206	579	483.358	483.358	483.358
881	16	0	71.995769	-8.592677	-0.011275	3217	579	483.908	483.908	483.908
882	16	0	72.545732	-8.598878	-0.011286	3228	580	484.458	484.458	484.458
883	16	0	73.095696	-8.605085	-0.011275	3239	580	485.008	485.008	485.008
884	16	0	73.645659	-8.611286	1.154627	3250	580	485.558	485.558	485.558
885	16	0	73.953533	-7.914717	1.000903	3256	566	486.320	486.320	486.320
886	16	0	74.208037	-7.517561	1.559521	3261	558	486.792	486.792	486.792
887	16	0	74.214238	-6.967597	3.130306	3262	547	487.342	487.342	487.342
888	16	0	73.664275	-6.961390	3.130318	3251	547	487.892	487.892	487.892
889	16	0	73.114311	-6.955189	3.130306	3240	547	488.442	488.442	488.442
890	16	0	72.564348	-6.948982	-1.582094	3229	547	488.992	488.992	488.992
891	16	0	72.558135	-7.498945	-0.011286	3228	558	489.542	489.542	489.542
892	16	0	73.108110	-7.505152	-0.011275	3239	558	490.092	490.092	490.092
893	16	0	73.658074	-7.511354	1.095871	3250	558	490.642	490.642	490.642
894	16	0	74.220439	-6.417634	0.683460	3262	536	491.871	491.871	491.871
895	16	0	74.523247	-6.171028	2.344913	3268	531	492.262	492.262	492.262
896	16	0	74.226653	-5.867665	3.130307	3262	525	492.686	492.686	492.686
897	16	0	73.676677	-5.861457	-2.367464	3251	525	493.236	493.236	493.236
898	16	0	73.120513	-6.405226	-0.011275	3240	536	494.014	494.014	494.014
899	16	0	73.670476	-6.411427	0.743824	3251	536	494.564	494.564	494.564
900	16	0	74.529448	-5.621064	1.898810	3268	520	495.731	495.731	495.731
901	16	0	74.239055	-4.767738	3.130306	3262	503	496.633	496.633	496.633
902	16	0	73.689092	-4.761531	-2.458145	3251	503	497.183	497.183	497.183
903	16	0	73.386284	-5.008131	-1.455103	3245	508	497.573	497.573	497.573
904	16	0	73.933232	-9.714601	1.656667	3256	602	502.311	502.311	502.311
905	16	0	72.916411	2.097625	1.845565	3236	366	514.167	514.167	514.167
906	16	0	72.676018	2.950390	2.344917	3231	349	515.053	515.053	515.053
907	16	0	72.132256	3.506557	2.344914	3220	337	515.831	515.831	515.831
908	16	0	71.588494	4.062728	2.344917	3209	326	516.609	516.609	516.609
909	16	0	71.044731	4.618896	2.344903	3198	315	517.387	517.387	517.387
910	16	0	70.500981	5.175066	2.344914	3187	304	518.165	518.165	518.165
911	16	0	69.957219	5.731237	3.130312	3176	293	518.942	518.942	518.942
912	16	0	69.407256	5.737441	2.023167	3165	293	519.492	519.492	519.492
913	16	0	68.869695	6.843575	3.130312	3155	271	520.722	520.722	520.722
914	16	0	68.319731	6.849779	3.130312	3144	271	521.272	521.272	521.272
915	16	0	67.769768	6.855984	3.130312	3133	270	521.822	521.822	521.822
916	16	0	67.219805	6.862188	2.282499	3122	270	522.372	522.372	522.372
917	16	0	66.479436	7.720592	2.510057	3107	253	523.506	523.506	523.506
918	16	0	66.132280	7.974526	3.130312	3100	248	523.936	523.936	523.936
919	16	0	65.582317	7.980730	3.130312	3089	248	524.486	524.486	524.486
920	16	0	65.032341	7.986935	3.130312	3078	248	525.036	525.036	525.036
921	16	0	64.482378	7.993139	3.130312	3067	248	525.586	525.586	525.586
922	16	0	63.932414	7.999343	3.130312	3056	248	526.136	526.136	526.136
923	16	0	63.382451	8.005547	3.130312	3045	248	526.686	526.686	526.686
924	16	0	62.832488	8.011751	3.130312	3034	247	527.236	527.236	527.236
925	16	0	62.282524	8.017956	3.130312	3023	247	527.786	527.786	527.786
926	16	0	61.732561	8.024160	3.130312	3012	247	528.336	528.336	528.336
927	16	0	61.182597	8.030364	3.130312	3001	247	528.886	528.886	528.886
928	16	0	60.632622	8.036568	3.130312	2990	247	529.436	529.436	529.436
929	16	0	60.082658	8.042773	3.130312	2979	247	529.986	529.986	529.986
930	16	0	59.532695	8.048977	3.130312	2968	247	530.536	530.536	530.536
931	16	0	58.982732	8.055181	-2.458119	2957	247	531.086	531.086	531.086
932	16	0	58.679936	7.808578	3.130309	2951	251	531.476	531.476	531.476
933	16	0	57.879985	7.817605	2.703683	2935	251	532.276	532.276	532.276
934	16	0	57.332842	8.073794	3.130312	2924	246	532.881	532.881	532.881
935	16	0	56.782866	8.079998	3.130312	2913	246	533.431	533.431	533.431
936	16	0	56.232903	8.086202	3.130312	2902	246	533.981	533.981	533.981
937	16	0	55.682939	8.092406	3.130312	2891	246	534.531	534.531	534.531
938	16	0	55.132976	8.098611	-2.689220	2880	246	535.081	535.081	535.081
939	16	0	54.630193	7.854266	3.130311	2870	251	535.640	535.640	535.640
940	16	0	54.030229	7.861034	3.130312	2858	250	536.240	536.240	536.240
941	16	0	53.480266	7.867239	3.130313	2847	250	536.790	536.790	536.790
942	16	0	52.980290	7.872878	3.130311	2837	250	537.290	537.290	537.290
943	16	0	52.380327	7.879647	3.130312	2825	250	537.890	537.890	537.890
944	16	0	51.830363	7.885851	3.130321	2814	250	538.440	538.440	538.440
945	16	0	51.530388	7.889233	3.130309	2808	250	538.740	538.740	538.740
946	16	0	50.730437	7.898260	3.130312	2792	250	539.540	539.540	539.540
947	16	0	50.180473	7.904464	3.130318	2781	250	540.090	540.090	540.090
948	16	0	49.630510	7.910665	3.130311	2770	249	540.640	540.640	540.640
949	16	0	49.330522	7.914049	3.130312	2764	249	540.940	540.940	540.940
950	16	0	48.530571	7.923074	3.130312	2748	249	541.740	541.740	541.740
951	16	0	47.980607	7.929278	3.130312	2737	249	542.290	542.290	542.290
952	16	0	47.430644	7.935482	3.130312	2726	249	542.840	542.840	542.840
953	16	0	46.880681	7.941686	3.130312	2715	249	543.390	543.390	543.390
954	16	0	46.330717	7.947890	3.130312	2704	249	543.940	543.940	543.940
955	16	0	45.780754	7.954095	3.130312	2693	249	544.490	544.490	544.490
956	16	0	45.230791	7.960299	3.130312	2682	248	545.040	545.040	545.040
957	16	0	44.680815	7.966503	3.130312	2671	248	545.590	545.590	545.590
958	16	0	44.130852	7.972707	3.130308	2660	248	546.140	546.140	546.140
959	16	0	43.330913	7.981734	3.130322	2644	248	546.940	546.940	546.940
960	16	0	43.030925	7.985116	3.130312	2638	248	547.240	547.240	547.240
961	16	0	42.480961	7.991320	3.130312	2627	248	547.790	547.790	547.790
962	16	0	41.930998	7.997524	3.130312	2616	248	548.340	548.340	548.340
963	16	0	41.381035	8.003728	3.130311	2605	248	548.890	548.890	548.890
964	16	0	41.081047	8.007113	3.130312	2599	247	549.190	549.190	549.190
965	16	0	40.281096	8.016137	3.130309	2583	247	549.990	549.990	549.990
966	16	0	39.881120	8.020650	3.130314	2575	247	550.390	550.390	550.390
967	16	0	39.181169	8.028545	3.130312	2561	247	551.090	551.090	551.090
968	16	0	38.631205	8.034750	3.130312	2550	247	551.640	551.640	551.640
969	16	0	38.081242	8.040954	3.130312	2539	247	552.190	552.190	552.190
970	16	0	37.281291	8.049978	3.130311	2523	247	552.990	552.990	552.990
971	16	0	36.981303	8.053362	3.130312	2517	247	553.290	553.290	553.290
972	16	0	36.431340	8.059566	3.130312	2506	246	553.840	553.840	553.840
973	16	0	35.881376	8.065771	3.130312	2495	246	554.390	554.390	554.390
974	16	0	35.331413	8.071975	3.130312	2484	246	554.940	554.940	554.940
975	16	0	34.781450	8.078179	3.130312	2473	246	555.490	555.490	555.490
976	16	0	33.981498	8.087203	3.130311	2457	246	556.290	556.290	556.290
977	16	0	33.681523	8.090588	3.130312	2451	246	556.590	556.590	556.590
978	16	0	33.131547	8.096792	3.130312	2440	246	557.140	557.140	557.140
979	16	0	32.581584	8.102996	3.130311	2429	246	557.690	557.690	557.690
980	16	0	32.281608	8.106380	-2.276815	2423	245	557.990	557.990	557.990
981	16	0	32.028239	7.809219	3.130312	2418	251	558.380	558.380	558.380
982	16	0	31.478276	7.815423	3.130312	2407	251	558.930	558.930	558.930
983	16	0	30.928312	7.821627	3.130312	2396	251	559.480	559.480	559.480
984	16	0	30.378349	7.827831	3.130312	2385	251	560.030	560.030	560.030
985	16	0	29.828373	7.834035	3.130312	2374	251	560.580	560.580	560.580
986	16	0	29.278410	7.840240	3.130312	2363	251	561.130	561.130	561.130
987	16	0	28.728447	7.846444	3.130312	2352	251	561.680	561.680	561.680
988	16	0	28.178483	7.852648	3.130312	2341	251	562.230	562.230	562.230
989	16	0	27.628520	7.858852	3.130312	2330	250	562.780	562.780	562.780
990	16	0	27.078556	7.865057	3.130312	2319	250	563.330	563.330	563.330
991	16	0	26.528593	7.871261	3.130312	2308	250	563.880	563.880	563.880
992	16	0	25.978617	7.877465	3.130312	2297	250	564.430	564.430	564.430
993	16	0	25.428654	7.883669	3.130312	2286	250	564.980	564.980	564.980
994	16	0	24.878691	7.889873	3.130312	2275	250	565.530	565.530	565.530
995	16	0	24.328727	7.896078	3.130312	2264	250	566.080	566.080	566.080
996	16	0	23.778764	7.902282	3.130312	2253	250	566.630	566.630	566.630
997	16	0	23.228800	7.908486	3.130312	2242	249	567.180	567.180	567.180
998	16	0	22.678837	7.914690	3.130312	2231	249	567.730	567.730	567.730
999	16	0	22.128861	7.920895	3.130312	2220	249	568.280	568.280	568.280
1000	16	0	21.578898	7.927099	3.130312	2209	249	568.830	568.830	568.830
1001	16	0	21.028935	7.933303	3.130312	2198	249	569.380	569.380	569.380
1002	16	0	20.478971	7.939507	3.130312	2187	249	569.930	569.930	569.930
1003	16	0	19.929008	7.945711	3.130312	2176	249	570.480	570.480	570.480
1004	16	0	19.379045	7.951916	3.130312	2165	249	571.030	571.030	571.030
1005	16	0	18.829081	7.958120	3.130312	2154	248	571.580	571.580	571.580
1006	16	0	18.279118	7.964324	3.130312	2143	248	572.130	572.130	572.130
1007	16	0	17.729142	7.970528	3.130312	2132	248	572.680	572.680	572.680
1008	16	0	17.179179	7.976733	3.130312	2121	248	573.230	573.230	573.230
1009	16	0	16.629215	7.982937	3.130312	2110	248	573.780	573.780	573.780
1010	16	0	16.079252	7.989141	3.130312	2099	248	574.330	574.330	574.330
1011	16	0	15.529289	7.995345	3.130312	2088	248	574.880	574.880	574.880
1012	16	0	14.979325	8.001549	3.130312	2077	248	575.430	575.430	575.430
1013	16	0	14.429362	8.007754	3.130312	2066	247	575.980	575.980	575.980
1014	16	0	13.879386	8.013958	3.130312	2055	247	576.530	576.530	576.530
1015	16	0	13.329429	8.020162	3.130312	2044	247	577.080	577.080	577.080
1016	16	0	12.779466	8.026366	3.130312	2033	247	577.630	577.630	577.630
1017	16	0	12.229502	8.032571	3.130312	2022	247	578.180	578.180	578.180
1018	16	0	11.679533	8.038775	3.130312	2011	247	578.730	578.730	578.730
1019	16	0	11.129569	8.044979	3.130312	2000	247	579.280	579.280	579.280
1020	16	0	10.579606	8.051183	3.130312	1989	247	579.830	579.830	579.830
1021	16	0	10.029643	8.057387	3.130312	1978	246	580.380	580.380	580.380
1022	16	0	9.479673	8.063592	3.130312	1967	246	580.930	580.930	580.930
1023	16	0	8.929710	8.069796	3.130312	1956	246	581.480	581.480	581.480
1024	16	0	8.379746	8.076000	3.130312	1945	246	582.030	582.030	582.030
1025	16	0	7.829777	8.082204	3.130312	1934	246	582.580	582.580	582.580
1026	16	0	7.279813	8.088409	3.130312	1923	246	583.130	583.130	583.130
1027	16	0	6.729850	8.094613	3.130312	1912	246	583.680	583.680	583.680
1028	16	0	6.179887	8.100817	3.130312	1901	246	584.230	584.230	584.230
1029	16	0	5.629917	8.107021	3.130312	1890	245	584.780	584.780	584.780
1030	16	0	5.079954	8.113225	3.130312	1879	245	585.330	585.330	585.330
1031	16	0	4.529990	8.119430	3.130312	1868	245	585.880	585.880	585.880
1032	16	0	3.980027	8.125634	3.130312	1857	245	586.430	586.430	586.430
1033	16	0	3.430058	8.131838	3.130312	1846	245	586.980	586.980	586.980
1034	16	0	2.880094	8.138042	3.130312	1835	245	587.530	587.530	587.530
1035	16	0	2.330131	8.144247	3.130312	1824	245	588.080	588.080	588.080
1036	16	0	1.780167	8.150451	3.130312	1813	245	588.630	588.630	588.630
1037	16	0	1.230198	8.156655	3.130312	1802	244	589.180	589.180	589.180
1038	16	0	0.680234	8.162859	3.130312	1791	244	589.730	589.730	589.730
1039	16	0	0.130271	8.169063	3.130312	1780	244	590.280	590.280	590.280
1040	16	0	-0.419698	8.175268	3.130312	1769	244	590.830	590.830	590.830
1041	16	0	-0.969662	8.181472	3.130312	1758	244	591.380	591.380	591.380
1042	16	0	-1.519625	8.187676	3.130312	1747	244	591.930	591.930	591.930
1043	16	0	-2.069589	8.193880	3.130312	1736	244	592.480	592.480	592.480
1044	16	0	-2.619558	8.200085	3.130312	1725	244	593.030	593.030	593.030
1045	16	0	-3.169521	8.206289	3.130312	1714	243	593.580	593.580	593.580
1046	16	0	-3.719485	8.212493	3.130312	1703	243	594.130	594.130	594.130
1047	16	0	-4.269448	8.218697	-1.761933	1692	243	594.680	594.680	594.680
1048	16	0	-4.588046	6.572188	-0.011282	1685	276	596.357	596.357	596.357
1049	16	0	-4.288064	6.568804	-0.011281	1691	276	596.657	596.657	596.657
1050	16	0	-3.738101	6.562600	-0.011281	1702	276	597.207	597.207	597.207
1051	16	0	-3.188131	6.556396	-0.011281	1713	276	597.757	597.757	597.757
1052	16	0	-2.638168	6.550191	-0.011281	1724	277	598.307	598.307	598.307
1053	16	0	-2.088204	6.543987	-0.011281	1735	277	598.857	598.857	598.857
1054	16	0	-1.538241	6.537783	-0.011281	1746	277	599.407	599.407	599.407
1055	16	0	-0.988271	6.531579	-0.011281	1757	277	599.957	599.957	599.957
1056	16	0	-0.438308	6.525375	-0.011281	1768	277	600.507	600.507	600.507
1057	16	0	0.111655	6.519170	-0.011281	1779	277	601.057	601.057	601.057
1058	16	0	0.661619	6.512966	-0.011281	1790	277	601.607	601.607	601.607
1059	16	0	1.211588	6.506762	-1.242785	1801	277	602.157	602.157	602.157
1060	16	0	1.501981	5.653429	-1.528366	1807	295	603.059	603.059	603.059
1061	16	0	1.699509	1.000905	3.130312	1811	388	607.715	607.715	607.715
1062	16	0	1.149546	1.007110	3.130312	1800	387	608.265	608.265	608.265
1063	16	0	0.599583	1.013314	3.130312	1789	387	608.815	608.815	608.815
1064	16	0	0.049613	1.019518	3.130312	1778	387	609.365	609.365	609.365
1065	16	0	-0.500350	1.025722	-1.519658	1767	387	609.915	609.915	609.915
1066	16	0	-0.049654	-7.779921	-0.011286	1776	563	618.732	618.732	618.732
1067	16	0	0.500315	-7.786128	-0.011275	1787	563	619.282	619.282	619.282
1068	16	0	1.050278	-7.792329	0.730029	1798	563	619.832	619.832	619.832
1069	16	0	18.982450	8.256411	-0.011281	2157	242	643.897	643.897	643.897
1070	16	0	19.282438	8.253027	-0.011281	2163	243	644.197	644.197	644.197
1071	16	0	23.432170	8.206213	-0.011283	2246	243	648.347	648.347	648.347
1072	16	0	23.782145	8.202264	-0.011281	2253	244	648.697	648.697	648.697
1073	16	0	24.332109	8.196059	-0.011281	2264	244	649.247	649.247	649.247
1074	16	0	24.882072	8.189855	-0.011280	2275	244	649.797	649.797	649.797
1075	16	0	25.432048	8.183651	-0.011280	2286	244	650.347	650.347	650.347
1076	16	0	25.932011	8.178011	-0.011282	2296	244	650.847	650.847	650.847
1077	16	0	26.531974	8.171242	-0.011281	2308	244	651.447	651.447	651.447
1078	16	0	27.081938	8.165038	-0.011280	2319	244	651.997	651.997	651.997
1079	16	0	27.881889	8.156014	-0.011282	2335	244	652.797	652.797	652.797
1080	16	0	28.181865	8.152630	-0.011281	2341	245	653.097	653.097	653.097
1081	16	0	28.731828	8.146426	-0.011281	2352	245	653.647	653.647	653.647
1082	16	0	29.281791	8.140221	-0.011280	2363	245	654.197	654.197	654.197
1083	16	0	29.831767	8.134017	-0.011281	2374	245	654.747	654.747	654.747
1084	16	0	30.381730	8.127813	-0.146809	2385	245	655.297	655.297	655.297
1085	16	0	32.578202	7.803014	-0.011281	2429	252	657.518	657.518	657.518
1086	16	0	33.128166	7.796810	-0.011281	2440	252	658.068	658.068	658.068
1087	16	0	33.678129	7.790606	-0.011281	2451	252	658.618	658.618	658.618
1088	16	0	34.228093	7.784402	-0.011280	2462	252	659.168	659.168	659.168
1089	16	0	34.778068	7.778197	-0.011281	2473	252	659.718	659.718	659.718
1090	16	0	35.328032	7.771993	-0.011281	2484	252	660.268	660.268	660.268
1091	16	0	35.877995	7.765789	-0.011281	2495	252	660.818	660.818	660.818
1092	16	0	36.427958	7.759585	-0.011281	2506	252	661.368	661.368	661.368
1093	16	0	36.977922	7.753381	-0.011281	2517	253	661.918	661.918	661.918
1094	16	0	37.527885	7.747176	-0.011281	2528	253	662.468	662.468	662.468
1095	16	0	38.077849	7.740972	-0.011280	2539	253	663.018	663.018	663.018
1096	16	0	38.627824	7.734768	-0.011281	2550	253	663.568	663.568	663.568
1097	16	0	39.177788	7.728564	-0.011281	2561	253	664.118	664.118	664.118
1098	16	0	39.727751	7.722359	-0.011281	2572	253	664.668	664.668	664.668
1099	16	0	40.277714	7.716155	-0.011281	2583	253	665.218	665.218	665.218
1100	16	0	40.827678	7.709951	-0.011281	2594	253	665.768	665.768	665.768
1101	16	0	41.377641	7.703747	-0.011280	2605	254	666.318	666.318	666.318
1102	16	0	41.927617	7.697542	-0.011281	2616	254	666.868	666.868	666.868
1103	16	0	42.477580	7.691338	-0.011281	2627	254	667.418	667.418	667.418
1104	16	0	43.027543	7.685134	-0.011281	2638	254	667.968	667.968	667.968
1105	16	0	43.577507	7.678930	-0.011281	2649	254	668.518	668.518	668.518
1106	16	0	44.127470	7.672726	-0.011281	2660	254	669.068	669.068	669.068
1107	16	0	44.677434	7.666521	-0.011281	2671	254	669.618	669.618	669.618
1108	16	0	45.227397	7.660317	-0.011280	2682	254	670.168	670.168	670.168
1109	16	0	45.777373	7.654113	-0.482176	2693	255	670.718	670.718	670.718
1110	16	0	48.511394	6.223180	-0.011280	2747	283	673.804	673.804	673.804
1111	16	0	49.061369	6.216976	-0.011281	2758	283	674.354	674.354	674.354
1112	16	0	49.611333	6.210772	-0.011280	2769	283	674.904	674.904	674.904
1113	16	0	50.111296	6.205132	-0.011276	2779	284	675.404	675.404	675.404
1114	16	0	50.711259	6.198366	-0.011281	2791	284	676.004	676.004	676.004
1115	16	0	51.261223	6.192162	-0.011281	2802	284	676.554	676.554	676.554
1116	16	0	51.811186	6.185958	-0.011281	2813	284	677.104	677.104	677.104
1117	16	0	52.111174	6.182574	0.102701	2819	284	677.404	677.404	677.404
1118	16	0	66.979399	7.714953	-0.011280	3117	253	692.351	692.351	692.351
1119	16	0	67.779350	7.705929	-0.011281	3133	253	693.151	693.151	693.151
1120	16	0	68.079338	7.702544	-0.721066	3139	254	693.451	693.451	693.451
1121	16	0	71.594707	4.612691	-0.796687	3209	315	698.131	698.131	698.131
1122	16	0	72.138457	4.056524	-0.011280	3220	326	698.909	698.909	698.909
1123	16	0	72.688433	4.050320	-0.796679	3231	327	699.459	699.459	699.459
1124	16	0	73.232195	3.494149	-0.011281	3242	338	700.237	700.237	700.237
1125	16	0	73.782158	3.487945	-0.796676	3253	338	700.787	700.787	700.787
1126	16	0	74.325920	2.931777	3.130312	3264	349	701.564	701.564	701.564
1127	16	0	73.775945	2.937981	3.130312	3253	349	702.114	702.114	702.114
1128	16	0	73.225981	2.944185	2.344917	3242	349	702.664	702.664	702.664
1129	16	0	72.682219	3.500353	0.395852	3231	338	703.442	703.442	703.442
1130	16	0	86.196795	9.148266	0.683461	3501	225	718.089	718.089	718.089
1131	16	0	86.499590	9.394863	-0.011280	3507	220	718.480	718.480	718.480
1132	16	0	87.049566	9.388659	-3.067971	3518	220	719.030	719.030	719.030
1133	16	0	35.303215	5.572134	3.130312	2483	296	770.917	770.917	770.917
1134	16	0	34.753251	5.578338	3.130312	2472	296	771.467	771.467	771.467
1135	16	0	34.203276	5.584542	3.130312	2461	296	772.017	772.017	772.017
1136	16	0	33.653312	5.590746	-1.582071	2450	296	772.567	772.567	772.567
1137	16	0	33.647111	5.040780	-0.011281	2450	307	773.117	773.117	773.117
1138	16	0	34.197075	5.034576	-0.011281	2461	307	773.667	773.667	773.667
1139	16	0	34.747038	5.028371	-0.011281	2472	307	774.217	774.217	774.217
1140	16	0	35.297001	5.022167	-1.582071	2483	307	774.767	774.767	774.767
1141	16	0	35.290800	4.472204	3.130312	2483	318	775.317	775.317	775.317
1142	16	0	34.740837	4.478408	3.130312	2472	318	775.867	775.867	775.867
1143	16	0	34.190873	4.484612	3.130312	2461	318	776.417	776.417	776.417
1144	16	0	33.640910	4.490816	-1.582071	2450	318	776.967	776.967	776.967
1145	16	0	33.634709	3.940850	-0.011281	2450	329	777.517	777.517	777.517
1146	16	0	34.184672	3.934646	-0.011281	2461	329	778.067	778.067	778.067
1147	16	0	34.734636	3.928441	-0.011281	2472	329	778.617	778.617	778.617
1148	16	0	35.284599	3.922237	-1.582071	2483	329	779.167	779.167	779.167
1149	16	0	35.278398	3.372274	3.130312	2483	340	779.717	779.717	779.717
1150	16	0	34.728434	3.378478	3.130312	2472	340	780.267	780.267	780.267
1151	16	0	34.178459	3.384682	3.130312	2461	340	780.817	780.817	780.817
1152	16	0	33.628495	3.390887	-1.582071	2450	340	781.367	781.367	781.367
1153	16	0	33.622294	2.840920	-0.011281	2450	351	781.917	781.917	781.917
1154	16	0	34.172258	2.834716	-0.011281	2461	351	782.467	782.467	782.467
1155	16	0	34.722221	2.828512	-0.011281	2472	351	783.017	783.017	783.017
1156	16	0	35.272184	2.822307	-1.582071	2483	351	783.567	783.567	783.567
1157	16	0	35.265983	2.272344	3.130312	2483	362	784.117	784.117	784.117
1158	16	0	34.716020	2.278548	3.130312	2472	362	784.667	784.667	784.667
1159	16	0	34.166056	2.284752	3.130312	2461	362	785.217	785.217	785.217
1160	16	0	33.616093	2.290957	-1.582071	2450	362	785.767	785.767	785.767
1161	16	0	33.609892	1.740990	-0.011281	2449	373	786.317	786.317	786.317
1162	16	0	34.159855	1.734786	-0.011281	2460	373	786.867	786.867	786.867
1163	16	0	34.709819	1.728582	-0.011281	2471	373	787.417	787.417	787.417
1164	16	0	35.259782	1.722378	-1.582071	2482	373	787.967	787.967	787.967
1165	16	0	35.253581	1.172414	3.130312	2482	384	788.517	788.517	788.517
1166	16	0	34.703618	1.178618	3.130312	2471	384	789.067	789.067	789.067
1167	16	0	34.153642	1.184823	3.130312	2460	384	789.617	789.617	789.617
1168	16	0	33.603679	1.191027	-1.582071	2449	384	790.167	790.167	790.167
1169	16	0	33.597477	0.641060	-0.011281	2449	395	790.717	790.717	790.717
1170	16	0	34.147441	0.634856	-0.011281	2460	395	791.267	791.267	791.267
1171	16	0	34.697404	0.628652	-0.011281	2471	395	791.817	791.817	791.817
1172	16	0	35.247368	0.622448	-1.582071	2482	395	792.367	792.367	792.367
1173	16	0	35.241166	0.072484	3.130312	2482	406	792.917	792.917	792.917
1174	16	0	34.691203	0.078689	3.130312	2471	406	793.467	793.467	793.467
1175	16	0	34.141240	0.084893	3.130312	2460	406	794.017	794.017	794.017
1176	16	0	33.591276	0.091097	-1.582071	2449	406	794.567	794.567	794.567
1177	16	0	33.585075	-0.458869	-0.011281	2449	417	795.117	795.117	795.117
1178	16	0	34.135038	-0.465074	-0.011281	2460	417	795.667	795.667	795.667
1179	16	0	34.685002	-0.471278	-0.011281	2471	417	796.217	796.217	796.217
1180	16	0	35.234965	-0.477482	-1.582071	2482	417	796.767	796.767	796.767
1181	16	0	35.228764	-1.027445	3.130312	2482	428	797.317	797.317	797.317
1182	16	0	34.678801	-1.021241	3.130312	2471	428	797.867	797.867	797.867
1183	16	0	34.128825	-1.015037	3.130312	2460	428	798.417	798.417	798.417
1184	16	0	33.578862	-1.008833	-1.582071	2449	428	798.967	798.967	798.967
1185	16	0	33.572660	-1.558799	-0.011281	2449	439	799.517	799.517	799.517
1186	16	0	34.122624	-1.565003	-0.011281	2460	439	800.067	800.067	800.067
1187	16	0	34.672587	-1.571208	-0.011281	2471	439	800.617	800.617	800.617
1188	16	0	35.222551	-1.577412	-1.582071	2482	439	801.167	801.167	801.167
1189	16	0	35.216349	-2.127378	3.130312	2482	450	801.717	801.717	801.717
1190	16	0	34.666386	-2.121174	3.130312	2471	450	802.267	802.267	802.267
1191	16	0	34.116423	-2.114970	3.130312	2460	450	802.817	802.817	802.817
1192	16	0	33.566459	-2.108766	-1.582071	2449	450	803.367	803.367	803.367
1193	16	0	33.560258	-2.658729	-0.011281	2448	461	803.917	803.917	803.917
1194	16	0	34.110222	-2.664933	-0.011281	2459	461	804.467	804.467	804.467
1195	16	0	34.660185	-2.671137	-0.011281	2470	461	805.017	805.017	805.017
1196	16	0	35.210148	-2.677342	-1.582071	2481	461	805.567	805.567	805.567
1197	16	0	35.203947	-3.227308	3.130312	2481	472	806.117	806.117	806.117
1198	16	0	34.653984	-3.221104	3.130312	2470	472	806.667	806.667	806.667
1199	16	0	34.104008	-3.214900	3.130312	2459	472	807.217	807.217	807.217
1200	16	0	33.554045	-3.208695	-1.582071	2448	472	807.767	807.767	807.767
1201	16	0	33.547844	-3.758659	-0.011281	2448	483	808.317	808.317	808.317
1202	16	0	34.097807	-3.764863	-0.011281	2459	483	808.867	808.867	808.867
1203	16	0	34.647770	-3.771067	-0.011281	2470	483	809.417	809.417	809.417
1204	16	0	35.197734	-3.777272	-1.582071	2481	483	809.967	809.967	809.967
1205	16	0	35.191533	-4.327235	3.130318	2481	494	810.517	810.517	810.517
1206	16	0	34.641569	-4.321034	3.130306	2470	494	811.067	811.067	811.067
1207	16	0	34.091606	-4.314826	3.130318	2459	494	811.617	811.617	811.617
1208	16	0	33.541642	-4.308625	-1.582071	2448	494	812.167	812.167	812.167
1209	16	0	33.535441	-4.858589	-0.011275	2448	505	812.717	812.717	812.717
1210	16	0	34.085405	-4.864790	-0.011286	2459	505	813.267	813.267	813.267
1211	16	0	34.635368	-4.870997	-0.011275	2470	505	813.817	813.817	813.817
1212	16	0	35.185331	-4.877198	-1.582071	2481	505	814.367	814.367	814.367
1213	16	0	35.179130	-5.427162	3.130318	2481	516	814.917	814.917	814.917
1214	16	0	34.629167	-5.420961	3.130307	2470	516	815.467	815.467	815.467
1215	16	0	34.079191	-5.414753	3.130318	2459	516	816.017	816.017	816.017
1216	16	0	33.529228	-5.408552	-1.582071	2448	516	816.567	816.567	816.567
1217	16	0	33.523027	-5.958522	-0.011275	2448	527	817.117	817.117	817.117
1218	16	0	34.072990	-5.964723	-0.011286	2459	527	817.667	817.667	817.667
1219	16	0	34.622953	-5.970930	-0.011275	2470	527	818.217	818.217	818.217
1220	16	0	35.172917	-5.977131	-1.582071	2481	527	818.767	818.767	818.767
1221	16	0	35.166716	-6.527095	3.130318	2481	538	819.317	819.317	819.317
1222	16	0	34.616752	-6.520893	3.130306	2470	538	819.867	819.867	819.867
1223	16	0	34.066789	-6.514686	3.130318	2459	538	820.417	820.417	820.417
1224	16	0	33.516826	-6.508485	-0.887351	2448	538	820.967	820.967	820.967
1225	16	0	33.763420	-6.811286	-0.705997	2453	544	821.357	821.357	821.357
1226	16	0	34.060588	-7.064649	-0.011286	2458	549	821.748	821.748	821.748
1227	16	0	34.610551	-7.070857	-0.011275	2469	549	822.298	822.298	822.298
1228	16	0	35.160515	-7.077058	-1.582071	2480	549	822.848	822.848	822.848
1229	16	0	35.154313	-7.627021	3.130318	2480	560	823.398	823.398	823.398
1230	16	0	34.604350	-7.620820	3.130307	2469	560	823.948	823.948	823.948
1231	16	0	34.054374	-7.614613	3.130321	2458	560	824.498	824.498	824.498
1232	16	0	33.754399	-7.611232	-1.582071	2452	560	824.798	824.798	824.798
1233	16	0	33.748198	-8.161201	-0.011272	2452	571	825.348	825.348	825.348
1234	16	0	34.048173	-8.164582	-0.011286	2458	571	825.648	825.648	825.648
1235	16	0	34.598137	-8.170790	-0.011275	2469	571	826.198	826.198	826.198
1236	16	0	35.148100	-8.176991	-1.582071	2480	571	826.748	826.748	826.748
1237	16	0	35.141899	-8.726954	3.130318	2480	582	827.298	827.298	827.298
1238	16	0	34.591935	-8.720753	3.130306	2469	582	827.848	827.848	827.848
1239	16	0	34.041972	-8.714546	3.130321	2458	582	828.398	828.398	828.398
1240	16	0	33.741996	-8.711164	-1.582094	2452	582	828.698	828.698	828.698
1241	16	0	33.735783	-9.261128	-0.011271	2452	593	829.248	829.248	829.248
1242	16	0	34.035771	-9.264509	-0.011286	2458	593	829.548	829.548	829.548
1243	16	0	34.585734	-9.270716	-0.011275	2469	593	830.098	830.098	830.098
1244	16	0	35.135698	-9.276918	-1.582071	2480	593	830.648	830.648	830.648
1245	16	0	35.129496	-9.826887	3.130318	2480	604	831.198	831.198	831.198
1246	16	0	34.579533	-9.820686	3.130307	2469	604	831.748	831.748	831.748
1247	16	0	34.029557	-9.814479	2.666649	2458	604	832.298	832.298	832.298
1248	16	0	33.731279	-9.661103	2.666649	2452	601	832.633	832.633	832.633
