========================================
覆盖路径点统计信息
========================================
总路径点数: 13

总路径距离: 6.354 米

----------------------------------------
按房间统计
----------------------------------------
房间 3: 13 个点, 距离: 6.354 米

----------------------------------------
按房间+Segment统计
----------------------------------------
房间 3, Segment 0: 13 个点, 距离: 6.354 米

----------------------------------------
详细路径点信息
----------------------------------------
ID	Room	Segment	X(m)	Y(m)	Yaw(rad)	U(px)	V(px)	Acc_Dist	Room_Dist	Seg_Dist
0	3	0	3.300087	-8.758133	-2.986710	404	541	0.000	0.000	0.000
1	3	0	2.999590	-8.805051	3.131316	398	542	0.304	0.304	0.304
2	3	0	2.449619	-8.799399	3.131322	387	542	0.854	0.854	0.854
3	3	0	1.899648	-8.793750	3.131316	376	542	1.404	1.404	1.404
4	3	0	1.349677	-8.788098	3.131322	365	542	1.954	1.954	1.954
5	3	0	0.799706	-8.782449	3.131316	354	542	2.504	2.504	2.504
6	3	0	0.249734	-8.776797	3.131316	343	542	3.054	3.054	3.054
7	3	0	-0.300237	-8.771146	3.131322	332	541	3.604	3.604	3.604
8	3	0	-0.850208	-8.765497	3.131316	321	541	4.154	4.154	4.154
9	3	0	-1.400179	-8.759845	3.131322	310	541	4.704	4.704	4.704
10	3	0	-1.950150	-8.754196	3.131316	299	541	5.254	5.254	5.254
11	3	0	-2.500121	-8.748544	3.131316	288	541	5.804	5.804	5.804
12	3	0	-3.050092	-8.742892	3.131316	277	541	6.354	6.354	6.354
