========================================
覆盖路径点统计信息
========================================
总路径点数: 10

总路径距离: 4.700 米

----------------------------------------
按房间统计
----------------------------------------
房间 4: 10 个点, 距离: 4.700 米

----------------------------------------
按房间+Segment统计
----------------------------------------
房间 4, Segment 0: 10 个点, 距离: 4.700 米

----------------------------------------
详细路径点信息
----------------------------------------
ID	Room	Segment	X(m)	Y(m)	Yaw(rad)	U(px)	V(px)	Acc_Dist	Room_Dist	Seg_Dist
0	4	0	-7.864502	-7.524673	1.554336	181	516	0.000	0.000	0.000
1	4	0	-7.859564	-7.224715	1.554336	181	510	0.300	0.300	0.300
2	4	0	-7.850511	-6.674789	1.554338	181	499	0.850	0.850	0.850
3	4	0	-7.841460	-6.124864	1.554336	181	488	1.400	1.400	1.400
4	4	0	-7.832407	-5.574939	1.554338	181	477	1.950	1.950	1.950
5	4	0	-7.823355	-5.025012	1.554336	182	467	2.500	2.500	2.500
6	4	0	-7.814302	-4.475087	1.554338	182	456	3.050	3.050	3.050
7	4	0	-7.805251	-3.925162	1.554336	182	445	3.600	3.600	3.600
8	4	0	-7.796198	-3.375237	1.554338	182	434	4.150	4.150	4.150
9	4	0	-7.787146	-2.825311	1.554338	182	423	4.700	4.700	4.700
