========================================
覆盖路径点统计信息
========================================
总路径点数: 585

总路径距离: 388.886 米

----------------------------------------
按房间统计
----------------------------------------
房间 8: 585 个点, 距离: 388.886 米

----------------------------------------
按房间+Segment统计
----------------------------------------
房间 8, Segment 0: 585 个点, 距离: 388.886 米

----------------------------------------
详细路径点信息
----------------------------------------
ID	Room	Segment	X(m)	Y(m)	Yaw(rad)	U(px)	V(px)	Acc_Dist	Room_Dist	Seg_Dist
0	8	0	0.181864	-50.208443	-2.918973	1781	1412	0.000	0.000	0.000
1	8	0	-0.374154	-50.334310	-2.918973	1770	1414	0.570	0.570	0.570
2	8	0	-0.923641	-50.310323	3.097967	1759	1414	1.120	1.120	1.120
3	8	0	-1.473116	-50.286330	3.097955	1748	1413	1.670	1.670	1.670
4	8	0	-2.020406	-50.212386	3.007296	1737	1412	2.222	2.222	2.222
5	8	0	-2.572067	-50.238350	-3.094562	1726	1412	2.775	2.775	2.775
6	8	0	-3.169320	-50.162227	3.014821	1714	1411	3.377	3.377	3.377
7	8	0	-3.718795	-50.138234	3.097955	1703	1410	3.927	3.927	3.927
8	8	0	-4.266085	-50.064290	3.007296	1692	1409	4.479	4.479	4.479
9	8	0	-4.824288	-50.240108	-2.836458	1681	1412	5.064	5.064	5.064
10	8	0	-5.373763	-50.216121	3.097966	1670	1412	5.614	5.614	5.614
11	8	0	-5.923239	-50.192128	3.097955	1659	1411	6.164	6.164	6.164
12	8	0	-6.472714	-50.168135	3.097955	1648	1411	6.714	6.714	6.714
13	8	0	-7.224178	-50.185378	-3.118652	1633	1411	7.466	7.466	7.466
14	8	0	-7.571664	-50.120162	2.956071	1626	1410	7.819	7.819	7.819
15	8	0	-8.327499	-50.237300	-2.987837	1611	1412	8.584	8.584	8.584
16	8	0	-8.876974	-50.213307	3.097955	1600	1412	9.134	9.134	9.134
17	8	0	-9.424276	-50.139363	3.007299	1589	1410	9.687	9.687	9.687
18	8	0	-9.978109	-50.215279	-3.005369	1578	1412	10.246	10.246	10.246
19	8	0	-10.523226	-50.091390	2.918118	1567	1409	10.805	10.805	10.805
20	8	0	-11.074887	-50.117342	-3.094584	1556	1410	11.357	11.357	11.357
21	8	0	-11.633077	-50.293166	-2.836442	1545	1413	11.942	11.942	11.942
22	8	0	-12.184738	-50.319124	-3.094573	1534	1414	12.494	12.494	12.494
23	8	0	-12.734213	-50.295137	3.097966	1523	1414	13.044	13.044	13.044
24	8	0	-13.283688	-50.271144	3.097955	1512	1413	13.594	13.594	13.594
25	8	0	-13.833163	-50.247151	3.097955	1501	1413	14.144	14.144	14.144
26	8	0	-14.378280	-50.123262	2.918118	1490	1410	14.703	14.703	14.703
27	8	0	-14.934298	-50.249129	-2.918973	1479	1413	15.273	15.273	15.273
28	8	0	-15.483773	-50.225136	3.097955	1468	1412	15.823	15.823	15.823
29	8	0	-16.037619	-50.301052	-3.005372	1456	1414	16.382	16.382	16.382
30	8	0	-16.589279	-50.327010	-3.094573	1445	1414	16.935	16.935	16.935
31	8	0	-17.147482	-50.502834	-2.836448	1434	1418	17.520	17.520	17.520
32	8	0	-17.755636	-50.676473	-2.863475	1422	1421	18.152	18.152	18.152
33	8	0	-18.355062	-50.650301	3.097959	1410	1421	18.752	18.752	18.752
34	8	0	-18.478952	-51.195412	-1.794273	1408	1432	19.311	19.311	19.311
35	8	0	-18.502951	-51.744887	-1.614445	1407	1443	19.861	19.861	19.861
36	8	0	-18.524752	-52.244411	-1.614414	1407	1453	20.361	20.361	20.361
37	8	0	-18.448837	-52.798250	-1.434574	1408	1464	20.920	20.920	20.920
38	8	0	-18.003634	-52.917787	-0.262314	1417	1466	21.381	21.381	21.381
39	8	0	-18.123165	-53.362996	-1.833094	1415	1475	21.842	21.842	21.842
40	8	0	-17.951706	-54.021102	-1.315927	1418	1488	22.522	22.522	22.522
41	8	0	-17.873617	-54.524983	-1.417046	1420	1498	23.032	23.032	23.032
42	8	0	-17.947555	-55.072280	-1.705080	1418	1509	23.585	23.585	23.585
43	8	0	-18.071456	-55.617397	-1.794292	1416	1520	24.144	24.144	24.144
44	8	0	-18.145394	-56.164693	-1.705080	1414	1531	24.696	24.696	24.696
45	8	0	-17.919625	-56.725069	-1.187802	1419	1542	25.300	25.300	25.300
46	8	0	-17.993563	-57.272371	-1.705079	1417	1553	25.852	25.852	25.852
47	8	0	-17.965426	-57.774074	-1.514772	1418	1563	26.355	26.355	26.355
48	8	0	-18.039364	-58.321370	-1.705080	1416	1574	26.907	26.907	26.907
49	8	0	-18.163266	-58.866487	-1.794292	1414	1585	27.466	27.466	27.466
50	8	0	-18.237204	-59.413777	-1.705082	1413	1596	28.018	28.018	28.018
51	8	0	-18.261203	-59.963253	-1.614445	1412	1607	28.568	28.568	28.568
52	8	0	-18.285189	-60.512734	-1.614422	1412	1618	29.118	29.118	29.118
53	8	0	-18.207089	-61.016622	-1.417024	1413	1628	29.628	29.628	29.628
54	8	0	-18.181124	-61.568276	-1.523765	1414	1639	30.181	30.181	30.181
55	8	0	-18.680648	-61.546468	3.097963	1404	1639	30.681	30.681	30.681
56	8	0	-19.232309	-61.572426	-3.094573	1393	1639	31.233	31.233	31.233
57	8	0	-19.308224	-61.018593	1.707020	1391	1628	31.792	31.792	31.792
58	8	0	-19.334188	-60.466933	1.617827	1391	1617	32.344	32.344	32.344
59	8	0	-19.310202	-59.917452	1.527170	1391	1606	32.894	32.894	32.894
60	8	0	-19.286203	-59.367977	1.527148	1392	1595	33.444	33.444	33.444
61	8	0	-19.214450	-58.870638	1.427511	1393	1585	33.947	33.947	33.947
62	8	0	-19.240402	-58.318978	1.617805	1392	1574	34.499	34.499	34.499
63	8	0	-19.016610	-57.778224	1.178406	1397	1563	35.084	35.084	35.084
64	8	0	-19.042562	-57.226570	1.617806	1396	1552	35.636	35.636	35.636
65	8	0	-18.918673	-56.681453	1.347322	1399	1541	36.195	36.195	36.195
66	8	0	-18.692697	-56.090749	1.205419	1403	1529	36.828	36.828	36.828
67	8	0	-18.618747	-55.543453	1.436491	1405	1518	37.380	37.380	37.380
68	8	0	-18.444894	-55.000521	1.260902	1408	1508	37.950	37.950	37.950
69	8	0	-18.420907	-54.451045	1.527170	1409	1497	38.500	38.500	38.500
70	8	0	-18.446872	-53.899385	1.617827	1408	1486	39.052	39.052	39.052
71	8	0	-18.948581	-53.927529	-3.085556	1398	1486	39.555	39.555	39.555
72	8	0	-19.448104	-53.905721	3.097963	1388	1486	40.055	40.055	40.055
73	8	0	-19.422140	-54.457381	-1.523765	1389	1497	40.607	40.607	40.607
74	8	0	-19.446127	-55.006850	-1.614423	1388	1508	41.157	41.157	41.157
75	8	0	-19.120456	-55.571596	-1.047709	1395	1519	41.809	41.809	41.809
76	8	0	-19.194394	-56.118892	-1.705080	1393	1530	42.361	42.361	42.361
77	8	0	-19.468148	-56.657460	-2.041063	1388	1541	42.966	42.966	42.966
78	8	0	-19.592050	-57.202577	-1.794292	1385	1552	43.525	43.525	43.525
79	8	0	-19.516134	-57.756417	-1.434574	1387	1563	44.084	44.084	44.084
80	8	0	-19.839840	-58.292806	-2.113779	1380	1573	44.710	44.710	44.710
81	8	0	-19.763925	-58.846645	-1.434574	1382	1585	45.269	45.269	45.269
82	8	0	-19.785727	-59.346169	-1.614414	1382	1595	45.769	45.769	45.769
83	8	0	-19.859677	-59.893465	-1.705102	1380	1605	46.321	46.321	46.321
84	8	0	-19.883664	-60.442946	-1.614422	1380	1616	46.871	46.871	46.871
85	8	0	-19.807748	-60.996779	-1.434572	1381	1628	47.430	47.430	47.430
86	8	0	-19.731832	-61.550618	-1.434574	1383	1639	47.989	47.989	47.989
87	8	0	-20.283493	-61.576577	-3.094573	1372	1639	48.542	48.542	48.542
88	8	0	-20.257528	-62.128243	-1.523766	1372	1650	49.094	49.094	49.094
89	8	0	-20.381430	-62.673354	-1.794295	1370	1661	49.653	49.653	49.653
90	8	0	-19.829770	-62.647396	0.047020	1381	1661	50.205	50.205	50.205
91	8	0	-19.280294	-62.671383	-0.043626	1392	1661	50.755	50.755	50.755
92	8	0	-18.778585	-62.643239	0.056036	1402	1660	51.258	51.258	51.258
93	8	0	-18.229110	-62.667226	-0.043626	1413	1661	51.808	51.808	51.808
94	8	0	-17.677450	-62.641268	0.047020	1424	1660	52.360	52.360	52.360
95	8	0	-17.175753	-62.613124	0.056038	1434	1660	52.863	52.863	52.863
96	8	0	-16.624093	-62.587166	0.047020	1445	1659	53.415	53.415	53.415
97	8	0	-16.072433	-62.561202	0.047031	1456	1659	53.967	53.967	53.967
98	8	0	-16.050619	-62.061678	1.527155	1456	1649	54.467	54.467	54.467
99	8	0	-16.076583	-61.510018	1.617827	1456	1638	55.019	55.019	55.019
100	8	0	-16.054769	-61.010494	1.527155	1456	1628	55.519	55.519	55.519
101	8	0	-16.082919	-60.508791	1.626845	1456	1618	56.022	56.022	56.022
102	8	0	-16.061105	-60.009267	1.527155	1456	1608	56.522	56.522	56.522
103	8	0	-16.137020	-59.455428	1.707019	1455	1597	57.081	57.081	57.081
104	8	0	-16.065255	-58.958083	1.427489	1456	1587	57.583	57.583	57.583
105	8	0	-16.616915	-58.984047	-3.094562	1445	1587	58.136	58.136	58.136
106	8	0	-17.116439	-58.962233	3.097951	1435	1587	58.636	58.636	58.636
107	8	0	-17.659372	-58.788387	2.831709	1424	1583	59.206	59.206	59.206
108	8	0	-17.435580	-58.247640	1.178402	1429	1573	59.791	59.791	59.791
109	8	0	-17.411581	-57.698159	1.527148	1429	1562	60.341	60.341	60.341
110	8	0	-17.487497	-57.144319	1.707019	1428	1550	60.900	60.900	60.900
111	8	0	-17.413559	-56.597023	1.436512	1429	1540	61.452	61.452	61.452
112	8	0	-17.589376	-56.038826	1.875934	1425	1528	62.037	62.037	62.037
113	8	0	-17.565390	-55.489345	1.527170	1426	1517	62.587	62.587	62.587
114	8	0	-17.441488	-54.944234	1.347298	1428	1506	63.146	63.146	63.146
115	8	0	-17.367550	-54.396938	1.436512	1430	1496	63.699	63.699	63.699
116	8	0	-17.443466	-53.843099	1.707019	1428	1484	64.258	64.258	64.258
117	8	0	-17.578048	-53.486891	1.932038	1426	1477	64.639	64.639	64.639
118	8	0	-17.495382	-52.739784	1.460596	1427	1462	65.390	65.390	65.390
119	8	0	-17.458310	-51.890596	1.527167	1428	1445	66.240	66.240	66.240
120	8	0	-18.029599	-52.366127	-2.447416	1417	1455	66.984	66.984	66.984
121	8	0	-19.004647	-51.773030	2.595111	1397	1443	68.125	68.125	68.125
122	8	0	-18.930709	-51.225734	1.436512	1399	1432	68.677	68.677	68.677
123	8	0	-18.906723	-50.676259	1.527170	1399	1421	69.227	69.227	69.227
124	8	0	-18.782821	-50.131148	1.347298	1402	1410	69.786	69.786	69.786
125	8	0	-18.658932	-49.586031	1.347322	1404	1399	70.345	70.345	70.345
126	8	0	-18.107272	-49.560066	0.047031	1415	1399	70.897	70.897	70.897
127	8	0	-17.555612	-49.534108	0.047020	1426	1398	71.450	71.450	71.450
128	8	0	-17.001779	-49.458193	0.136224	1437	1397	72.009	72.009	72.009
129	8	0	-16.447934	-49.382277	0.136221	1448	1395	72.568	72.568	72.568
130	8	0	-15.909359	-49.656026	-0.470253	1459	1401	73.172	73.172	73.172
131	8	0	-15.357699	-49.630074	0.047009	1470	1400	73.724	73.724	73.724
132	8	0	-14.808224	-49.654061	-0.043626	1481	1401	74.274	74.274	74.274
133	8	0	-14.254391	-49.578145	0.136224	1492	1399	74.833	74.833	74.833
134	8	0	-13.657138	-49.654268	-0.126772	1504	1401	75.435	75.435	75.435
135	8	0	-13.107662	-49.678261	-0.043637	1515	1401	75.985	75.985	75.985
136	8	0	-12.556002	-49.652303	0.047020	1526	1401	76.537	76.537	76.537
137	8	0	-12.006527	-49.676290	-0.043626	1537	1401	77.087	77.087	77.087
138	8	0	-11.454867	-49.650325	0.047031	1548	1401	77.640	77.640	77.640
139	8	0	-10.898849	-49.524458	0.222620	1559	1398	78.210	78.210	78.210
140	8	0	-10.349374	-49.548458	-0.043649	1570	1399	78.760	78.760	78.760
141	8	0	-9.808627	-49.772249	-0.392394	1581	1403	79.345	79.345	79.345
142	8	0	-9.250424	-49.596431	0.305135	1592	1400	79.930	79.930	79.930
143	8	0	-8.887667	-49.311983	0.664989	1599	1394	80.391	80.391	80.391
144	8	0	-8.338192	-49.335976	-0.043637	1610	1394	80.941	80.941	80.941
145	8	0	-7.797445	-49.559773	-0.392404	1621	1399	81.526	81.526	81.526
146	8	0	-7.004745	-49.744527	-0.228981	1637	1403	82.340	82.340	82.340
147	8	0	-6.696310	-49.557808	0.544362	1643	1399	82.701	82.701	82.701
148	8	0	-6.146835	-49.581795	-0.043626	1654	1399	83.251	83.251	83.251
149	8	0	-5.597360	-49.605782	-0.043626	1665	1400	83.801	83.801	83.801
150	8	0	-5.047872	-49.629781	-0.043648	1676	1400	84.351	84.351	84.351
151	8	0	-4.491854	-49.503914	0.222620	1687	1398	84.921	84.921	84.921
152	8	0	-3.942379	-49.527901	-0.043626	1698	1398	85.471	85.471	85.471
153	8	0	-3.392904	-49.551888	-0.043626	1709	1399	86.021	86.021	86.021
154	8	0	-2.845614	-49.625838	-0.134307	1720	1400	86.573	86.573	86.573
155	8	0	-2.293954	-49.599874	0.047031	1731	1400	87.126	87.126	87.126
156	8	0	-1.748837	-49.723769	-0.223485	1742	1402	87.685	87.685	87.685
157	8	0	-1.197176	-49.697811	0.047020	1753	1402	88.237	88.237	88.237
158	8	0	-0.647701	-49.721797	-0.043626	1764	1402	88.787	88.787	88.787
159	8	0	-0.091683	-49.595931	0.222620	1775	1400	89.357	89.357	89.357
160	8	0	-0.191793	-50.742659	-1.657876	1773	1422	90.508	90.508	90.508
161	8	0	-0.700045	-50.920656	-2.804727	1763	1426	91.047	91.047	91.047
162	8	0	-1.199569	-50.898848	3.097963	1753	1426	91.547	91.547	91.547
163	8	0	-1.699093	-50.877034	3.097951	1743	1425	92.047	92.047	92.047
164	8	0	-2.246395	-50.803096	3.007310	1732	1424	92.599	92.599	92.599
165	8	0	-2.748092	-50.831233	-3.085567	1722	1424	93.101	93.101	93.101
166	8	0	-3.245443	-50.759474	2.998299	1712	1423	93.604	93.604	93.604
167	8	0	-3.742782	-50.687709	2.998284	1702	1421	94.106	94.106	94.106
168	8	0	-4.240121	-50.615950	2.998296	1692	1420	94.609	94.609	94.609
169	8	0	-4.824288	-50.240108	2.569885	1681	1412	95.303	95.303	95.303
170	8	0	-5.597360	-49.605782	2.454460	1665	1400	96.303	96.303	96.303
171	8	0	-6.022933	-49.036678	2.212885	1657	1388	97.014	97.014	97.014
172	8	0	-6.572408	-49.012691	3.097966	1646	1388	97.564	97.564	97.564
173	8	0	-7.117526	-48.888796	2.918107	1635	1385	98.123	98.123	98.123
174	8	0	-7.671359	-48.964711	-3.005369	1624	1387	98.682	98.682	98.682
175	8	0	-8.218661	-48.890767	3.007299	1613	1385	99.234	99.234	99.234
176	8	0	-8.768136	-48.866774	3.097955	1602	1385	99.784	99.784	99.784
177	8	0	-9.424056	-48.988283	-2.958420	1589	1387	100.451	100.451	100.451
178	8	0	-9.867086	-48.818794	2.776205	1580	1384	100.926	100.926	100.926
179	8	0	-10.525192	-48.990254	-2.886723	1567	1387	101.606	101.606	101.606
180	8	0	-11.074667	-48.966261	3.097955	1556	1387	102.156	102.156	102.156
181	8	0	-11.626327	-48.992226	-3.094562	1545	1387	102.708	102.708	102.708
182	8	0	-12.180172	-49.068135	-3.005382	1534	1389	103.267	103.267	103.267
183	8	0	-12.729647	-49.044148	3.097966	1523	1388	103.817	103.817	103.817
184	8	0	-13.279122	-49.020155	3.097955	1512	1388	104.367	104.367	104.367
185	8	0	-13.828598	-48.996163	3.097955	1501	1388	104.917	104.917	104.917
186	8	0	-14.328121	-48.974355	3.097963	1491	1387	105.417	105.417	105.417
187	8	0	-14.879782	-49.000319	-3.094562	1480	1388	105.969	105.969	105.969
188	8	0	-15.431442	-49.026277	-3.094573	1469	1388	106.522	106.522	106.522
189	8	0	-15.983090	-49.052242	-3.094560	1458	1389	107.074	107.074	107.074
190	8	0	-16.526034	-48.878389	2.831705	1447	1385	107.644	107.644	107.644
191	8	0	-17.079867	-48.954305	-3.005369	1436	1387	108.203	108.203	108.203
192	8	0	-17.631527	-48.980269	-3.094562	1425	1387	108.755	108.755	108.755
193	8	0	-18.183187	-49.006233	-3.094562	1414	1388	109.308	109.308	109.308
194	8	0	-18.734835	-49.032192	-3.094572	1403	1388	109.860	109.860	109.860
195	8	0	-19.284323	-49.008199	3.097956	1392	1388	110.410	110.410	110.410
196	8	0	-19.833798	-48.984212	3.097966	1381	1387	110.960	110.960	110.960
197	8	0	-20.385446	-49.010176	-3.094560	1370	1388	111.512	111.512	111.512
198	8	0	-20.887155	-49.038313	-3.085569	1360	1388	112.015	112.015	112.015
199	8	0	-21.480038	-48.862288	2.852985	1348	1385	112.633	112.633	112.633
200	8	0	-21.988290	-49.040291	-2.804717	1337	1388	113.172	113.172	113.172
201	8	0	-22.537765	-49.016298	3.097955	1326	1388	113.722	113.722	113.722
202	8	0	-23.089425	-49.042256	-3.094573	1315	1388	114.274	114.274	114.274
203	8	0	-23.638900	-49.018270	3.097966	1304	1388	114.824	114.824	114.824
204	8	0	-24.190561	-49.044228	-3.094573	1293	1388	115.376	115.376	115.376
205	8	0	-24.740036	-49.020235	3.097955	1282	1388	115.926	115.926	115.926
206	8	0	-25.341647	-49.044020	-3.102077	1270	1388	116.528	116.528	116.528
207	8	0	-25.891122	-49.020027	3.097955	1259	1388	117.078	117.078	117.078
208	8	0	-26.440597	-48.996041	3.097966	1248	1388	117.628	117.628	117.628
209	8	0	-26.992257	-49.021999	-3.094573	1237	1388	118.181	118.181	118.181
210	8	0	-27.541733	-48.998006	3.097955	1226	1388	118.731	118.731	118.731
211	8	0	-28.069394	-48.474495	2.360143	1216	1377	119.474	119.474	119.474
212	8	0	-28.093393	-49.023970	-1.614445	1215	1388	120.024	120.024	120.024
213	8	0	-28.117379	-49.573445	-1.614423	1215	1399	120.574	120.574	120.574
214	8	0	-28.091415	-50.125105	-1.523765	1215	1410	121.126	121.126	121.126
215	8	0	-28.165365	-50.672396	-1.705104	1214	1421	121.678	121.678	121.678
216	8	0	-28.089450	-51.226241	-1.434575	1215	1432	122.237	122.237	122.237
217	8	0	-28.113437	-51.775716	-1.614423	1215	1443	122.787	122.787	122.787
218	8	0	-28.187387	-52.323006	-1.705104	1214	1454	123.340	123.340	123.340
219	8	0	-28.161422	-52.874666	-1.523765	1214	1465	123.892	123.892	123.892
220	8	0	-28.183224	-53.374190	-1.614414	1214	1475	124.392	124.392	124.392
221	8	0	-28.157272	-53.925850	-1.523787	1214	1486	124.944	124.944	124.944
222	8	0	-28.181259	-54.475325	-1.614423	1214	1497	125.494	125.494	125.494
223	8	0	-28.155295	-55.026985	-1.523765	1214	1508	126.046	126.046	126.046
224	8	0	-28.229245	-55.574282	-1.705102	1213	1519	126.599	126.599	126.599
225	8	0	-28.203280	-56.125936	-1.523765	1213	1530	127.151	127.151	127.151
226	8	0	-28.227267	-56.675417	-1.614422	1213	1541	127.701	127.701	127.701
227	8	0	-28.201303	-57.227071	-1.523765	1213	1552	128.253	128.253	128.253
228	8	0	-28.225302	-57.776546	-1.614445	1213	1563	128.803	128.803	128.803
229	8	0	-28.201523	-58.378157	-1.531291	1213	1575	129.405	129.405	129.405
230	8	0	-28.225509	-58.927632	-1.614423	1213	1586	129.955	129.955	129.955
231	8	0	-28.199545	-59.479293	-1.523765	1213	1597	130.508	130.508	130.508
232	8	0	-28.223532	-60.028768	-1.614423	1213	1608	131.058	131.058	131.058
233	8	0	-28.197580	-60.580428	-1.523787	1213	1619	131.610	131.610	131.610
234	8	0	-28.221567	-61.129903	-1.614423	1213	1630	132.160	132.160	132.160
235	8	0	-28.245553	-61.679378	-1.614423	1212	1641	132.710	132.710	132.710
236	8	0	-28.269552	-62.228853	-1.614445	1212	1652	133.260	133.260	133.260
237	8	0	-28.243588	-62.780513	-1.523765	1212	1663	133.812	133.812	133.812
238	8	0	-28.267575	-63.329988	-1.614423	1212	1674	134.362	134.362	134.362
239	8	0	-28.241610	-63.881643	-1.523765	1212	1685	134.914	134.914	134.914
240	8	0	-28.265609	-64.431118	-1.614445	1212	1696	135.464	135.464	135.464
241	8	0	-28.239645	-64.982784	-1.523766	1212	1707	136.017	136.017	136.017
242	8	0	-28.263632	-65.532259	-1.614423	1212	1718	136.567	136.567	136.567
243	8	0	-28.287619	-66.081734	-1.614423	1211	1729	137.117	137.117	137.117
244	8	0	-28.311618	-66.631209	-1.614445	1211	1740	137.667	137.667	137.667
245	8	0	-28.335605	-67.180690	-1.614422	1211	1751	138.217	138.217	138.217
246	8	0	-27.833896	-67.152541	0.056048	1221	1751	138.719	138.719	138.719
247	8	0	-27.286606	-67.226491	-0.134307	1232	1752	139.271	139.271	139.271
248	8	0	-26.784897	-67.198342	0.056048	1242	1752	139.774	139.774	139.774
249	8	0	-26.760910	-66.648867	1.527170	1242	1741	140.324	140.324	140.324
250	8	0	-26.786874	-66.097213	1.617828	1242	1730	140.876	140.876	140.876
251	8	0	-26.762875	-65.547738	1.527148	1242	1719	141.426	141.426	141.426
252	8	0	-26.788839	-64.996071	1.617827	1241	1708	141.978	141.978	141.978
253	8	0	-26.764853	-64.446596	1.527170	1242	1697	142.528	142.528	142.528
254	8	0	-26.740866	-63.897121	1.527170	1242	1686	143.078	143.078	143.078
255	8	0	-26.716867	-63.347646	1.527148	1243	1675	143.628	143.628	143.628
256	8	0	-26.642929	-62.800350	1.436512	1244	1664	144.181	144.181	144.181
257	8	0	-26.718844	-62.246511	1.707019	1243	1653	144.740	144.740	144.740
258	8	0	-26.644894	-61.699215	1.436491	1244	1642	145.292	145.292	145.292
259	8	0	-26.670858	-61.147560	1.617828	1244	1631	145.844	145.844	145.844
260	8	0	-26.646872	-60.598085	1.527170	1244	1620	146.394	146.394	146.394
261	8	0	-26.672836	-60.046425	1.617827	1244	1609	146.947	146.947	146.947
262	8	0	-26.598886	-59.499129	1.436491	1245	1598	147.499	147.499	147.499
263	8	0	-26.624850	-58.947475	1.617828	1245	1587	148.051	148.051	148.051
264	8	0	-26.650815	-58.395815	1.617827	1244	1576	148.603	148.603	148.603
265	8	0	-26.626816	-57.846340	1.527148	1245	1565	149.153	149.153	149.153
266	8	0	-26.552878	-57.299044	1.436512	1246	1554	149.706	149.706	149.706
267	8	0	-26.578842	-56.747383	1.617827	1246	1543	150.258	150.258	150.258
268	8	0	-26.554843	-56.197908	1.527148	1246	1532	150.808	150.808	150.808
269	8	0	-26.580807	-55.646254	1.617828	1246	1521	151.360	151.360	151.360
270	8	0	-26.556820	-55.096773	1.527170	1246	1510	151.910	151.910	151.910
271	8	0	-26.582785	-54.545113	1.617827	1246	1499	152.462	152.462	152.462
272	8	0	-26.558786	-53.995638	1.527148	1246	1488	153.012	153.012	153.012
273	8	0	-26.584750	-53.443984	1.617828	1246	1476	153.565	153.565	153.565
274	8	0	-26.508627	-52.846736	1.444023	1247	1465	154.167	154.167	154.167
275	8	0	-26.534591	-52.295076	1.617827	1247	1454	154.719	154.719	154.719
276	8	0	-26.560556	-51.743416	1.617827	1246	1442	155.271	155.271	155.271
277	8	0	-26.536557	-51.193941	1.527148	1247	1431	155.821	155.821	155.821
278	8	0	-26.562521	-50.642287	1.617828	1246	1420	156.374	156.374	156.374
279	8	0	-26.990280	-50.123134	2.259975	1237	1410	157.046	157.046	157.046
280	8	0	-27.016244	-49.571480	1.617828	1237	1399	157.599	157.599	157.599
281	8	0	-26.464584	-49.545516	0.047031	1248	1399	158.151	158.151	158.151
282	8	0	-25.915109	-49.569502	-0.043626	1259	1399	158.701	158.701	158.701
283	8	0	-25.365634	-49.593495	-0.043637	1270	1399	159.251	159.251	159.251
284	8	0	-24.813974	-49.567537	0.047020	1281	1399	159.803	159.803	159.803
285	8	0	-24.262326	-49.541573	0.047032	1292	1398	160.355	160.355	160.355
286	8	0	-23.712838	-49.565560	-0.043625	1303	1399	160.905	160.905	160.905
287	8	0	-23.163363	-49.589552	-0.043637	1314	1399	161.455	161.455	161.455
288	8	0	-22.611715	-49.563594	0.047021	1325	1399	162.008	162.008	162.008
289	8	0	-22.062228	-49.587581	-0.043625	1336	1399	162.558	162.558	162.558
290	8	0	-21.517123	-49.711482	-0.223501	1347	1402	163.117	163.117	163.117
291	8	0	-20.961105	-49.585616	0.222620	1358	1399	163.687	163.687	163.687
292	8	0	-20.359494	-49.561830	0.039516	1370	1399	164.289	164.289	164.289
293	8	0	-19.875228	-49.933309	-0.654354	1380	1406	164.899	164.899	164.899
294	8	0	-19.456198	-50.652266	-1.043097	1388	1421	165.731	165.731	165.731
295	8	0	-19.330331	-51.208284	-1.348177	1391	1432	166.301	166.301	166.301
296	8	0	-19.554123	-51.749043	-1.963182	1386	1443	166.887	166.887	166.887
297	8	0	-19.575936	-52.248567	-1.614438	1386	1453	167.387	167.387	167.387
298	8	0	-19.893100	-52.635103	-2.257929	1379	1460	167.887	167.887	167.887
299	8	0	-19.767233	-53.191121	-1.348177	1382	1471	168.457	168.457	168.457
300	8	0	-19.941085	-53.734053	-1.880690	1378	1482	169.027	169.027	169.027
301	8	0	-19.967257	-54.333480	-1.614430	1378	1494	169.627	169.627	169.627
302	8	0	-19.941293	-54.885140	-1.523765	1378	1505	170.179	170.179	170.179
303	8	0	-20.165097	-55.425893	-1.963206	1374	1516	170.764	170.764	170.764
304	8	0	-20.288986	-55.971004	-1.794273	1371	1527	171.323	171.323	171.323
305	8	0	-19.963314	-56.535750	-1.047709	1378	1538	171.975	171.975	171.975
306	8	0	-20.087204	-57.080861	-1.794273	1376	1549	172.534	172.534	172.534
307	8	0	-20.061239	-57.632521	-1.523765	1376	1560	173.086	173.086	173.086
308	8	0	-20.437082	-58.216683	-2.142509	1369	1572	173.781	173.781	173.781
309	8	0	-20.261264	-58.774886	-1.265662	1372	1583	174.366	174.366	174.366
310	8	0	-20.335202	-59.322176	-1.705082	1371	1594	174.919	174.919	174.919
311	8	0	-20.409152	-59.869472	-1.705102	1369	1605	175.471	175.471	175.471
312	8	0	-20.433139	-60.418953	-1.614422	1369	1616	176.021	176.021	176.021
313	8	0	-20.359408	-61.022744	-1.449285	1370	1628	176.629	176.629	176.629
314	8	0	-20.776474	-61.404915	-2.399826	1362	1636	177.195	177.195	177.195
315	8	0	-20.746151	-61.856667	-1.503775	1362	1645	177.648	177.648	177.648
316	8	0	-20.381430	-62.673354	-1.150784	1370	1661	178.542	178.542	178.542
317	8	0	-19.829770	-62.647396	0.047020	1381	1661	179.094	179.094	179.094
318	8	0	-19.206344	-62.124086	0.698314	1393	1650	179.908	179.908	179.908
319	8	0	-18.654696	-62.098122	0.047032	1404	1650	180.461	180.461	180.461
320	8	0	-18.155172	-62.119930	-0.043630	1414	1650	180.961	180.961	180.961
321	8	0	-17.603512	-62.093972	0.047020	1425	1649	181.513	181.513	181.513
322	8	0	-17.103988	-62.115779	-0.043630	1435	1650	182.013	182.013	182.013
323	8	0	-16.552328	-62.089821	0.047020	1446	1649	182.565	182.565	182.565
324	8	0	-16.578292	-61.538167	1.617828	1446	1638	183.117	183.117	183.117
325	8	0	-16.606430	-61.036458	1.626820	1445	1628	183.620	183.620	183.620
326	8	0	-16.634579	-60.534749	1.626845	1445	1618	184.122	184.122	184.122
327	8	0	-16.612765	-60.035225	1.527155	1445	1608	184.622	184.622	184.622
328	8	0	-16.638729	-59.483571	1.617828	1444	1597	185.175	185.175	185.175
329	8	0	-17.188205	-59.459578	3.097955	1433	1597	185.725	185.725	185.725
330	8	0	-17.683371	-59.337868	2.900574	1424	1594	186.234	186.234	186.234
331	8	0	-18.261203	-59.963253	-2.316694	1412	1607	187.086	187.086	187.086
332	8	0	-18.782528	-60.440969	-2.399818	1402	1616	187.793	187.793	187.793
333	8	0	-18.756564	-60.992629	-1.523765	1402	1627	188.345	188.345	188.345
334	8	0	-17.655429	-60.990657	0.001790	1424	1627	189.446	189.446	189.446
335	8	0	-17.108139	-61.064601	-0.134296	1435	1629	189.999	189.999	189.999
336	8	0	-17.129953	-61.564125	-1.614438	1435	1639	190.499	190.499	190.499
337	8	0	-17.629477	-61.542318	3.097963	1425	1638	190.999	190.999	190.999
338	8	0	-17.731344	-60.436818	1.662683	1423	1616	192.109	192.109	192.109
339	8	0	-17.707357	-59.887343	1.527170	1423	1605	192.659	192.659	192.659
340	8	0	-17.683371	-59.337868	1.527170	1424	1594	193.209	193.209	193.209
341	8	0	-17.659372	-58.788387	1.527148	1424	1583	193.759	193.759	193.759
342	8	0	-17.435580	-58.247640	1.178402	1429	1573	194.344	194.344	194.344
343	8	0	-17.411581	-57.698159	1.527148	1429	1562	194.894	194.894	194.894
344	8	0	-17.487497	-57.144319	1.707019	1428	1550	195.453	195.453	195.453
345	8	0	-17.413559	-56.597023	1.436512	1429	1540	196.005	196.005	196.005
346	8	0	-17.589376	-56.038826	1.875934	1425	1528	196.591	196.591	196.591
347	8	0	-18.071456	-55.617397	2.423222	1416	1520	197.231	197.231	197.231
348	8	0	-18.618747	-55.543453	3.007296	1405	1518	197.783	197.783	197.783
349	8	0	-18.946603	-55.028664	2.137890	1398	1508	198.394	198.394	198.394
350	8	0	-18.922616	-54.479183	1.527170	1399	1497	198.944	198.944	198.944
351	8	0	-19.224301	-53.364968	1.835216	1393	1475	200.098	200.098	200.098
352	8	0	-18.674826	-53.388960	-0.043637	1404	1475	200.648	200.648	200.648
353	8	0	-18.950546	-52.826393	2.026501	1398	1464	201.274	201.274	201.274
354	8	0	-19.400119	-52.806764	3.097959	1389	1464	201.724	201.724	201.724
355	8	0	-20.314535	-53.117171	-2.814340	1371	1470	202.690	202.690	202.690
356	8	0	-20.340487	-52.565523	1.617806	1370	1459	203.242	203.242	203.242
357	8	0	-20.416403	-52.011678	1.707017	1369	1448	203.801	203.801	203.801
358	8	0	-20.844381	-52.643611	-2.166092	1360	1460	204.565	204.565	204.565
359	8	0	-20.861825	-53.043233	-1.614420	1360	1468	204.965	204.965	204.965
360	8	0	-20.438424	-53.662288	-0.970926	1368	1481	205.715	205.715	205.715
361	8	0	-20.462411	-54.211763	-1.614423	1368	1492	206.265	206.265	206.265
362	8	0	-20.436459	-54.763423	-1.523787	1369	1503	206.817	206.817	206.817
363	8	0	-20.660250	-55.304177	-1.963186	1364	1514	207.402	207.402	207.402
364	8	0	-20.834103	-55.847109	-1.880690	1361	1525	207.972	207.972	207.972
365	8	0	-20.458468	-56.414034	-0.985626	1368	1536	208.652	208.652	208.652
366	8	0	-19.743869	-56.094899	0.420016	1382	1530	209.435	209.435	209.435
367	8	0	-19.619979	-55.549788	1.347319	1385	1519	209.994	209.994	209.994
368	8	0	-19.120456	-55.571596	-0.043630	1395	1519	210.494	210.494	210.494
369	8	0	-18.692697	-56.090749	-0.881618	1403	1529	211.167	211.167	211.167
370	8	0	-18.416964	-56.653310	-1.115070	1409	1541	211.793	211.793	211.793
371	8	0	-18.540866	-57.198427	-1.794292	1406	1552	212.352	212.352	212.352
372	8	0	-18.464950	-57.752266	-1.434574	1408	1563	212.911	212.911	212.911
373	8	0	-18.638790	-58.295198	-1.880670	1404	1574	213.481	213.481	213.481
374	8	0	-18.712741	-58.842495	-1.705102	1403	1584	214.033	214.033	214.033
375	8	0	-18.734555	-59.342018	-1.614438	1403	1594	214.533	214.533	214.533
376	8	0	-18.758541	-59.891494	-1.614423	1402	1605	215.083	215.083	215.083
377	8	0	-18.285189	-60.512734	-0.919693	1412	1618	215.864	215.864	215.864
378	8	0	-17.731344	-60.436818	0.136221	1423	1616	216.423	216.423	216.423
379	8	0	-17.184054	-60.510756	-0.134285	1434	1618	216.976	216.976	216.976
380	8	0	-17.162240	-60.011232	1.527155	1434	1608	217.476	217.476	217.476
381	8	0	-19.705880	-62.102272	-2.453541	1383	1650	220.769	220.769	220.769
382	8	0	-20.819467	-58.950704	1.910447	1361	1587	224.111	224.111	224.111
383	8	0	-20.797653	-58.451180	1.527155	1361	1577	224.611	224.611	224.611
384	8	0	-27.176303	-57.822347	3.043326	1234	1564	231.021	231.021	231.021
385	8	0	-27.102353	-57.275051	1.436491	1235	1553	231.573	231.573	231.573
386	8	0	-27.128317	-56.723397	1.617828	1235	1542	232.125	232.125	232.125
387	8	0	-27.104330	-56.173915	1.527170	1235	1531	232.675	232.675	232.675
388	8	0	-27.130282	-55.622261	1.617806	1235	1520	233.227	233.227	233.227
389	8	0	-27.106295	-55.072780	1.527170	1235	1509	233.777	233.777	233.777
390	8	0	-27.132260	-54.521126	1.617828	1235	1498	234.330	234.330	234.330
391	8	0	-27.108273	-53.971651	1.527170	1235	1487	234.880	234.880	234.880
392	8	0	-27.134225	-53.419991	1.617805	1235	1476	235.432	235.432	235.432
393	8	0	-27.060287	-52.872695	1.436512	1236	1465	235.984	235.984	235.984
394	8	0	-27.086252	-52.321041	1.617828	1236	1454	236.537	236.537	236.537
395	8	0	-27.062253	-51.771565	1.527148	1236	1443	237.087	237.087	237.087
396	8	0	-27.038266	-51.222090	1.527170	1236	1432	237.637	237.637	237.637
397	8	0	-27.114181	-50.668245	1.707017	1235	1421	238.196	238.196	238.196
398	8	0	-26.438632	-50.097176	0.701783	1248	1410	239.080	239.080	239.080
399	8	0	-25.891330	-50.171114	-0.134282	1259	1411	239.632	239.632	239.632
400	8	0	-25.341855	-50.195101	-0.043626	1270	1412	240.182	240.182	240.182
401	8	0	-24.788022	-50.119191	0.136213	1281	1410	240.741	240.741	240.741
402	8	0	-24.286313	-50.091048	0.056036	1292	1409	241.244	241.244	241.244
403	8	0	-23.736837	-50.115035	-0.043626	1303	1410	241.794	241.794	241.794
404	8	0	-23.187362	-50.139034	-0.043649	1314	1410	242.344	242.344	242.344
405	8	0	-22.635702	-50.113069	0.047031	1325	1410	242.896	242.896	242.896
406	8	0	-22.086227	-50.137056	-0.043626	1336	1410	243.446	243.446	243.446
407	8	0	-21.536752	-50.161049	-0.043637	1347	1411	243.996	243.996	243.996
408	8	0	-20.985092	-50.135091	0.047020	1358	1410	244.548	244.548	244.548
409	8	0	-20.433432	-50.109126	0.047031	1369	1410	245.101	245.101	245.101
410	8	0	-20.046896	-50.426290	-0.687133	1376	1416	245.601	245.601	245.601
411	8	0	-19.768991	-50.938899	-1.074009	1382	1426	246.184	246.184	246.184
412	8	0	-19.332296	-50.107155	1.087322	1391	1410	247.123	247.123	247.123
413	8	0	-19.805648	-49.485915	2.221900	1381	1397	247.904	247.904	247.904
414	8	0	-20.359494	-49.561830	-3.005372	1370	1399	248.463	248.463	248.463
415	8	0	-20.913119	-48.486659	2.046307	1359	1377	249.673	249.673	249.673
416	8	0	-21.560324	-48.408351	3.021184	1346	1376	250.325	250.325	250.325
417	8	0	-22.014254	-48.488631	-2.966548	1337	1377	250.786	250.786	250.786
418	8	0	-22.563730	-48.464638	3.097955	1326	1377	251.336	251.336	251.336
419	8	0	-23.115390	-48.490602	-3.094562	1315	1377	251.888	251.888	251.888
420	8	0	-23.664865	-48.466609	3.097955	1304	1377	252.438	252.438	252.438
421	8	0	-24.216525	-48.492574	-3.094562	1293	1377	252.990	252.990	252.990
422	8	0	-24.766000	-48.468581	3.097955	1282	1377	253.540	253.540	253.540
423	8	0	-25.317660	-48.494539	-3.094573	1271	1378	254.092	254.092	254.092
424	8	0	-25.867135	-48.470552	3.097966	1260	1377	254.642	254.642	254.642
425	8	0	-26.416610	-48.446559	3.097955	1249	1377	255.192	255.192	255.192
426	8	0	-26.968271	-48.472524	-3.094562	1238	1377	255.745	255.745	255.745
427	8	0	-27.517746	-48.448531	3.097955	1227	1377	256.295	256.295	256.295
428	8	0	-27.565719	-49.547487	-1.614422	1226	1399	257.395	257.395	257.395
429	8	0	-27.539767	-50.099141	-1.523787	1226	1410	257.947	257.947	257.947
430	8	0	-27.613705	-50.646443	-1.705079	1225	1421	258.499	258.499	258.499
431	8	0	-27.587741	-51.198091	-1.523764	1225	1432	259.051	259.051	259.051
432	8	0	-27.611728	-51.747573	-1.614422	1225	1443	259.601	259.601	259.601
433	8	0	-27.635727	-52.297048	-1.614445	1225	1454	260.151	260.151	260.151
434	8	0	-27.609762	-52.848702	-1.523765	1225	1465	260.704	260.704	260.704
435	8	0	-27.633749	-53.398183	-1.614422	1225	1476	261.254	261.254	261.254
436	8	0	-27.607797	-53.949837	-1.523787	1225	1487	261.806	261.806	261.806
437	8	0	-27.631784	-54.499318	-1.614422	1225	1498	262.356	262.356	262.356
438	8	0	-27.605819	-55.050972	-1.523765	1225	1509	262.908	262.908	262.908
439	8	0	-27.679757	-55.598268	-1.705080	1224	1520	263.460	263.460	263.460
440	8	0	-27.653805	-56.149929	-1.523787	1224	1531	264.013	264.013	264.013
441	8	0	-27.677792	-56.699404	-1.614423	1224	1542	264.563	264.563	264.563
442	8	0	-27.651828	-57.251058	-1.523765	1224	1553	265.115	265.115	265.115
443	8	0	-27.675827	-57.800539	-1.614444	1224	1564	265.665	265.665	265.665
444	8	0	-27.400094	-58.363100	-1.115070	1229	1575	266.291	266.291	266.291
445	8	0	-27.424093	-58.912575	-1.614445	1229	1586	266.841	266.841	266.841
446	8	0	-27.647885	-59.453328	-1.963186	1224	1597	267.427	267.427	267.427
447	8	0	-27.472067	-60.011525	-1.265659	1228	1608	268.012	268.012	268.012
448	8	0	-27.695871	-60.552285	-1.963202	1223	1619	268.597	268.597	268.597
449	8	0	-27.719858	-61.101760	-1.614423	1223	1630	269.147	269.147	269.147
450	8	0	-27.693893	-61.653414	-1.523765	1223	1641	269.699	269.699	269.699
451	8	0	-27.767843	-62.200710	-1.705102	1222	1652	270.252	270.252	270.252
452	8	0	-27.691928	-62.754549	-1.434574	1223	1663	270.811	270.811	270.811
453	8	0	-27.765866	-63.301845	-1.705080	1222	1674	271.363	271.363	271.363
454	8	0	-27.739914	-63.853505	-1.523787	1222	1685	271.915	271.915	271.915
455	8	0	-27.763900	-64.402980	-1.614423	1222	1696	272.465	272.465	272.465
456	8	0	-27.737936	-64.954634	-1.523765	1222	1707	273.018	273.018	273.018
457	8	0	-27.761923	-65.504116	-1.614422	1222	1718	273.568	273.568	273.568
458	8	0	-27.785922	-66.053591	-1.614445	1222	1729	274.118	274.118	274.118
459	8	0	-27.809909	-66.603066	-1.614423	1221	1740	274.668	274.668	274.668
460	8	0	-27.262619	-66.677010	-0.134296	1232	1741	275.220	275.220	275.220
461	8	0	-27.264584	-65.575875	1.572581	1232	1719	276.321	276.321	276.321
462	8	0	-27.290548	-65.024221	1.617828	1231	1708	276.873	276.873	276.873
463	8	0	-27.266562	-64.474739	1.527170	1232	1697	277.423	277.423	277.423
464	8	0	-27.242563	-63.925264	1.527148	1232	1686	277.973	277.973	277.973
465	8	0	-27.218576	-63.375789	1.527170	1233	1675	278.523	278.523	278.523
466	8	0	-27.194589	-62.826314	1.527170	1233	1664	279.073	279.073	279.073
467	8	0	-27.218368	-62.224703	1.610302	1233	1652	279.675	279.675	279.675
468	8	0	-27.194369	-61.675228	1.527148	1233	1641	280.225	280.225	280.225
469	8	0	-27.170382	-61.125753	1.527170	1234	1630	280.775	280.775	280.775
470	8	0	-27.146396	-60.576277	1.527170	1234	1619	281.325	281.325	281.325
471	8	0	-27.148361	-59.475136	1.572581	1234	1597	282.426	282.426	282.426
472	8	0	-27.288571	-66.125350	-1.591877	1231	1730	289.078	289.078	289.078
473	8	0	-26.065182	-50.714046	1.491580	1256	1422	304.538	304.538	304.538
474	8	0	-25.515707	-50.738039	-0.043637	1267	1422	305.088	305.088	305.088
475	8	0	-24.961862	-50.662129	0.136210	1278	1421	305.647	305.647	305.647
476	8	0	-24.460165	-50.633980	0.056050	1288	1420	306.149	306.149	306.149
477	8	0	-23.910678	-50.657967	-0.043625	1299	1421	306.699	306.699	306.699
478	8	0	-23.411154	-50.679781	-0.043642	1309	1421	307.199	307.199	307.199
479	8	0	-22.859506	-50.653816	0.047032	1320	1421	307.752	307.752	307.752
480	8	0	-22.635702	-50.113069	1.178383	1325	1410	308.337	308.337	308.337
481	8	0	-22.086227	-50.137056	-0.043626	1336	1410	308.887	308.887	308.887
482	8	0	-21.536752	-50.161049	-0.043637	1347	1411	309.437	309.437	309.437
483	8	0	-20.985092	-50.135091	0.047020	1358	1410	309.989	309.989	309.989
484	8	0	-20.433432	-50.109126	0.047031	1369	1410	310.541	310.541	310.541
485	8	0	-19.805648	-49.485915	0.781744	1381	1397	311.426	311.426	311.426
486	8	0	-19.208407	-49.562044	-0.126784	1393	1399	312.028	312.028	312.028
487	8	0	-18.231161	-50.105184	-0.507275	1413	1410	313.146	313.146	313.146
488	8	0	-17.681686	-50.129170	-0.043626	1424	1410	313.696	313.696	313.696
489	8	0	-17.123483	-49.953353	0.305135	1435	1407	314.281	314.281	314.281
490	8	0	-16.569650	-49.877437	0.136224	1446	1405	314.840	314.840	314.840
491	8	0	-15.909359	-49.656026	0.323541	1459	1401	315.537	315.537	315.537
492	8	0	-15.357699	-49.630074	0.047009	1470	1400	316.089	316.089	316.089
493	8	0	-14.808224	-49.654061	-0.043626	1481	1401	316.639	316.639	316.639
494	8	0	-14.254391	-49.578145	0.136224	1492	1399	317.198	317.198	317.198
495	8	0	-13.657138	-49.654268	-0.126772	1504	1401	317.800	317.800	317.800
496	8	0	-13.107662	-49.678261	-0.043637	1515	1401	318.350	318.350	318.350
497	8	0	-12.556002	-49.652303	0.047020	1526	1401	318.902	318.902	318.902
498	8	0	-12.006527	-49.676290	-0.043626	1537	1401	319.452	319.452	319.452
499	8	0	-11.454867	-49.650325	0.047031	1548	1401	320.005	320.005	320.005
500	8	0	-10.898849	-49.524458	0.222620	1559	1398	320.575	320.575	320.575
501	8	0	-10.349374	-49.548458	-0.043649	1570	1399	321.125	321.125	321.125
502	8	0	-9.986617	-49.264003	0.665000	1578	1393	321.586	321.586	321.586
503	8	0	-9.300167	-48.443166	0.874321	1591	1376	322.656	322.656	322.656
504	8	0	-8.798458	-48.415022	0.056036	1601	1376	323.158	323.158	323.158
505	8	0	-8.248983	-48.439015	-0.043637	1612	1376	323.708	323.708	323.708
506	8	0	-7.747274	-48.410872	0.056036	1622	1376	324.211	324.211	324.211
507	8	0	-7.197799	-48.434859	-0.043626	1633	1376	324.761	324.761	324.761
508	8	0	-6.646139	-48.408901	0.047020	1644	1376	325.313	325.313	325.313
509	8	0	-6.096664	-48.432894	-0.043637	1655	1376	325.863	325.863	325.863
510	8	0	-5.594967	-48.404750	0.056038	1665	1376	326.366	326.366	326.366
511	8	0	-5.045492	-48.428743	-0.043637	1676	1376	326.916	326.916	326.916
512	8	0	-4.493832	-48.402779	0.047031	1687	1376	327.468	327.468	327.468
513	8	0	-3.944357	-48.426766	-0.043626	1698	1376	328.018	328.018	328.018
514	8	0	-3.442648	-48.398628	0.056024	1708	1376	328.520	328.520	328.520
515	8	0	-2.893173	-48.422615	-0.043626	1719	1376	329.070	329.070	329.070
516	8	0	-2.341512	-48.396651	0.047031	1730	1376	329.623	329.623	329.623
517	8	0	-1.796395	-48.520552	-0.223496	1741	1378	330.182	330.182	330.182
518	8	0	-1.294698	-48.492409	0.056038	1751	1377	330.684	330.684	330.684
519	8	0	-0.745211	-48.516402	-0.043636	1762	1378	331.234	331.234	331.234
520	8	0	-0.471676	-49.128914	-1.150791	1768	1390	331.905	331.905	331.905
521	8	0	-0.091683	-49.595931	-0.887782	1775	1400	332.507	332.507	332.507
522	8	0	-0.374154	-50.334310	-1.936174	1770	1414	333.298	333.298	333.298
523	8	0	-0.923641	-50.310323	3.097967	1759	1414	333.848	333.848	333.848
524	8	0	-1.473116	-50.286330	3.097955	1748	1413	334.398	334.398	334.398
525	8	0	-2.020406	-50.212386	3.007296	1737	1412	334.950	334.950	334.950
526	8	0	-2.572067	-50.238350	-3.094562	1726	1412	335.502	335.502	335.502
527	8	0	-3.169320	-50.162227	3.014821	1714	1411	336.104	336.104	336.104
528	8	0	-3.718795	-50.138234	3.097955	1703	1410	336.654	336.654	336.654
529	8	0	-4.266085	-50.064290	3.007296	1692	1409	337.207	337.207	337.207
530	8	0	-4.491854	-49.503914	1.953790	1687	1398	337.811	337.811	337.811
531	8	0	-4.871847	-49.036891	2.253805	1680	1388	338.413	338.413	338.413
532	8	0	-5.471273	-49.010719	3.097959	1668	1388	339.013	339.013	339.013
533	8	0	-6.022933	-49.036678	-3.094573	1657	1388	339.565	339.565	339.565
534	8	0	-6.572408	-49.012691	3.097966	1646	1388	340.115	340.115	340.115
535	8	0	-7.234884	-49.284053	-2.752822	1633	1393	340.831	340.831	340.831
536	8	0	-7.571664	-50.120162	-1.953709	1626	1410	341.732	341.732	341.732
537	8	0	-7.795468	-50.660909	-1.963210	1621	1421	342.318	342.318	342.318
538	8	0	-8.347128	-50.686873	-3.094562	1610	1421	342.870	342.870	342.870
539	8	0	-8.846652	-50.665059	3.097951	1600	1421	343.370	343.370	343.370
540	8	0	-9.348361	-50.693208	-3.085544	1590	1421	343.872	343.872	343.872
541	8	0	-9.847885	-50.671395	3.097951	1580	1421	344.372	344.372	344.372
542	8	0	-10.347409	-50.649581	3.097951	1570	1421	344.872	344.872	344.872
543	8	0	-10.849105	-50.677730	-3.085543	1560	1421	345.375	345.375	345.375
544	8	0	-10.950778	-48.421150	1.615822	1558	1376	347.634	347.634	347.634
545	8	0	-10.401303	-48.445137	-0.043626	1569	1377	348.184	348.184	348.184
546	8	0	-10.047274	-48.360500	0.234665	1576	1375	348.548	348.548	348.548
547	8	0	-9.300167	-48.443166	-0.110200	1591	1376	349.299	349.299	349.299
548	8	0	-8.887667	-49.311983	-1.127525	1599	1394	350.261	350.261	350.261
549	8	0	-8.108065	-49.796456	-0.556032	1615	1404	351.179	351.179	351.179
550	8	0	-7.797445	-49.559773	0.651116	1621	1399	351.569	351.569	351.569
551	8	0	-7.671359	-48.964711	1.361997	1624	1387	352.178	352.178	352.178
552	8	0	-8.218661	-48.890767	3.007299	1613	1385	352.730	352.730	352.730
553	8	0	-8.768136	-48.866774	3.097955	1602	1385	353.280	353.280	353.280
554	8	0	-9.424056	-48.988283	-2.958420	1589	1387	353.947	353.947	353.947
555	8	0	-9.867086	-48.818794	2.776205	1580	1384	354.421	354.421	354.421
556	8	0	-10.525192	-48.990254	-2.886723	1567	1387	355.102	355.102	355.102
557	8	0	-11.074667	-48.966261	3.097955	1556	1387	355.652	355.652	355.652
558	8	0	-11.498068	-48.347200	2.170662	1547	1375	356.402	356.402	356.402
559	8	0	-12.051913	-48.423116	-3.005372	1536	1376	356.961	356.961	356.961
560	8	0	-12.601388	-48.399129	3.097966	1525	1376	357.511	357.511	357.511
561	8	0	-13.153048	-48.425087	-3.094573	1514	1376	358.063	358.063	358.063
562	8	0	-13.702523	-48.401094	3.097955	1503	1376	358.613	358.613	358.613
563	8	0	-14.254183	-48.427059	-3.094562	1492	1376	359.165	359.165	359.165
564	8	0	-14.803659	-48.403072	3.097966	1481	1376	359.715	359.715	359.715
565	8	0	-15.355307	-48.429030	-3.094572	1470	1376	360.267	360.267	360.267
566	8	0	-15.954745	-48.402858	3.097960	1458	1376	360.867	360.867	360.867
567	8	0	-16.506405	-48.428822	-3.094562	1447	1376	361.420	361.420	361.420
568	8	0	-17.055880	-48.404830	3.097955	1436	1376	361.970	361.970	361.970
569	8	0	-17.607540	-48.430794	-3.094562	1425	1376	362.522	362.522	362.522
570	8	0	-18.159188	-48.456752	-3.094572	1414	1377	363.074	363.074	363.074
571	8	0	-18.710849	-48.482717	-3.094562	1403	1377	363.626	363.626	363.626
572	8	0	-19.260324	-48.458724	3.097955	1392	1377	364.176	364.176	364.176
573	8	0	-19.811984	-48.484688	-3.094562	1381	1377	364.729	364.729	364.729
574	8	0	-20.361459	-48.460695	3.097955	1370	1377	365.279	365.279	365.279
575	8	0	-21.447543	-49.264083	-2.504710	1348	1393	366.630	366.630	366.630
576	8	0	-19.026461	-52.272554	-0.893163	1397	1453	370.491	370.491	370.491
577	8	0	-8.707492	-49.770284	0.237900	1603	1403	381.109	381.109	381.109
578	8	0	-4.318014	-48.960982	0.182326	1691	1387	385.573	385.573	385.573
579	8	0	-3.768539	-48.984969	-0.043626	1702	1387	386.123	386.123	386.123
580	8	0	-3.219051	-49.008956	-0.043625	1713	1388	386.673	386.673	386.673
581	8	0	-2.669576	-49.032955	-0.043649	1724	1388	387.223	387.223	387.223
582	8	0	-2.117928	-49.006990	0.047032	1735	1388	387.775	387.775	387.775
583	8	0	-1.572811	-49.130879	-0.223475	1746	1390	388.334	388.334	388.334
584	8	0	-1.021151	-49.104921	0.047020	1757	1390	388.886	388.886	388.886
