========================================
覆盖路径点统计信息
========================================
总路径点数: 1041

总路径距离: 722.253 米

----------------------------------------
按房间统计
----------------------------------------
房间 16: 1041 个点, 距离: 722.253 米

----------------------------------------
按房间+Segment统计
----------------------------------------
房间 16, Segment 0: 1041 个点, 距离: 722.253 米

----------------------------------------
详细路径点信息
----------------------------------------
ID	Room	Segment	X(m)	Y(m)	Yaw(rad)	U(px)	V(px)	Acc_Dist	Room_Dist	Seg_Dist
0	16	0	-0.027425	-8.905851	1.527170	1777	586	0.000	0.000	0.000
1	16	0	-0.003439	-8.356376	1.527170	1777	575	0.550	0.550	0.550
2	16	0	-0.029391	-7.804722	1.617806	1777	564	1.102	1.102	1.102
3	16	0	-0.055355	-7.253062	1.617827	1776	553	1.655	1.655	1.655
4	16	0	-0.079134	-6.651451	1.610302	1776	541	2.257	2.257	2.257
5	16	0	-0.105099	-6.099797	1.617828	1775	530	2.809	2.809	2.809
6	16	0	-0.081112	-5.550321	1.527170	1776	519	3.359	3.359	3.359
7	16	0	-0.057125	-5.000840	1.527170	1776	508	3.909	3.909	3.909
8	16	0	-0.083077	-4.449186	1.617806	1776	497	4.461	4.461	4.461
9	16	0	-0.061276	-3.949662	1.527179	1776	487	4.961	4.961	4.961
10	16	0	-0.087228	-3.398002	1.617805	1776	476	5.513	5.513	5.513
11	16	0	-0.113192	-2.846348	1.617828	1775	465	6.066	6.066	6.066
12	16	0	-0.089205	-2.296867	1.527170	1775	454	6.616	6.616	6.616
13	16	0	-0.115170	-1.745213	1.617828	1775	443	7.168	7.168	7.168
14	16	0	-0.091171	-1.195738	1.527148	1775	432	7.718	7.718	7.718
15	16	0	-0.067184	-0.646263	1.527170	1776	421	8.268	8.268	8.268
16	16	0	-0.043197	-0.096781	1.527170	1776	410	8.818	8.818	8.818
17	16	0	-0.069161	0.454879	1.617827	1776	399	9.370	9.370	9.370
18	16	0	-0.097299	0.956582	1.626821	1775	388	9.873	9.873	9.873
19	16	0	-0.073312	1.506057	1.527170	1776	377	10.423	10.423	10.423
20	16	0	-0.540121	2.277151	2.115166	1766	362	11.324	11.324	11.324
21	16	0	-0.618209	2.781039	1.724545	1765	352	11.834	11.834	11.834
22	16	0	-0.594222	3.330517	1.527170	1765	341	12.384	12.384	12.384
23	16	0	-0.622360	3.832223	1.626821	1765	331	12.886	12.886	12.886
24	16	0	-0.898092	4.394784	2.026523	1759	320	13.513	13.513	13.513
25	16	0	-0.974008	4.948623	1.707019	1758	309	14.072	14.072	14.072
26	16	0	-0.902242	5.445965	1.427488	1759	299	14.575	14.575	14.575
27	16	0	-0.830477	5.943310	1.427489	1761	289	15.077	15.077	15.077
28	16	0	-0.906393	6.497146	1.707020	1759	278	15.636	15.636	15.636
29	16	0	-1.084396	7.005395	1.907674	1756	268	16.175	16.175	16.175
30	16	0	-1.636056	6.979433	-3.094567	1745	268	16.727	16.727	16.727
31	16	0	-2.183346	7.053374	3.007302	1734	267	17.279	17.279	17.279
32	16	0	-2.735006	7.027413	-3.094567	1723	267	17.831	17.831	17.831
33	16	0	-3.191122	6.897185	-2.863478	1713	270	18.306	18.306	18.306
34	16	0	-3.165157	6.345528	-1.523765	1714	281	18.858	18.858	18.858
35	16	0	-3.189144	5.796053	-1.614423	1713	292	19.408	19.408	19.408
36	16	0	-3.215316	5.196624	-1.614430	1713	304	20.008	20.008	20.008
37	16	0	-3.189352	4.644967	-1.523765	1713	315	20.560	20.560	20.560
38	16	0	-3.313253	4.099850	-1.794292	1711	326	21.119	21.119	21.119
39	16	0	-3.289474	3.498241	-1.531291	1711	338	21.721	21.721	21.721
40	16	0	-3.313461	2.948766	-1.614423	1711	349	22.271	22.271	22.271
41	16	0	-3.287496	2.397103	-1.523765	1712	360	22.824	22.824	22.824
42	16	0	-2.740206	2.323165	-0.134285	1722	361	23.376	23.376	23.376
43	16	0	-2.188546	2.349123	0.047020	1733	361	23.928	23.928	23.928
44	16	0	-1.639071	2.325136	-0.043626	1744	361	24.478	24.478	24.478
45	16	0	-1.087411	2.351095	0.047020	1756	361	25.030	25.030	25.030
46	16	0	-1.165511	2.854983	1.724569	1754	351	25.540	25.540	25.540
47	16	0	-1.141512	3.404458	1.527148	1754	340	26.090	26.090	26.090
48	16	0	-1.169662	3.906164	1.626845	1754	329	26.593	26.593	26.593
49	16	0	-1.499703	4.371004	2.188209	1747	320	27.163	27.163	27.163
50	16	0	-1.525655	4.922658	1.617806	1747	309	27.715	27.715	27.715
51	16	0	-1.453903	5.420003	1.427513	1748	299	28.218	28.218	28.218
52	16	0	-1.432089	5.919530	1.527155	1749	289	28.718	28.718	28.718
53	16	0	-1.508004	6.473366	1.707020	1747	278	29.277	29.277	29.277
54	16	0	-2.055294	6.547307	3.007302	1736	277	29.829	29.829	29.829
55	16	0	-2.606954	6.521346	-3.094567	1725	277	30.381	30.381	30.381
56	16	0	-2.580990	5.969692	-1.523765	1726	288	30.933	30.933	30.933
57	16	0	-2.652755	5.472344	-1.714103	1724	298	31.436	31.436	31.436
58	16	0	-2.676742	4.922869	-1.614423	1724	309	31.986	31.986	31.986
59	16	0	-2.598654	4.418984	-1.417047	1725	319	32.496	32.496	32.496
60	16	0	-2.772494	3.876049	-1.880668	1722	330	33.066	33.066	33.066
61	16	0	-2.794308	3.376525	-1.614438	1721	340	33.566	33.566	33.566
62	16	0	-2.768343	2.824868	-1.523765	1722	351	34.118	34.118	34.118
63	16	0	-2.216696	2.850829	0.047027	1733	351	34.670	34.670	34.670
64	16	0	-1.667208	2.826839	-0.043631	1744	351	35.220	35.220	35.220
65	16	0	-1.693173	3.378496	1.617828	1743	340	35.773	35.773	35.773
66	16	0	-1.671371	3.878020	1.527179	1744	330	36.273	36.273	36.273
67	16	0	-2.046993	4.444945	2.155951	1736	319	36.953	36.953	36.953
68	16	0	-2.075143	4.946648	1.626845	1736	309	37.455	37.455	37.455
69	16	0	-2.051144	5.496126	1.527148	1736	298	38.005	38.005	38.005
70	16	0	-2.029342	5.995650	1.527179	1737	288	38.505	38.505	38.505
71	16	0	-2.606954	6.521346	2.403215	1725	277	39.286	39.286	39.286
72	16	0	-3.264852	7.500979	2.162190	1712	258	40.466	40.466	40.466
73	16	0	-3.816512	7.475014	-3.094562	1701	258	41.019	41.019	41.019
74	16	0	-3.792733	6.873403	-1.531291	1701	270	41.621	41.621	41.621
75	16	0	-3.718990	6.269616	-1.449265	1703	282	42.229	42.229	42.229
76	16	0	-3.742989	5.720138	-1.614445	1702	293	42.779	42.779	42.779
77	16	0	-3.816927	5.172845	-1.705081	1701	304	43.331	43.331	43.331
78	16	0	-3.793148	4.571233	-1.531291	1701	316	43.933	43.933	43.933
79	16	0	-3.819320	3.971804	-1.614430	1701	328	44.533	44.533	44.533
80	16	0	-3.843307	3.422326	-1.614422	1700	339	45.083	45.083	45.083
81	16	0	-3.867306	2.872851	-1.614445	1700	350	45.633	45.633	45.633
82	16	0	-3.793563	2.269057	-1.449266	1701	362	46.242	46.242	46.242
83	16	0	-4.369210	1.693618	-2.356375	1690	374	47.056	47.056	47.056
84	16	0	-4.849325	1.013912	-2.185776	1680	387	47.888	47.888	47.888
85	16	0	-4.295480	1.089828	0.136221	1691	386	48.447	48.447	48.447
86	16	0	-3.793783	1.117971	0.056038	1701	385	48.949	48.949	48.949
87	16	0	-3.237753	1.243838	0.222615	1712	383	49.519	49.519	49.519
88	16	0	-2.736056	1.271981	0.056038	1723	382	50.022	50.022	50.022
89	16	0	-2.184396	1.297945	0.047031	1734	382	50.574	50.574	50.574
90	16	0	-1.634921	1.273952	-0.043637	1745	382	51.124	51.124	51.124
91	16	0	-1.133212	1.302096	0.056036	1755	382	51.627	51.627	51.627
92	16	0	-0.585922	1.228152	-0.134296	1766	383	52.179	52.179	52.179
93	16	0	0.476163	1.482064	0.234665	1787	378	53.271	53.271	53.271
94	16	0	0.452177	0.932589	-1.614423	1786	389	53.821	53.821	53.821
95	16	0	0.428190	0.383114	-1.614423	1786	400	54.371	54.371	54.371
96	16	0	0.454154	-0.168546	-1.523765	1786	411	54.923	54.923	54.923
97	16	0	0.430155	-0.718022	-1.614445	1786	422	55.473	55.473	55.473
98	16	0	0.456119	-1.269676	-1.523765	1786	433	56.025	56.025	56.025
99	16	0	0.432133	-1.819151	-1.614423	1786	444	56.575	56.575	56.575
100	16	0	0.458097	-2.370817	-1.523766	1786	455	57.128	57.128	57.128
101	16	0	0.434098	-2.920292	-1.614445	1786	466	57.678	57.678	57.678
102	16	0	0.460062	-3.471946	-1.523765	1786	477	58.230	58.230	58.230
103	16	0	0.486027	-4.023600	-1.523765	1787	488	58.782	58.782	58.782
104	16	0	0.412077	-4.570896	-1.705102	1785	499	59.334	59.334	59.334
105	16	0	0.438041	-5.122557	-1.523765	1786	510	59.887	59.887	59.887
106	16	0	0.416227	-5.622081	-1.614438	1786	520	60.387	60.387	60.387
107	16	0	0.392240	-6.171556	-1.614423	1785	531	60.937	60.937	60.937
108	16	0	0.418204	-6.723216	-1.523765	1786	542	61.489	61.489	61.489
109	16	0	0.696110	-7.235826	-1.074009	1791	552	62.072	62.072	62.072
110	16	0	0.672123	-7.785301	-1.614423	1791	563	62.622	62.622	62.622
111	16	0	0.648124	-8.334782	-1.614444	1790	574	63.172	63.172	63.172
112	16	0	0.624137	-8.884257	-1.614423	1790	585	63.722	63.722	63.722
113	16	0	-0.101363	-9.453147	-2.476601	1775	597	64.644	64.644	64.644
114	16	0	0.600150	-9.433732	0.027669	1789	596	65.346	65.346	65.346
115	16	0	1.351615	-9.416496	0.022933	1804	596	66.098	66.098	66.098
116	16	0	1.275700	-8.862657	1.707019	1803	585	66.657	66.657	66.657
117	16	0	1.299686	-8.313182	1.527170	1803	574	67.207	67.207	67.207
118	16	0	1.373637	-7.765879	1.436492	1805	563	67.759	67.759	67.759
119	16	0	1.447575	-7.218589	1.436511	1806	552	68.311	68.311	68.311
120	16	0	1.421610	-6.666929	1.617827	1806	541	68.863	68.863	68.863
121	16	0	1.445609	-6.117454	1.527148	1806	530	69.413	69.413	69.413
122	16	0	1.419645	-5.565794	1.617827	1806	519	69.966	69.966	69.966
123	16	0	1.493583	-5.018498	1.436512	1807	508	70.518	70.518	70.518
124	16	0	1.467619	-4.466844	1.617828	1807	497	71.070	71.070	71.070
125	16	0	1.541569	-3.919548	1.436491	1808	486	71.622	71.622	71.622
126	16	0	1.515604	-3.367887	1.617827	1808	475	72.175	72.175	72.175
127	16	0	1.537418	-2.868363	1.527155	1808	465	72.675	72.675	72.675
128	16	0	1.511454	-2.316709	1.617828	1807	454	73.227	73.227	73.227
129	16	0	1.535441	-1.767234	1.527170	1808	443	73.777	73.777	73.777
130	16	0	1.509476	-1.215574	1.617827	1807	432	74.329	74.329	74.329
131	16	0	1.483524	-0.663914	1.617805	1807	421	74.881	74.881	74.881
132	16	0	1.507511	-0.114439	1.527170	1807	410	75.431	75.431	75.431
133	16	0	1.481547	0.437215	1.617828	1807	399	75.984	75.984	75.984
134	16	0	1.505546	0.986696	1.527148	1807	388	76.534	76.534	76.534
135	16	0	1.529533	1.536172	1.527170	1808	377	77.084	77.084	77.084
136	16	0	1.603471	2.083468	1.436512	1809	366	77.636	77.636	77.636
137	16	0	1.527555	2.637307	1.707019	1808	355	78.195	78.195	78.195
138	16	0	1.551554	3.186782	1.527148	1808	344	78.745	78.745	78.745
139	16	0	1.525590	3.738439	1.617828	1808	333	79.297	79.297	79.297
140	16	0	1.397538	4.244506	1.818628	1805	323	79.819	79.819	79.819
141	16	0	1.321622	4.798345	1.707019	1804	312	80.378	80.378	80.378
142	16	0	1.395573	5.345641	1.436491	1805	301	80.931	80.931	80.931
143	16	0	1.469511	5.892934	1.436512	1807	290	81.483	81.483	81.483
144	16	0	1.393595	6.446776	1.707018	1805	279	82.042	82.042	82.042
145	16	0	0.613993	6.931240	2.585569	1790	269	82.960	82.960	82.960
146	16	0	0.064518	6.955230	3.097961	1779	269	83.510	83.510	83.510
147	16	0	-0.534921	6.981402	3.097960	1767	268	84.110	84.110	84.110
148	16	0	-1.060397	7.554873	2.312549	1756	257	84.888	84.888	84.888
149	16	0	-1.612057	7.528912	-3.094567	1745	257	85.440	85.440	85.440
150	16	0	-2.159359	7.602853	3.007305	1734	256	85.992	85.992	85.992
151	16	0	-2.711007	7.576891	-3.094566	1723	256	86.544	86.544	86.544
152	16	0	-3.240865	8.050454	2.412240	1712	247	87.255	87.255	87.255
153	16	0	-3.792513	8.024493	-3.094566	1701	247	87.807	87.807	87.807
154	16	0	-4.344174	7.998528	-3.094562	1690	248	88.360	88.360	88.360
155	16	0	-4.370345	7.399099	-1.614430	1690	260	88.960	88.960	88.960
156	16	0	-4.344381	6.847442	-1.523765	1690	271	89.512	89.512	89.512
157	16	0	-4.318429	6.295788	-1.523787	1691	282	90.064	90.064	90.064
158	16	0	-4.344601	5.696358	-1.614430	1690	294	90.664	90.664	90.664
159	16	0	-4.370773	5.096929	-1.614430	1690	306	91.264	91.264	91.264
160	16	0	-4.344808	4.545269	-1.523765	1690	317	91.816	91.816	91.816
161	16	0	-4.368795	3.995794	-1.614423	1690	328	92.366	92.366	92.366
162	16	0	-4.394967	3.396364	-1.614430	1689	340	92.966	92.966	92.966
163	16	0	-4.371188	2.794753	-1.531291	1690	352	93.568	93.568	93.568
164	16	0	-4.345223	2.243099	-1.523765	1690	363	94.121	94.121	94.121
165	16	0	-4.923055	1.617708	-2.316689	1679	375	94.972	94.972	94.972
166	16	0	-3.819735	1.669631	0.047026	1701	374	96.077	96.077	96.077
167	16	0	-3.313668	1.797677	0.247820	1711	372	96.599	96.599	96.599
168	16	0	-2.764193	1.773684	-0.043637	1722	372	97.149	97.149	97.149
169	16	0	-2.212533	1.799648	0.047031	1733	372	97.701	97.701	97.701
170	16	0	-1.713009	1.777840	-0.043630	1743	372	98.201	98.201	98.201
171	16	0	-1.161361	1.803799	0.047021	1754	372	98.753	98.753	98.753
172	16	0	-0.614059	1.729861	-0.134282	1765	373	99.306	99.306	99.306
173	16	0	0.000639	2.053353	0.484437	1777	367	100.000	100.000	100.000
174	16	0	0.500162	2.031545	-0.043630	1787	367	100.500	100.500	100.500
175	16	0	1.051823	2.057503	0.047020	1798	366	101.052	101.052	101.052
176	16	0	0.975907	2.611342	1.707019	1797	355	101.611	101.611	101.611
177	16	0	0.999894	3.160821	1.527170	1797	344	102.161	102.161	102.161
178	16	0	0.973930	3.712478	1.617828	1797	333	102.714	102.714	102.714
179	16	0	0.793754	4.170772	1.945378	1793	324	103.206	103.206	103.206
180	16	0	0.767789	4.722433	1.617827	1793	313	103.758	103.758	103.758
181	16	0	0.841727	5.269726	1.436512	1794	302	104.311	104.311	104.311
182	16	0	0.865726	5.819204	1.527148	1795	291	104.861	104.861	104.861
183	16	0	0.789811	6.373040	1.707020	1793	280	105.420	105.420	105.420
184	16	0	0.240336	6.397033	3.097955	1782	280	105.970	105.970	105.970
185	16	0	-0.306966	6.470974	3.007305	1771	278	106.522	106.522	106.522
186	16	0	0.088505	7.504708	1.205409	1779	258	107.629	107.629	107.629
187	16	0	0.637980	7.480718	-0.043632	1790	258	108.179	108.179	108.179
188	16	0	1.191813	7.556634	0.136224	1801	256	108.738	108.738	108.738
189	16	0	1.743473	7.582595	0.047026	1812	256	109.290	109.290	109.290
190	16	0	2.297318	7.658507	0.136216	1823	254	109.849	109.849	109.849
191	16	0	2.838065	7.434707	-0.392408	1834	259	110.434	110.434	110.434
192	16	0	3.387540	7.410717	-0.043632	1845	259	110.984	110.984	110.984
193	16	0	3.934843	7.336776	-0.134288	1856	261	111.537	111.537	111.537
194	16	0	4.486491	7.362734	0.047021	1867	260	112.089	112.089	112.089
195	16	0	5.038151	7.388698	0.047031	1878	260	112.641	112.641	112.641
196	16	0	5.587626	7.364709	-0.043632	1889	260	113.191	113.191	113.191
197	16	0	6.187064	7.338537	-0.043633	1901	261	113.791	113.791	113.791
198	16	0	6.736539	7.314547	-0.043632	1912	261	114.341	114.341	114.341
199	16	0	7.286015	7.290554	-0.043637	1923	262	114.891	114.891	114.891
200	16	0	7.835490	7.266564	-0.043632	1934	262	115.441	115.441	115.441
201	16	0	8.384965	7.242574	-0.043632	1945	263	115.991	115.991	115.991
202	16	0	8.934440	7.218584	-0.043632	1956	263	116.541	116.541	116.541
203	16	0	9.486100	7.244543	0.047020	1967	263	117.093	117.093	117.093
204	16	0	10.035575	7.220553	-0.043632	1978	263	117.643	117.643	117.643
205	16	0	10.587235	7.246517	0.047031	1989	263	118.196	118.196	118.196
206	16	0	11.138896	7.272478	0.047026	2000	262	118.748	118.748	118.748
207	16	0	11.690543	7.298437	0.047021	2011	262	119.300	119.300	119.300
208	16	0	12.237846	7.224496	-0.134288	2022	263	119.852	119.852	119.852
209	16	0	12.789506	7.250457	0.047026	2033	263	120.405	120.405	120.405
210	16	0	13.499735	7.469683	0.299391	2047	258	121.148	121.148	121.148
211	16	0	14.051396	7.495647	0.047031	2058	258	121.700	121.700	121.700
212	16	0	14.598698	7.421703	-0.134293	2069	259	122.253	122.253	122.253
213	16	0	15.150346	7.447668	0.047032	2080	259	122.805	122.805	122.805
214	16	0	15.702006	7.473626	0.047020	2091	258	123.357	123.357	123.357
215	16	0	16.253666	7.499590	0.047031	2102	258	123.909	123.909	123.909
216	16	0	16.803141	7.475600	-0.043632	2113	258	124.459	124.459	124.459
217	16	0	17.354801	7.501562	0.047026	2124	258	125.012	125.012	125.012
218	16	0	17.906462	7.527520	0.047020	2135	257	125.564	125.564	125.564
219	16	0	18.455937	7.503530	-0.043632	2146	258	126.114	126.114	126.114
220	16	0	19.005412	7.479540	-0.043632	2157	258	126.664	126.664	126.664
221	16	0	19.554887	7.455550	-0.043632	2168	259	127.214	127.214	127.214
222	16	0	20.106547	7.481512	0.047026	2179	258	127.766	127.766	127.766
223	16	0	20.656022	7.457522	-0.043632	2190	258	128.316	128.316	128.316
224	16	0	21.198954	7.283675	-0.309884	2201	262	128.886	128.886	128.886
225	16	0	21.748429	7.259685	-0.043632	2212	262	129.436	129.436	129.436
226	16	0	22.297904	7.235693	-0.043637	2223	263	129.986	129.986	129.986
227	16	0	22.849565	7.261654	0.047026	2234	262	130.539	130.539	130.539
228	16	0	23.401225	7.287615	0.047026	2245	262	131.091	131.091	131.091
229	16	0	23.950700	7.263625	-0.043632	2256	262	131.641	131.641	131.641
230	16	0	24.493632	7.089776	-0.309889	2267	266	132.211	132.211	132.211
231	16	0	25.043107	7.065786	-0.043632	2278	266	132.761	132.761	132.761
232	16	0	25.594767	7.091750	0.047031	2289	266	133.313	133.313	133.313
233	16	0	26.142057	7.017803	-0.134302	2300	267	133.865	133.865	133.865
234	16	0	26.693718	7.043767	0.047031	2311	267	134.418	134.418	134.418
235	16	0	27.241020	6.969823	-0.134293	2322	268	134.970	134.970	134.970
236	16	0	27.792668	6.995788	0.047032	2333	268	135.522	135.522	135.522
237	16	0	28.342155	6.971795	-0.043636	2344	268	136.072	136.072	136.072
238	16	0	28.895988	7.047707	0.136219	2355	267	136.631	136.631	136.631
239	16	0	29.445463	7.023717	-0.043632	2366	267	137.181	137.181	137.181
240	16	0	29.997123	7.049682	0.047031	2377	267	137.734	137.734	137.734
241	16	0	30.546598	7.025689	-0.043637	2388	267	138.284	138.284	138.284
242	16	0	31.106974	7.251461	0.382999	2399	263	138.888	138.888	138.888
243	16	0	31.656462	7.227471	-0.043631	2410	263	139.438	139.438	139.438
244	16	0	32.208110	7.253432	0.047027	2421	263	139.990	139.990	139.990
245	16	0	32.757597	7.229439	-0.043636	2432	263	140.540	140.540	140.540
246	16	0	33.309245	7.255404	0.047032	2443	263	141.092	141.092	141.092
247	16	0	33.865263	7.381271	0.222620	2455	260	141.662	141.662	141.662
248	16	0	34.412565	7.307329	-0.134288	2466	261	142.215	142.215	142.215
249	16	0	34.964225	7.333288	0.047020	2477	261	142.767	142.767	142.767
250	16	0	35.515873	7.359249	0.047027	2488	260	143.319	143.319	143.319
251	16	0	36.058818	7.185403	-0.309877	2498	264	143.889	143.889	143.889
252	16	0	36.606108	7.111462	-0.134291	2509	265	144.441	144.441	144.441
253	16	0	37.159941	7.187374	0.136219	2520	264	145.000	145.000	145.000
254	16	0	37.709428	7.163384	-0.043631	2531	264	145.550	145.550	145.550
255	16	0	38.258903	7.139394	-0.043632	2542	265	146.100	146.100	146.100
256	16	0	38.808378	7.115404	-0.043632	2553	265	146.650	146.650	146.650
257	16	0	39.362211	7.191314	0.136213	2564	264	147.209	147.209	147.209
258	16	0	39.872648	7.419268	0.420011	2575	259	147.769	147.769	147.769
259	16	0	40.424309	7.445229	0.047026	2586	259	148.321	148.321	148.321
260	16	0	40.973784	7.421239	-0.043632	2597	259	148.871	148.871	148.871
261	16	0	41.525444	7.447201	0.047026	2608	259	149.423	149.423	149.423
262	16	0	42.024968	7.425390	-0.043636	2618	259	149.923	149.923	149.923
263	16	0	42.576616	7.451354	0.047032	2629	259	150.475	150.475	150.475
264	16	0	43.126091	7.427364	-0.043632	2640	259	151.025	151.025	151.025
265	16	0	43.675578	7.403371	-0.043636	2651	260	151.575	151.575	151.575
266	16	0	44.225053	7.379381	-0.043632	2662	260	152.125	152.125	152.125
267	16	0	44.776701	7.405343	0.047027	2673	260	152.678	152.678	152.678
268	16	0	45.326189	7.381353	-0.043631	2684	260	153.228	153.228	153.228
269	16	0	45.875664	7.357360	-0.043637	2695	260	153.778	153.778	153.778
270	16	0	46.418596	7.183514	-0.309884	2706	264	154.348	154.348	154.348
271	16	0	46.968071	7.159524	-0.043632	2717	264	154.898	154.898	154.898
272	16	0	47.517546	7.135534	-0.043632	2728	265	155.448	155.448	155.448
273	16	0	48.067021	7.111541	-0.043637	2739	265	155.998	155.998	155.998
274	16	0	48.616496	7.087551	-0.043632	2750	266	156.548	156.548	156.548
275	16	0	49.165971	7.063561	-0.043632	2761	266	157.098	157.098	157.098
276	16	0	49.719816	7.139477	0.136221	2772	265	157.657	157.657	157.657
277	16	0	50.269292	7.115484	-0.043637	2783	265	158.207	158.207	158.207
278	16	0	50.818767	7.091494	-0.043632	2794	266	158.757	158.757	158.757
279	16	0	51.368242	7.067504	-0.043632	2805	266	159.307	159.307	159.307
280	16	0	51.919902	7.093465	0.047026	2816	266	159.859	159.859	159.859
281	16	0	52.471562	7.119424	0.047020	2827	265	160.411	160.411	160.411
282	16	0	53.014494	6.945577	-0.309884	2838	269	160.981	160.981	160.981
283	16	0	53.566154	6.971542	0.047031	2849	268	161.534	161.534	161.534
284	16	0	54.065678	6.949731	-0.043636	2859	269	162.034	162.034	162.034
285	16	0	54.615153	6.925741	-0.043632	2870	269	162.584	162.584	162.584
286	16	0	55.166814	6.951702	0.047026	2881	269	163.136	163.136	163.136
287	16	0	55.716289	6.927709	-0.043637	2892	269	163.686	163.686	163.686
288	16	0	56.270122	7.003625	0.136224	2903	268	164.245	164.245	164.245
289	16	0	56.817424	6.929681	-0.134293	2914	269	164.797	164.797	164.797
290	16	0	57.369072	6.955645	0.047032	2925	269	165.349	165.349	165.349
291	16	0	57.918547	6.931652	-0.043637	2936	269	165.899	165.899	165.899
292	16	0	58.526701	7.105288	0.278113	2948	266	166.532	166.532	166.532
293	16	0	59.078362	7.131252	0.047031	2959	265	167.084	167.084	167.084
294	16	0	59.627837	7.107262	-0.043632	2970	265	167.634	167.634	167.634
295	16	0	60.181682	7.183178	0.136221	2981	264	168.193	168.193	168.193
296	16	0	60.731157	7.159185	-0.043637	2992	264	168.743	168.743	168.743
297	16	0	61.280632	7.135195	-0.043632	3003	265	169.293	169.293	169.293
298	16	0	61.830107	7.111205	-0.043632	3014	265	169.843	169.843	169.843
299	16	0	62.383940	7.187118	0.136219	3025	264	170.402	170.402	170.402
300	16	0	62.933428	7.163125	-0.043636	3036	264	170.952	170.952	170.952
301	16	0	63.482903	7.139135	-0.043632	3047	265	171.502	171.502	171.502
302	16	0	64.032378	7.115145	-0.043632	3058	265	172.052	172.052	172.052
303	16	0	64.581853	7.091155	-0.043632	3069	266	172.602	172.602	172.602
304	16	0	65.081377	7.069344	-0.043636	3079	266	173.102	173.102	173.102
305	16	0	65.624309	6.895498	-0.309884	3090	270	173.672	173.672	173.672
306	16	0	66.182512	7.071316	0.305135	3101	266	174.257	174.257	174.257
307	16	0	66.731987	7.047326	-0.043632	3112	267	174.807	174.807	174.807
308	16	0	67.279277	6.973382	-0.134296	3123	268	175.360	175.360	175.360
309	16	0	67.826579	6.899441	-0.134288	3134	270	175.912	175.912	175.912
310	16	0	68.378240	6.925399	0.047020	3145	269	176.464	176.464	176.464
311	16	0	68.916802	6.651647	-0.470267	3156	275	177.068	177.068	177.068
312	16	0	69.403252	6.330126	-0.584037	3165	281	177.652	177.652	177.652
313	16	0	69.939641	6.006420	-0.542982	3176	287	178.278	178.278	178.278
314	16	0	70.628069	5.726125	-0.386657	3190	293	179.021	179.021	179.021
315	16	0	71.116680	5.454549	-0.507295	3200	299	179.580	179.580	179.580
316	16	0	71.846343	4.972268	-0.584045	3214	308	180.455	180.455	180.455
317	16	0	72.278472	4.553020	-0.770269	3223	317	181.057	181.057	181.057
318	16	0	72.823577	4.429122	-0.223495	3234	319	181.616	181.616	181.616
319	16	0	73.307842	4.057647	-0.654350	3243	326	182.226	182.226	182.226
320	16	0	73.796453	3.786074	-0.507290	3253	332	182.785	182.785	182.785
321	16	0	74.384978	3.510140	-0.438424	3265	337	183.435	183.435	183.435
322	16	0	74.873601	3.238570	-0.507275	3275	343	183.994	183.994	183.994
323	16	0	75.553301	2.758462	-0.614978	3288	352	184.827	184.827	184.827
324	16	0	76.096245	2.584615	-0.309877	3299	356	185.397	185.397	185.397
325	16	0	76.532720	2.265273	-0.631646	3308	362	185.938	185.938	185.938
326	16	0	77.080022	2.191329	-0.134293	3319	364	186.490	186.490	186.490
327	16	0	77.627312	2.117385	-0.134296	3330	365	187.042	187.042	187.042
328	16	0	78.176787	2.093398	-0.043626	3341	366	187.592	187.592	187.592
329	16	0	78.726274	2.069405	-0.043636	3352	366	188.142	188.142	188.142
330	16	0	79.280107	2.145321	0.136224	3363	365	188.701	188.701	188.701
331	16	0	79.894805	2.468813	0.484437	3375	358	189.396	189.396	189.396
332	16	0	80.418315	2.996480	0.789352	3386	348	190.139	190.139	190.139
333	16	0	81.043914	3.569738	0.741767	3398	336	190.988	190.988	190.988
334	16	0	81.667339	4.093044	0.698311	3411	326	191.801	191.801	191.801
335	16	0	82.138726	4.572939	0.794342	3420	316	192.474	192.474	192.474
336	16	0	82.664421	5.150558	0.832424	3431	305	193.255	193.255	193.255
337	16	0	83.235698	5.626092	0.694191	3442	295	193.998	193.998	193.998
338	16	0	83.956841	6.095080	0.576614	3456	286	194.859	194.859	194.859
339	16	0	84.484722	6.722652	0.871464	3467	273	195.679	195.679	195.679
340	16	0	85.001690	7.100463	0.631113	3477	266	196.319	196.319	196.319
341	16	0	85.512127	7.328417	0.420011	3487	261	196.878	196.878	196.878
342	16	0	86.083403	7.803948	0.694187	3499	252	197.621	197.621	197.621
343	16	0	86.402752	8.240435	0.939154	3505	243	198.162	198.162	198.162
344	16	0	86.782952	8.924502	1.063516	3513	229	198.945	198.945	198.945
345	16	0	87.097930	9.261083	0.818542	3519	222	199.406	199.406	199.406
346	16	0	86.754815	9.426208	2.693057	3512	219	199.787	199.787	199.787
347	16	0	86.396416	9.241665	-2.666089	3505	223	200.190	200.190	200.190
348	16	0	85.877263	8.813903	-2.452411	3495	231	200.862	200.862	200.862
349	16	0	85.303801	8.288418	-2.399824	3483	242	201.640	201.640	201.640
350	16	0	84.728154	7.712978	-2.356375	3472	253	202.454	202.454	202.454
351	16	0	84.048235	7.041997	-2.362811	3458	267	203.409	203.409	203.409
352	16	0	83.631170	6.659826	-2.399826	3450	274	203.975	203.975	203.975
353	16	0	83.209746	6.177749	-2.289163	3441	284	204.615	204.615	204.615
354	16	0	82.738359	5.697854	-2.347251	3432	294	205.288	205.288	205.288
355	16	0	82.162712	5.122417	-2.356377	3421	305	206.102	206.102	206.102
356	16	0	81.641375	4.644701	-2.399830	3410	315	206.809	206.809	206.809
357	16	0	81.217766	4.112670	-2.243222	3402	325	207.489	207.489	207.489
358	16	0	80.594353	3.589367	-2.443275	3389	336	208.303	208.303	208.303
359	16	0	79.916619	2.968337	-2.399827	3376	348	209.222	209.222	209.222
360	16	0	79.358416	2.792519	-2.836458	3364	352	209.808	209.808	209.808
361	16	0	78.800212	2.616701	-2.836458	3353	355	210.393	210.393	210.393
362	16	0	78.300689	2.638509	3.097963	3343	355	210.893	210.893	210.893
363	16	0	77.751213	2.662502	3.097955	3332	354	211.443	211.443	211.443
364	16	0	77.203911	2.736446	3.007299	3321	353	211.995	211.995	211.995
365	16	0	76.656621	2.810384	3.007307	3310	351	212.547	212.547	212.547
366	16	0	75.870464	3.144994	2.739191	3295	345	213.402	213.402	213.402
367	16	0	75.377483	3.316665	2.806496	3285	341	213.924	213.924	213.924
368	16	0	74.797686	3.792406	2.454458	3273	332	214.674	214.674	214.674
369	16	0	74.309062	4.063979	2.634313	3263	326	215.233	215.233	215.233
370	16	0	73.920354	4.331188	2.539355	3256	321	215.705	215.705	215.705
371	16	0	73.383965	4.654894	2.598610	3245	315	216.331	216.331	216.331
372	16	0	72.897527	4.976418	2.557540	3235	308	216.914	216.914	216.914
373	16	0	72.404546	5.148083	2.806507	3225	305	217.436	217.436	217.436
374	16	0	71.670525	5.530465	2.661332	3211	297	218.264	218.264	218.264
375	16	0	71.038591	5.958440	2.546301	3198	288	219.027	219.027	219.027
376	16	0	70.502202	6.282143	2.598614	3187	282	219.654	219.654	219.654
377	16	0	70.013579	6.553716	2.634313	3178	277	220.213	220.213	220.213
378	16	0	69.475005	6.827468	2.671335	3167	271	220.817	220.817	220.817
379	16	0	68.938616	7.151171	2.598614	3156	265	221.443	221.443	221.443
380	16	0	68.400041	7.424923	2.671335	3145	259	222.047	222.047	222.047
381	16	0	67.857109	7.598775	2.831699	3134	256	222.617	222.617	222.617
382	16	0	67.309819	7.672716	3.007302	3123	254	223.170	223.170	223.170
383	16	0	66.762517	7.746661	3.007299	3113	253	223.722	223.722	223.722
384	16	0	66.213042	7.770650	3.097961	3102	252	224.272	224.272	224.272
385	16	0	65.815605	7.838052	2.973601	3094	251	224.675	224.675	224.675
386	16	0	65.111907	7.768679	-3.043327	3079	252	225.382	225.382	225.382
387	16	0	64.562431	7.792669	3.097961	3069	252	225.932	225.932	225.932
388	16	0	64.010771	7.766711	-3.094573	3057	252	226.484	226.484	226.484
389	16	0	63.463481	7.840652	3.007302	3047	251	227.037	227.037	227.037
390	16	0	62.914006	7.864641	3.097961	3036	250	227.587	227.587	227.587
391	16	0	62.364531	7.888631	3.097961	3025	250	228.137	228.137	228.137
392	16	0	61.810686	7.812719	-3.005377	3013	251	228.696	228.696	228.696
393	16	0	61.261211	7.836709	3.097961	3002	251	229.246	229.246	229.246
394	16	0	60.711736	7.860699	3.097961	2991	250	229.796	229.796	229.796
395	16	0	60.160075	7.834737	-3.094567	2980	251	230.348	230.348	230.348
396	16	0	59.608415	7.808776	-3.094567	2969	251	230.900	230.900	230.900
397	16	0	59.058940	7.832766	3.097961	2958	251	231.450	231.450	231.450
398	16	0	58.505107	7.756853	-3.005374	2947	252	232.009	232.009	232.009
399	16	0	57.957805	7.830794	3.007305	2936	251	232.562	232.562	232.562
400	16	0	57.408330	7.854787	3.097955	2925	251	233.112	233.112	233.112
401	16	0	56.858855	7.878777	3.097961	2914	250	233.662	233.662	233.662
402	16	0	56.311565	7.952718	3.007302	2903	249	234.214	234.214	234.214
403	16	0	55.757719	7.876806	-3.005377	2892	250	234.773	234.773	234.773
404	16	0	55.208244	7.900799	3.097955	2881	250	235.323	235.323	235.323
405	16	0	54.654411	7.824883	-3.005369	2870	251	235.882	235.882	235.882
406	16	0	54.104936	7.848873	3.097961	2859	251	236.432	236.432	236.432
407	16	0	53.553276	7.822909	-3.094562	2848	251	236.984	236.984	236.984
408	16	0	53.003801	7.846902	3.097955	2837	251	237.534	237.534	237.534
409	16	0	52.549858	7.766628	-2.966566	2828	252	237.995	237.995	237.995
410	16	0	52.000383	7.790618	3.097961	2817	252	238.545	238.545	238.545
411	16	0	51.446550	7.714703	-3.005369	2806	253	239.104	239.104	239.104
412	16	0	50.899248	7.788644	3.007305	2795	252	239.656	239.656	239.656
413	16	0	50.347600	7.762685	-3.094572	2784	252	240.209	240.209	240.209
414	16	0	49.800297	7.836626	3.007305	2773	251	240.761	240.761	240.761
415	16	0	49.246464	7.760711	-3.005369	2762	252	241.320	241.320	241.320
416	16	0	48.696989	7.784701	3.097961	2751	252	241.870	241.870	241.870
417	16	0	48.145329	7.758742	-3.094573	2740	252	242.422	242.422	242.422
418	16	0	47.595854	7.782732	3.097961	2729	252	242.972	242.972	242.972
419	16	0	47.046379	7.806722	3.097961	2718	251	243.522	243.522	243.522
420	16	0	46.496904	7.830715	3.097955	2707	251	244.072	244.072	244.072
421	16	0	45.945244	7.804754	-3.094567	2696	252	244.624	244.624	244.624
422	16	0	45.395769	7.828744	3.097961	2685	251	245.174	245.174	245.174
423	16	0	44.896245	7.850555	3.097957	2675	251	245.674	245.674	245.674
424	16	0	44.344584	7.824590	-3.094562	2664	251	246.227	246.227	246.227
425	16	0	43.795109	7.848580	3.097961	2653	251	246.777	246.777	246.777
426	16	0	43.245634	7.872570	3.097961	2642	250	247.327	247.327	247.327
427	16	0	42.696147	7.896563	3.097956	2631	250	247.877	247.877	247.877
428	16	0	42.144499	7.870602	-3.094566	2620	250	248.429	248.429	248.429
429	16	0	41.595024	7.894591	3.097961	2609	250	248.979	248.979	248.979
430	16	0	41.043364	7.868627	-3.094562	2598	250	249.531	249.531	249.531
431	16	0	40.493889	7.892620	3.097955	2587	250	250.081	250.081	250.081
432	16	0	39.942228	7.866659	-3.094567	2576	250	250.634	250.634	250.634
433	16	0	39.340617	7.842879	-3.102087	2564	251	251.236	251.236	251.236
434	16	0	38.788957	7.816915	-3.094562	2553	251	251.788	251.788	251.788
435	16	0	38.239482	7.840905	3.097961	2542	251	252.338	252.338	252.338
436	16	0	37.690007	7.864898	3.097955	2531	250	252.888	252.888	252.888
437	16	0	37.142704	7.938842	3.007299	2520	249	253.440	253.440	253.440
438	16	0	36.591057	7.912878	-3.094560	2509	249	253.992	253.992	253.992
439	16	0	36.041569	7.936867	3.097962	2498	249	254.542	254.542	254.542
440	16	0	35.487736	7.860955	-3.005374	2487	250	255.101	255.101	255.101
441	16	0	34.938261	7.884945	3.097961	2476	250	255.651	255.651	255.651
442	16	0	34.386601	7.858984	-3.094567	2465	250	256.204	256.204	256.204
443	16	0	33.839311	7.932928	3.007296	2454	249	256.756	256.756	256.756
444	16	0	33.287651	7.906966	-3.094567	2443	249	257.308	257.308	257.308
445	16	0	32.738176	7.930956	3.097961	2432	249	257.858	257.858	257.858
446	16	0	32.186515	7.904995	-3.094567	2421	250	258.411	258.411	258.411
447	16	0	31.634855	7.879034	-3.094567	2410	250	258.963	258.963	258.963
448	16	0	31.085380	7.903023	3.097961	2399	250	259.513	259.513	259.513
449	16	0	30.533720	7.877062	-3.094567	2388	250	260.065	260.065	260.065
450	16	0	30.036381	7.948824	2.998290	2378	249	260.568	260.568	260.568
451	16	0	29.486906	7.972814	3.097961	2367	248	261.118	261.118	261.118
452	16	0	28.939604	8.046758	3.007299	2356	247	261.670	261.670	261.670
453	16	0	28.387956	8.020794	-3.094560	2345	247	262.222	262.222	262.222
454	16	0	27.838469	8.044787	3.097956	2334	247	262.772	262.772	262.772
455	16	0	27.286821	8.018825	-3.094566	2323	247	263.324	263.324	263.324
456	16	0	26.737345	8.042815	3.097961	2312	247	263.874	263.874	263.874
457	16	0	26.183500	7.966900	-3.005372	2301	248	264.433	264.433	264.433
458	16	0	25.636210	8.040844	3.007296	2290	247	264.986	264.986	264.986
459	16	0	25.084550	8.014883	-3.094567	2279	247	265.538	265.538	265.538
460	16	0	24.532890	7.988921	-3.094567	2268	248	266.090	266.090	266.090
461	16	0	23.981230	7.962960	-3.094567	2257	248	266.642	266.642	266.642
462	16	0	23.431755	7.986950	3.097961	2246	248	267.192	267.192	267.192
463	16	0	22.880094	7.960989	-3.094567	2235	248	267.745	267.745	267.745
464	16	0	22.330619	7.984978	3.097961	2224	248	268.295	268.295	268.295
465	16	0	21.778959	7.959017	-3.094567	2213	248	268.847	268.847	268.847
466	16	0	21.229484	7.983007	3.097961	2202	248	269.397	269.397	269.397
467	16	0	20.677836	7.957046	-3.094566	2191	248	269.949	269.949	269.949
468	16	0	20.128349	7.981036	3.097962	2180	248	270.499	270.499	270.499
469	16	0	19.576701	7.955077	-3.094572	2169	249	271.052	271.052	271.052
470	16	0	19.029399	8.029018	3.007305	2158	247	271.604	271.604	271.604
471	16	0	18.479923	8.053008	3.097961	2147	247	272.154	272.154	272.154
472	16	0	17.928263	8.027047	-3.094567	2136	247	272.706	272.706	272.706
473	16	0	17.376615	8.001086	-3.094566	2125	248	273.258	273.258	273.258
474	16	0	16.824955	7.975124	-3.094567	2114	248	273.811	273.811	273.811
475	16	0	16.275480	7.999114	3.097961	2103	248	274.361	274.361	274.361
476	16	0	15.723820	7.973150	-3.094562	2092	248	274.913	274.913	274.913
477	16	0	15.172160	7.947192	-3.094573	2081	249	275.465	275.465	275.465
478	16	0	14.620500	7.921227	-3.094562	2070	249	276.017	276.017	276.017
479	16	0	14.073210	7.995171	3.007296	2059	248	276.570	276.570	276.570
480	16	0	13.519364	7.919256	-3.005372	2048	249	277.129	277.129	277.129
481	16	0	12.967716	7.893298	-3.094572	2037	250	277.681	277.681	277.681
482	16	0	12.416056	7.867333	-3.094562	2026	250	278.233	278.233	278.233
483	16	0	11.868754	7.941277	3.007299	2015	249	278.785	278.785	278.785
484	16	0	11.317106	7.915316	-3.094566	2004	249	279.338	279.338	279.338
485	16	0	10.767619	7.939306	3.097962	1993	249	279.888	279.888	279.888
486	16	0	10.213786	7.863390	-3.005369	1982	250	280.447	280.447	280.447
487	16	0	9.664311	7.887380	3.097961	1971	250	280.997	280.997	280.997
488	16	0	9.112650	7.861422	-3.094573	1960	250	281.549	281.549	281.549
489	16	0	8.563175	7.885412	3.097961	1949	250	282.099	282.099	282.099
490	16	0	8.013700	7.909402	3.097961	1938	249	282.649	282.649	282.649
491	16	0	7.464225	7.933391	3.097961	1927	249	283.199	283.199	283.199
492	16	0	6.914750	7.957384	3.097955	1916	248	283.749	283.749	283.749
493	16	0	6.367448	8.031325	3.007305	1905	247	284.301	284.301	284.301
494	16	0	5.817973	8.055315	3.097961	1894	247	284.851	284.851	284.851
495	16	0	5.268497	8.079305	3.097961	1883	246	285.401	285.401	285.401
496	16	0	4.716837	8.053347	-3.094573	1872	247	285.954	285.954	285.954
497	16	0	4.165177	8.027386	-3.094567	1861	247	286.506	286.506	286.506
498	16	0	3.615702	8.051376	3.097961	1850	247	287.056	287.056	287.056
499	16	0	3.066227	8.075365	3.097961	1839	246	287.606	287.606	287.606
500	16	0	2.516752	8.099358	3.097955	1828	246	288.156	288.156	288.156
501	16	0	1.965092	8.073394	-3.094562	1817	246	288.708	288.708	288.708
502	16	0	1.415617	8.097384	3.097961	1806	246	289.258	289.258	289.258
503	16	0	0.861784	8.021468	-3.005369	1794	247	289.817	289.817	289.817
504	16	0	0.312308	8.045461	3.097955	1783	247	290.367	290.367	290.367
505	16	0	-0.239352	8.019500	-3.094567	1772	247	290.919	290.919	290.919
506	16	0	-0.788827	8.043490	3.097961	1761	247	291.469	291.469	291.469
507	16	0	-1.340487	8.017532	-3.094573	1750	247	292.022	292.022	292.022
508	16	0	-1.887789	8.091473	3.007305	1739	246	292.574	292.574	292.574
509	16	0	-2.439437	8.065511	-3.094566	1728	246	293.126	293.126	293.126
510	16	0	-0.460970	7.528701	-0.264948	1768	257	295.176	295.176	295.176
511	16	0	0.064518	6.955230	-0.829032	1779	269	295.954	295.954	295.954
512	16	0	0.789811	6.373040	-0.676383	1793	280	296.884	296.884	296.884
513	16	0	0.316251	5.843194	-2.300158	1784	291	297.595	297.595	297.595
514	16	0	0.244486	5.345849	-1.714104	1782	301	298.097	298.097	298.097
515	16	0	0.170536	4.798556	-1.705103	1781	312	298.649	298.649	298.649
516	16	0	0.246452	4.244717	-1.434574	1782	323	299.208	299.208	299.208
517	16	0	0.472221	3.684334	-1.187806	1787	334	299.813	299.813	299.813
518	16	0	0.448234	3.134859	-1.614423	1786	345	300.363	300.363	300.363
519	16	0	0.424247	2.585384	-1.614423	1786	356	300.913	300.913	300.913
520	16	0	-0.075277	2.607192	3.097963	1776	355	301.413	301.413	301.413
521	16	0	-0.051290	3.156670	1.527170	1776	344	301.963	301.963	301.963
522	16	0	-0.077255	3.708324	1.617828	1776	333	302.515	302.515	302.515
523	16	0	-0.298666	4.368612	1.894339	1771	320	303.211	303.211	303.211
524	16	0	-0.376754	4.872497	1.724546	1770	310	303.721	303.721	303.721
525	16	0	-0.352767	5.421975	1.527170	1770	299	304.271	304.271	304.271
526	16	0	-0.281002	5.919317	1.427488	1772	289	304.774	304.774	304.774
527	16	0	0.240336	6.397033	0.741763	1782	280	305.481	305.481	305.481
528	16	0	0.613993	6.931240	0.960432	1790	269	306.133	306.133	306.133
529	16	0	1.167826	7.007156	0.136224	1801	267	306.692	306.692	306.692
530	16	0	1.719486	7.033120	0.047031	1812	267	307.244	307.244	307.244
531	16	0	2.277689	7.208935	0.305130	1823	263	307.829	307.829	307.829
532	16	0	2.809708	6.785326	-0.672437	1833	272	308.509	308.509	308.509
533	16	0	3.359196	6.761336	-0.043631	1844	272	309.059	309.059	309.059
534	16	0	3.906486	6.687395	-0.134291	1855	274	309.612	309.612	309.612
535	16	0	4.455961	6.663402	-0.043637	1866	274	310.162	310.162	310.162
536	16	0	5.007621	6.689364	0.047026	1877	274	310.714	310.714	310.714
537	16	0	5.557096	6.665374	-0.043632	1888	274	311.264	311.264	311.264
538	16	0	6.106571	6.641384	-0.043632	1899	275	311.814	311.814	311.814
539	16	0	6.656046	6.617391	-0.043637	1910	275	312.364	312.364	312.364
540	16	0	7.207706	6.643352	0.047026	1921	275	312.916	312.916	312.916
541	16	0	7.755009	6.569411	-0.134288	1932	276	313.468	313.468	313.468
542	16	0	8.356608	6.593191	0.039506	1944	276	314.070	314.070	314.070
543	16	0	8.906095	6.569201	-0.043631	1955	276	314.620	314.620	314.620
544	16	0	9.457743	6.595162	0.047027	1966	276	315.173	315.173	315.173
545	16	0	10.007218	6.571172	-0.043632	1977	276	315.723	315.723	315.723
546	16	0	10.558878	6.597134	0.047026	1988	276	316.275	316.275	316.275
547	16	0	11.110539	6.623098	0.047031	1999	275	316.827	316.827	316.827
548	16	0	11.660014	6.599105	-0.043637	2010	276	317.377	317.377	317.377
549	16	0	12.209489	6.575115	-0.043632	2021	276	317.927	317.927	317.927
550	16	0	12.758964	6.551125	-0.043632	2032	277	318.477	318.477	318.477
551	16	0	13.308439	6.527132	-0.043637	2043	277	319.027	319.027	319.027
552	16	0	13.860099	6.553094	0.047026	2054	277	319.580	319.580	319.580
553	16	0	14.407401	6.479153	-0.134288	2065	278	320.132	320.132	320.132
554	16	0	14.959049	6.505114	0.047027	2076	278	320.684	320.684	320.684
555	16	0	15.510710	6.531072	0.047020	2087	277	321.236	321.236	321.236
556	16	0	16.062370	6.557036	0.047031	2098	276	321.789	321.789	321.789
557	16	0	16.661796	6.530865	-0.043634	2110	277	322.389	322.389	322.389
558	16	0	17.213456	6.556826	0.047026	2122	276	322.941	322.941	322.941
559	16	0	17.762931	6.532836	-0.043632	2133	277	323.491	323.491	323.491
560	16	0	18.310234	6.458892	-0.134293	2143	278	324.043	324.043	324.043
561	16	0	18.859709	6.434902	-0.043632	2154	279	324.593	324.593	324.593
562	16	0	19.409184	6.410912	-0.043632	2165	279	325.143	325.143	325.143
563	16	0	19.963017	6.486828	0.136224	2177	278	325.702	325.702	325.702
564	16	0	20.512492	6.462835	-0.043637	2188	278	326.252	326.252	326.252
565	16	0	21.116288	6.536571	0.121520	2200	277	326.860	326.860	326.860
566	16	0	21.665763	6.512578	-0.043637	2211	277	327.410	327.410	327.410
567	16	0	22.217424	6.538540	0.047026	2222	277	327.963	327.963	327.963
568	16	0	22.769084	6.564501	0.047026	2233	276	328.515	328.515	328.515
569	16	0	23.320732	6.590462	0.047027	2244	276	329.067	329.067	329.067
570	16	0	23.870219	6.566473	-0.043631	2255	276	329.617	329.617	329.617
571	16	0	24.424052	6.642388	0.136224	2266	275	330.176	330.176	330.176
572	16	0	24.973527	6.618398	-0.043632	2277	275	330.726	330.726	330.726
573	16	0	25.525187	6.644356	0.047020	2288	275	331.279	331.279	331.279
574	16	0	26.072477	6.570415	-0.134291	2299	276	331.831	331.831	331.831
575	16	0	26.621952	6.546426	-0.043632	2310	277	332.381	332.381	332.381
576	16	0	27.219206	6.470299	-0.126777	2322	278	332.983	332.983	332.983
577	16	0	27.768681	6.446310	-0.043632	2333	279	333.533	333.533	333.533
578	16	0	28.318156	6.422317	-0.043637	2344	279	334.083	334.083	334.083
579	16	0	28.874174	6.548183	0.222620	2355	277	334.653	334.653	334.653
580	16	0	29.425834	6.574148	0.047031	2366	276	335.205	335.205	335.205
581	16	0	29.977494	6.600109	0.047026	2377	276	335.758	335.758	335.758
582	16	0	30.526970	6.576116	-0.043637	2388	276	336.308	336.308	336.308
583	16	0	31.078630	6.602080	0.047031	2399	276	336.860	336.860	336.860
584	16	0	31.628105	6.578091	-0.043632	2410	276	337.410	337.410	337.410
585	16	0	32.179765	6.604052	0.047026	2421	276	337.962	337.962	337.962
586	16	0	32.727055	6.530108	-0.134296	2432	277	338.514	338.514	338.514
587	16	0	33.278715	6.556069	0.047026	2443	276	339.067	339.067	339.067
588	16	0	33.841276	6.831792	0.455714	2454	271	339.693	339.693	339.693
589	16	0	34.388578	6.757851	-0.134288	2465	272	340.245	340.245	340.245
590	16	0	34.940226	6.783810	0.047021	2476	272	340.798	340.798	340.798
591	16	0	35.494072	6.859725	0.136221	2487	270	341.357	341.357	341.357
592	16	0	36.026103	6.436117	-0.672425	2498	279	342.037	342.037	342.037
593	16	0	36.573393	6.362176	-0.134291	2509	280	342.589	342.589	342.589
594	16	0	37.125053	6.388134	0.047020	2520	280	343.141	343.141	343.141
595	16	0	37.676713	6.414095	0.047026	2531	279	343.694	343.694	343.694
596	16	0	38.228361	6.440060	0.047032	2542	279	344.246	344.246	344.246
597	16	0	38.780021	6.466021	0.047026	2553	278	344.798	344.798	344.798
598	16	0	39.331682	6.491982	0.047026	2564	278	345.350	345.350	345.350
599	16	0	39.881157	6.467992	-0.043632	2575	278	345.900	345.900	345.900
600	16	0	40.437175	6.593859	0.222620	2586	276	346.470	346.470	346.470
601	16	0	40.986662	6.569866	-0.043636	2597	276	347.020	347.020	347.020
602	16	0	41.536137	6.545876	-0.043632	2608	277	347.570	347.570	347.570
603	16	0	42.085612	6.521886	-0.043632	2619	277	348.120	348.120	348.120
604	16	0	42.637272	6.547848	0.047026	2630	277	348.673	348.673	348.673
605	16	0	43.186748	6.523855	-0.043637	2641	277	349.223	349.223	349.223
606	16	0	43.738396	6.549819	0.047032	2652	277	349.775	349.775	349.775
607	16	0	44.285698	6.475875	-0.134293	2663	278	350.327	350.327	350.327
608	16	0	44.837358	6.501839	0.047031	2674	278	350.879	350.879	350.879
609	16	0	45.389006	6.527798	0.047021	2685	277	351.432	351.432	351.432
610	16	0	45.938493	6.503808	-0.043631	2696	278	351.982	351.982	351.982
611	16	0	46.490141	6.529769	0.047027	2707	277	352.534	352.534	352.534
612	16	0	47.041801	6.555733	0.047031	2718	276	353.086	353.086	353.086
613	16	0	47.591276	6.531740	-0.043637	2729	277	353.636	353.636	353.636
614	16	0	48.138579	6.457796	-0.134293	2740	278	354.189	354.189	354.189
615	16	0	48.688054	6.433807	-0.043632	2751	279	354.739	354.739	354.739
616	16	0	49.237529	6.409817	-0.043632	2762	279	355.289	355.289	355.289
617	16	0	49.789189	6.435778	0.047026	2773	279	355.841	355.841	355.841
618	16	0	50.338664	6.411788	-0.043632	2784	279	356.391	356.391	356.391
619	16	0	50.888139	6.387798	-0.043632	2795	280	356.941	356.941	356.941
620	16	0	51.437614	6.363808	-0.043632	2806	280	357.491	357.491	357.491
621	16	0	51.989275	6.389767	0.047020	2817	280	358.043	358.043	358.043
622	16	0	52.540935	6.415731	0.047031	2828	279	358.595	358.595	358.595
623	16	0	53.094768	6.491646	0.136224	2839	278	359.154	359.154	359.154
624	16	0	53.646428	6.517605	0.047020	2850	277	359.707	359.707	359.707
625	16	0	54.195903	6.493615	-0.043632	2861	278	360.257	360.257	360.257
626	16	0	54.745378	6.469625	-0.043632	2872	278	360.807	360.807	360.807
627	16	0	55.294853	6.445635	-0.043632	2883	279	361.357	361.357	361.357
628	16	0	55.844328	6.421642	-0.043637	2894	279	361.907	361.907	361.907
629	16	0	56.398174	6.497558	0.136221	2905	278	362.466	362.466	362.466
630	16	0	56.947649	6.473568	-0.043632	2916	278	363.016	363.016	363.016
631	16	0	57.499309	6.499529	0.047026	2927	278	363.568	363.568	363.568
632	16	0	58.048784	6.475536	-0.043637	2938	278	364.118	364.118	364.118
633	16	0	58.448405	6.458089	-0.043631	2946	278	364.518	364.518	364.518
634	16	0	59.000053	6.484054	0.047032	2957	278	365.070	365.070	365.070
635	16	0	59.549541	6.460064	-0.043631	2968	278	365.620	365.620	365.620
636	16	0	60.101189	6.486022	0.047021	2979	278	366.172	366.172	366.172
637	16	0	60.650664	6.462032	-0.043632	2990	278	366.722	366.722	366.722
638	16	0	61.200151	6.438042	-0.043631	3001	279	367.272	367.272	367.272
639	16	0	61.749626	6.414052	-0.043632	3012	279	367.822	367.822	367.822
640	16	0	62.303459	6.489965	0.136219	3023	278	368.381	368.381	368.381
641	16	0	62.852934	6.465975	-0.043632	3034	278	368.931	368.931	368.931
642	16	0	63.404595	6.491936	0.047026	3045	278	369.484	369.484	369.484
643	16	0	63.951885	6.417995	-0.134291	3056	279	370.036	370.036	370.036
644	16	0	64.503545	6.443954	0.047020	3067	279	370.588	370.588	370.588
645	16	0	65.050847	6.370013	-0.134288	3078	280	371.141	371.141	371.141
646	16	0	65.552544	6.398153	0.056031	3088	280	371.643	371.643	371.643
647	16	0	66.102019	6.374163	-0.043632	3099	280	372.193	372.193	372.193
648	16	0	66.651506	6.350173	-0.043631	3110	281	372.743	372.743	372.743
649	16	0	67.200981	6.326183	-0.043632	3121	281	373.293	373.293	373.293
650	16	0	67.746099	6.202285	-0.223491	3132	284	373.852	373.852	373.852
651	16	0	68.532244	5.867678	-0.402404	3148	290	374.706	374.706	374.706
652	16	0	69.025224	5.696010	-0.335091	3158	294	375.228	375.228	375.228
653	16	0	69.757060	5.263674	-0.533595	3172	302	376.078	376.078	376.078
654	16	0	70.293450	4.939971	-0.542978	3183	309	376.705	376.705	376.705
655	16	0	70.677812	4.572857	-0.762449	3191	316	377.236	377.236	377.236
656	16	0	71.353154	3.992849	-0.709602	3204	328	378.127	378.127	378.127
657	16	0	71.826506	3.371609	-0.919693	3214	340	378.908	378.908	378.908
658	16	0	72.302031	2.800320	-0.876626	3223	352	379.651	379.651	379.651
659	16	0	72.677666	2.233401	-0.985621	3231	363	380.331	380.331	380.331
660	16	0	73.048931	1.566567	-1.062780	3238	376	381.094	381.094	381.094
661	16	0	73.322478	0.954055	-1.150774	3244	389	381.765	381.765	381.765
662	16	0	73.552605	0.493575	-1.107345	3248	398	382.280	382.280	382.280
663	16	0	73.628520	-0.060258	-1.434572	3250	409	382.839	382.839	382.839
664	16	0	73.754387	-0.616282	-1.348179	3252	420	383.409	383.409	383.409
665	16	0	73.830303	-1.170121	-1.434574	3254	431	383.968	383.968	383.968
666	16	0	73.856267	-1.721775	-1.523765	3254	442	384.520	384.520	384.520
667	16	0	73.882231	-2.273435	-1.523765	3255	453	385.073	385.073	385.073
668	16	0	73.808281	-2.820732	-1.705102	3253	464	385.625	385.625	385.625
669	16	0	73.834246	-3.372392	-1.523765	3254	475	386.177	386.177	386.177
670	16	0	73.710344	-3.917503	-1.794295	3251	486	386.736	386.736	386.736
671	16	0	73.686357	-4.466978	-1.614423	3251	497	387.286	387.286	387.286
672	16	0	73.512517	-5.009910	-1.880670	3248	508	387.856	387.856	387.856
673	16	0	73.338665	-5.552848	-1.880687	3244	519	388.426	388.426	388.426
674	16	0	73.023686	-5.889427	-2.323055	3238	525	388.887	388.887	388.887
675	16	0	72.591350	-6.621263	-2.104391	3229	540	389.737	389.737	389.737
676	16	0	72.167742	-7.153294	-2.243222	3221	551	390.417	390.417	390.417
677	16	0	71.698540	-7.583238	-2.399828	3211	559	391.054	391.054	391.054
678	16	0	71.224980	-8.113084	-2.300158	3202	570	391.764	391.764	391.764
679	16	0	70.749236	-8.692887	-2.257929	3192	581	392.514	392.514	392.514
680	16	0	69.973772	-9.259599	-2.510491	3177	593	393.475	393.475	393.475
681	16	0	69.606658	-9.643956	-2.333254	3169	600	394.006	394.006	394.006
682	16	0	69.096233	-9.871904	-2.721582	3159	605	394.565	394.565	394.565
683	16	0	70.143047	-9.967656	-0.091216	3180	607	395.617	395.617	395.617
684	16	0	70.642571	-9.989469	-0.043642	3190	607	396.117	396.117	396.117
685	16	0	71.144280	-9.961326	0.056036	3200	607	396.619	396.619	396.619
686	16	0	71.693755	-9.985319	-0.043637	3211	607	397.169	397.169	397.169
687	16	0	72.195464	-9.957176	0.056036	3221	607	397.672	397.672	397.672
688	16	0	72.694988	-9.978984	-0.043630	3231	607	398.172	398.172	398.172
689	16	0	73.246648	-9.953019	0.047031	3242	607	398.724	398.724	398.724
690	16	0	73.743987	-10.024784	-0.143309	3252	608	399.226	399.226	399.226
691	16	0	73.767974	-9.475303	1.527170	3253	597	399.776	399.776	399.776
692	16	0	73.844097	-8.878056	1.444023	3254	585	400.378	400.378	400.378
693	16	0	73.868096	-8.328581	1.527148	3255	574	400.928	400.928	400.928
694	16	0	73.991985	-7.783464	1.347322	3257	563	401.487	401.487	401.487
695	16	0	74.065935	-7.236167	1.436491	3259	552	402.040	402.040	402.040
696	16	0	74.192009	-6.641105	1.362016	3261	540	402.648	402.648	402.648
697	16	0	74.368035	-6.048216	1.282191	3265	529	403.266	403.266	403.266
698	16	0	74.491936	-5.503105	1.347298	3267	518	403.825	403.825	403.825
699	16	0	74.615825	-4.957987	1.347322	3270	507	404.384	404.384	404.384
700	16	0	74.789678	-4.415055	1.260902	3273	496	404.955	404.955	404.955
701	16	0	75.013469	-3.874302	1.178406	3278	485	405.540	405.540	405.540
702	16	0	75.237273	-3.333549	1.178387	3282	474	406.125	406.125	406.125
703	16	0	75.660881	-2.801524	0.898365	3290	464	406.805	406.805	406.805
704	16	0	76.136626	-2.221720	0.883663	3300	452	407.555	407.555	407.555
705	16	0	76.460332	-1.685331	1.027814	3306	441	408.182	408.182	408.182
706	16	0	76.784038	-1.148942	1.027814	3313	431	408.808	408.808	408.808
707	16	0	77.355327	-0.673405	0.694183	3324	421	409.551	409.551	409.551
708	16	0	78.030876	-0.102329	0.701788	3338	410	410.436	410.436	410.436
709	16	0	78.699883	0.318886	0.561910	3351	401	411.227	411.227	411.227
710	16	0	79.275542	0.894326	0.785207	3363	390	412.041	412.041	412.041
711	16	0	79.953264	1.515359	0.741777	3376	377	412.960	412.960	412.960
712	16	0	80.368157	1.847573	0.675182	3385	371	413.491	413.491	413.491
713	16	0	80.995940	2.470785	0.781744	3397	358	414.376	414.376	414.376
714	16	0	81.467315	2.950683	0.794358	3407	349	415.049	415.049	415.049
715	16	0	81.938701	3.430578	0.794342	3416	339	415.721	415.721	415.721
716	16	0	82.516533	4.055965	0.824901	3428	326	416.573	416.573	416.573
717	16	0	83.089995	4.581454	0.741772	3439	316	417.350	417.350	417.350
718	16	0	83.665642	5.156893	0.785218	3451	304	418.164	418.164	418.164
719	16	0	84.239116	5.682378	0.741758	3462	294	418.942	418.942	418.942
720	16	0	84.710491	6.162273	0.794355	3471	284	419.615	419.615	419.615
721	16	0	84.925567	6.503216	1.008018	3476	278	420.018	420.018	420.018
722	16	0	85.390410	6.833254	0.617405	3485	271	420.588	420.588	420.588
723	16	0	85.961699	7.308788	0.694180	3496	261	421.331	421.331	421.331
724	16	0	86.537346	7.884225	0.785215	3508	250	422.145	422.145	422.145
725	16	0	86.958770	8.366302	0.852429	3516	240	422.786	422.786	422.786
726	16	0	86.324663	8.744323	2.604010	3504	233	423.524	423.524	423.524
727	16	0	85.855462	8.314379	-2.399828	3494	241	424.160	424.160	424.160
728	16	0	85.177727	7.693349	-2.399827	3481	254	425.080	425.080	425.080
729	16	0	84.506536	7.222179	-2.529532	3467	263	425.900	425.900	425.900
730	16	0	84.076384	6.540291	-2.133573	3459	277	426.706	426.706	426.706
731	16	0	83.737407	5.654235	-1.936186	3452	295	427.655	427.655	427.655
732	16	0	83.161760	5.078796	-2.356375	3440	306	428.468	428.468	428.468
733	16	0	82.590471	4.603264	-2.447416	3429	316	429.212	429.212	429.212
734	16	0	82.062590	3.975689	-2.270126	3419	328	430.032	430.032	430.032
735	16	0	81.491314	3.500158	-2.447405	3407	338	430.775	430.775	430.775
736	16	0	80.969976	3.022442	-2.399830	3397	347	431.482	431.482	431.482
737	16	0	80.444280	2.444820	-2.309166	3386	359	432.263	432.263	432.263
738	16	0	79.825225	2.021425	-2.541729	3374	367	433.013	433.013	433.013
739	16	0	79.353838	1.541530	-2.347251	3364	377	433.686	433.686	433.686
740	16	0	78.723882	0.868368	-2.323050	3352	390	434.608	434.608	434.608
741	16	0	78.154778	0.442782	-2.499490	3340	399	435.319	435.319	435.319
742	16	0	77.479216	-0.128294	-2.439813	3327	410	436.203	436.203	436.203
743	16	0	76.857976	-0.601646	-2.490489	3314	420	436.984	436.984	436.984
744	16	0	76.284514	-1.127128	-2.399827	3303	430	437.762	437.762	437.762
745	16	0	75.958623	-1.713474	-2.078081	3296	442	438.433	438.433	438.433
746	16	0	75.684880	-2.252043	-2.041045	3291	453	439.037	439.037	439.037
747	16	0	75.211309	-2.781895	-2.300165	3281	463	439.748	439.748	439.748
748	16	0	74.787700	-3.313920	-2.243227	3273	474	440.428	440.428	440.428
749	16	0	74.563909	-3.854673	-1.963186	3269	485	441.013	441.013	441.013
750	16	0	74.240203	-4.391069	-2.113774	3262	495	441.639	441.639	441.639
751	16	0	74.066350	-4.934001	-1.880690	3259	506	442.209	442.209	442.209
752	16	0	73.940276	-5.529063	-1.779576	3256	518	442.818	442.818	442.818
753	16	0	73.916289	-6.078544	-1.614422	3256	529	443.368	443.368	443.368
754	16	0	73.640349	-6.667063	-2.009233	3250	541	444.018	444.018	444.018
755	16	0	73.416545	-7.207817	-1.963206	3246	552	444.603	444.603	444.603
756	16	0	73.442510	-7.759471	-1.523765	3246	563	445.155	445.155	445.155
757	16	0	73.318621	-8.304594	-1.794269	3244	574	445.714	445.714	445.714
758	16	0	73.344573	-8.856248	-1.523787	3244	585	446.267	446.267	446.267
759	16	0	73.220684	-9.401359	-1.794273	3242	596	446.826	446.826	446.826
760	16	0	72.671208	-9.377372	3.097966	3231	595	447.376	447.376	447.376
761	16	0	72.119548	-9.403331	-3.094573	3220	596	447.928	447.928	447.928
762	16	0	71.620024	-9.381523	3.097963	3210	595	448.428	448.428	448.428
763	16	0	71.070549	-9.357530	3.097955	3199	595	448.978	448.978	448.978
764	16	0	70.521074	-9.333543	3.097966	3188	594	449.528	449.528	449.528
765	16	0	71.248760	-8.714695	0.704745	3202	582	450.483	450.483	450.483
766	16	0	71.772270	-8.187034	0.789346	3213	571	451.226	451.226	451.226
767	16	0	72.243657	-7.707127	0.794355	3222	562	451.899	451.899	451.899
768	16	0	72.823662	-7.031791	0.861193	3234	548	452.789	452.789	452.789
769	16	0	73.147368	-6.495396	1.027819	3240	538	453.416	453.416	453.416
770	16	0	73.464531	-6.108866	0.883656	3247	530	453.916	453.916	453.916
771	16	0	74.192009	-6.641105	-0.631635	3261	540	454.817	454.817	454.817
772	16	0	74.065935	-7.236167	-1.779576	3259	552	455.425	455.425	455.425
773	16	0	73.991985	-7.783464	-1.705102	3257	563	455.978	455.978	455.978
774	16	0	73.868096	-8.328581	-1.794271	3255	574	456.537	456.537	456.537
775	16	0	73.344573	-8.856248	-2.352252	3244	585	457.280	457.280	457.280
776	16	0	72.795098	-8.832255	3.097955	3233	584	457.830	457.830	457.830
777	16	0	72.293401	-8.860398	-3.085555	3223	585	458.333	458.333	458.333
778	16	0	71.796050	-8.788639	2.998299	3213	583	458.835	458.835	458.835
779	16	0	71.772270	-8.187034	1.610302	3213	571	459.437	459.437	459.437
780	16	0	72.243657	-7.707127	0.794355	3222	562	460.110	460.110	460.110
781	16	0	72.847441	-7.633396	0.121512	3234	560	460.718	460.718	460.718
782	16	0	72.821269	-8.232829	-1.614430	3234	572	461.318	461.318	461.318
783	16	0	72.269609	-8.258793	-3.094562	3223	573	461.870	461.870	461.870
784	16	0	74.164287	-3.837223	1.165958	3261	484	466.681	466.681	466.681
785	16	0	74.288176	-3.292112	1.347319	3263	473	467.240	467.240	467.240
786	16	0	74.264397	-2.690501	1.610302	3263	461	467.842	467.842	467.842
787	16	0	74.338347	-2.143205	1.436491	3264	450	468.394	468.394	468.394
788	16	0	74.362334	-1.593730	1.527170	3264	439	468.944	468.944	468.944
789	16	0	74.336370	-1.042069	1.617827	3264	428	469.496	469.496	469.496
790	16	0	74.262639	-0.438279	1.692307	3263	416	470.105	470.105	470.105
791	16	0	74.186724	0.115554	1.707020	3261	405	470.664	470.664	470.664
792	16	0	74.110808	0.669399	1.707017	3259	394	471.223	471.223	471.223
793	16	0	73.876311	1.029970	2.147417	3255	387	471.653	471.653	471.653
794	16	0	73.650542	1.590346	1.953790	3250	376	472.257	472.257	472.257
795	16	0	73.227141	2.209408	2.170662	3242	363	473.007	473.007	473.007
796	16	0	72.851519	2.776333	2.155951	3234	352	473.687	473.687	473.687
797	16	0	72.328203	3.399749	2.269123	3224	340	474.501	474.501	474.501
798	16	0	71.850493	3.921084	2.312556	3214	329	475.208	475.208	475.208
799	16	0	71.225102	4.498913	2.395703	3202	318	476.060	476.060	476.060
800	16	0	70.801702	5.117971	2.170665	3193	305	476.810	476.810	476.810
801	16	0	70.117632	5.498171	2.634314	3180	298	477.592	477.592	477.592
802	16	0	69.579070	5.771926	2.671321	3169	292	478.196	478.196	478.196
803	16	0	68.847222	6.204259	2.608008	3154	284	479.046	479.046	479.046
804	16	0	68.304289	6.378106	2.831709	3143	280	479.616	479.616	479.616
805	16	0	65.643938	7.345071	2.792966	3090	261	482.447	482.447	482.447
806	16	0	71.296868	4.996258	-0.393800	3203	308	488.569	488.569	488.569
807	16	0	71.774578	4.474923	-0.829037	3213	318	489.276	489.276	489.276
808	16	0	72.352202	3.949227	-0.738367	3224	329	490.057	490.057	490.057
809	16	0	72.825554	3.327990	-0.919691	3234	341	490.838	490.838	490.838
810	16	0	73.403166	2.802291	-0.738380	3245	352	491.619	491.619	491.619
811	16	0	73.948284	2.678396	-0.223485	3256	354	492.178	492.178	492.178
812	16	0	74.334819	2.361239	-0.687123	3264	360	492.678	492.678	492.678
813	16	0	74.875566	2.137435	-0.392413	3275	365	493.263	493.263	493.263
814	16	0	75.355461	1.666054	-0.776448	3284	374	493.936	493.936	493.936
815	16	0	75.481328	1.110036	-1.348177	3287	385	494.506	494.506	494.506
816	16	0	75.257537	0.569283	-1.963186	3282	396	495.091	495.091	495.091
817	16	0	75.283501	0.017623	-1.523765	3283	407	495.643	495.643	495.643
818	16	0	75.307280	-0.583988	-1.531291	3283	419	496.245	496.245	496.245
819	16	0	75.333232	-1.135642	-1.523787	3284	430	496.798	496.798	496.798
820	16	0	74.909624	-1.667674	-2.243222	3275	441	497.478	497.478	497.478
821	16	0	74.785735	-2.212785	-1.794273	3273	452	498.037	498.037	498.037
822	16	0	74.761736	-2.762266	-1.614444	3272	463	498.587	498.587	498.587
823	16	0	75.235308	-2.232414	0.841428	3282	452	499.297	499.297	499.297
824	16	0	75.409148	-1.689482	1.260923	3285	441	499.867	499.867	499.867
825	16	0	75.780632	-1.205223	0.916429	3293	432	500.478	500.478	500.478
826	16	0	76.310686	-0.527702	0.906915	3303	418	501.338	501.338	501.338
827	16	0	76.931926	-0.054350	0.651103	3316	409	502.119	502.119	502.119
828	16	0	77.553167	0.419002	0.651103	3328	399	502.900	502.900	502.900
829	16	0	78.178765	0.992263	0.741770	3341	388	503.749	503.749	503.749
830	16	0	78.800005	1.465615	0.651103	3353	378	504.530	504.530	504.530
831	16	0	77.653276	1.565731	3.054508	3330	376	505.681	505.681	505.681
832	16	0	77.131938	1.088015	-2.399830	3320	386	506.388	506.388	506.388
833	16	0	76.582463	1.112002	3.097966	3309	385	506.938	506.938	506.938
834	16	0	76.026445	0.986141	-2.918984	3298	388	507.508	507.508	507.508
835	16	0	75.852605	0.443203	-1.880667	3294	399	508.078	508.078	508.078
836	16	0	75.828606	-0.106272	-1.614445	3294	410	508.628	508.628	508.628
837	16	0	75.804619	-0.655747	-1.614423	3293	421	509.178	509.178	509.178
838	16	0	74.805571	-0.612126	3.097957	3273	420	510.178	510.178	510.178
839	16	0	74.729656	-0.058293	1.707020	3272	409	510.737	510.737	510.737
840	16	0	74.703691	0.493368	1.617827	3271	398	511.289	511.289	511.289
841	16	0	74.927495	1.034121	1.178387	3276	387	511.874	511.874	511.874
842	16	0	74.751677	1.592318	1.875934	3272	376	512.460	512.460	512.460
843	16	0	74.210918	1.816122	2.749187	3261	371	513.045	513.045	513.045
844	16	0	73.774443	2.135464	2.509946	3253	365	513.586	513.586	513.586
845	16	0	74.508672	2.904168	0.808333	3267	350	514.649	514.649	514.649
846	16	0	74.999468	2.682546	-0.424147	3277	354	515.187	515.187	515.187
847	16	0	75.429412	2.213351	-0.829025	3286	363	515.824	515.824	515.824
848	16	0	75.972344	2.039498	-0.309894	3297	367	516.394	516.394	516.394
849	16	0	76.508733	1.715798	-0.542974	3307	373	517.020	517.020	517.020
850	16	0	77.056035	1.641854	-0.134293	3318	375	517.573	517.573	517.573
851	16	0	77.679241	1.014071	-0.789057	3331	387	518.457	518.457	518.457
852	16	0	78.252703	1.539559	0.741772	3342	377	519.235	519.235	519.235
853	16	0	77.005864	0.492946	-2.443277	3317	398	520.863	520.863	520.863
854	16	0	76.384624	0.019594	-2.490489	3305	407	521.644	521.644	521.644
855	16	0	75.828606	-0.106272	-2.918973	3294	410	522.214	522.214	522.214
856	16	0	75.283501	0.017623	2.918103	3283	407	522.773	522.773	522.773
857	16	0	75.257537	0.569283	1.617827	3282	396	523.325	523.325	523.325
858	16	0	75.481328	1.110036	1.178406	3287	385	523.910	523.910	523.910
859	16	0	75.950530	1.539974	0.741758	3296	377	524.547	524.547	524.547
860	16	0	76.408623	0.569069	-1.129945	3305	396	525.620	525.620	525.620
861	16	0	74.436699	1.255739	2.806501	3266	382	527.708	527.708	527.708
862	16	0	73.822417	3.234417	1.871813	3254	343	529.780	529.780	529.780
863	16	0	73.329436	3.406084	2.806501	3244	339	530.302	530.302	530.302
864	16	0	72.849541	3.877465	2.365145	3234	330	530.975	530.975	530.975
865	16	0	74.831536	-1.163786	-1.196204	3274	431	536.392	536.392	536.392
866	16	0	85.633843	7.823577	0.693942	3490	251	550.444	550.444	550.444
867	16	0	57.988139	7.379043	-3.125514	2937	260	578.093	578.093	578.093
868	16	0	57.438652	7.403033	3.097962	2926	260	578.643	578.643	578.643
869	16	0	56.889177	7.427022	3.097961	2915	259	579.193	579.193	579.193
870	16	0	56.339702	7.451012	3.097961	2904	259	579.743	579.743	579.743
871	16	0	55.785869	7.375103	-3.005379	2893	260	580.302	580.302	580.302
872	16	0	55.236394	7.399093	3.097961	2882	260	580.852	580.852	580.852
873	16	0	54.734685	7.370949	-3.085556	2872	260	581.355	581.355	581.355
874	16	0	54.185210	7.394939	3.097961	2861	260	581.905	581.905	581.905
875	16	0	53.633549	7.368978	-3.094567	2850	260	582.457	582.457	582.457
876	16	0	53.084074	7.392968	3.097961	2839	260	583.007	583.007	583.007
877	16	0	45.958122	6.953380	-3.079982	2696	269	590.147	590.147	590.147
878	16	0	45.408635	6.977370	3.097962	2685	268	590.697	590.697	590.697
879	16	0	44.856987	6.951409	-3.094566	2674	269	591.249	591.249	591.249
880	16	0	44.305327	6.925448	-3.094567	2663	269	591.801	591.801	591.801
881	16	0	43.758024	6.999389	3.007305	2652	268	592.353	592.353	592.353
882	16	0	43.206376	6.973427	-3.094566	2641	268	592.906	592.906	592.906
883	16	0	42.656901	6.997420	3.097955	2630	268	593.456	593.456	593.456
884	16	0	42.105241	6.971459	-3.094567	2619	268	594.008	594.008	594.008
885	16	0	41.555766	6.995449	3.097961	2608	268	594.558	594.558	594.558
886	16	0	41.006291	7.019439	3.097961	2597	267	595.108	595.108	595.108
887	16	0	40.456804	7.043432	3.097956	2586	267	595.658	595.658	595.658
888	16	0	39.900786	6.917562	-2.918968	2575	269	596.228	596.228	596.228
889	16	0	35.372355	6.364562	-3.020077	2485	280	600.790	600.790	600.790
890	16	0	34.816337	6.238698	-2.918978	2474	283	601.360	601.360	601.360
891	16	0	34.390544	5.656716	-2.202434	2465	294	602.081	602.081	602.081
892	16	0	34.366557	5.107241	-1.614423	2465	305	602.631	602.631	602.631
893	16	0	34.442473	4.553402	-1.434574	2466	317	603.190	603.190	603.190
894	16	0	34.418473	4.003927	-1.614445	2466	328	603.740	603.740	603.740
895	16	0	34.194682	3.463170	-1.963184	2461	338	604.325	604.325	604.325
896	16	0	34.170683	2.913695	-1.614445	2461	349	604.875	604.875	604.875
897	16	0	34.196647	2.362038	-1.523765	2461	360	605.428	605.428	605.428
898	16	0	34.172661	1.812563	-1.614423	2461	371	605.978	605.978	605.978
899	16	0	34.198613	1.260903	-1.523787	2461	382	606.530	606.530	606.530
900	16	0	34.174626	0.711428	-1.614423	2461	393	607.080	607.080	607.080
901	16	0	34.200590	0.159768	-1.523765	2461	404	607.632	607.632	607.632
902	16	0	34.176603	-0.389707	-1.614423	2461	415	608.182	608.182	608.182
903	16	0	34.204741	-0.891410	-1.514772	2461	425	608.685	608.685	608.685
904	16	0	34.180754	-1.440891	-1.614422	2461	436	609.235	609.235	609.235
905	16	0	34.458659	-1.953501	-1.074009	2466	447	609.818	609.818	609.818
906	16	0	34.434660	-2.502976	-1.614445	2466	458	610.368	610.368	610.368
907	16	0	34.410673	-3.052452	-1.614423	2465	469	610.918	610.918	610.918
908	16	0	34.386686	-3.601933	-1.614422	2465	480	611.468	611.468	611.468
909	16	0	34.462602	-4.155766	-1.434572	2467	491	612.027	612.027	612.027
910	16	0	34.438603	-4.705241	-1.614445	2466	502	612.577	612.577	612.577
911	16	0	34.414616	-5.254716	-1.614423	2466	513	613.127	613.127	613.127
912	16	0	34.390629	-5.804191	-1.614423	2465	524	613.677	613.677	613.677
913	16	0	34.466545	-6.358036	-1.434575	2467	535	614.236	614.236	614.236
914	16	0	34.442546	-6.907511	-1.614445	2466	546	614.786	614.786	614.786
915	16	0	34.418559	-7.456987	-1.614423	2466	557	615.336	615.336	615.336
916	16	0	34.394572	-8.006462	-1.614423	2465	568	615.886	615.886	615.886
917	16	0	34.170768	-8.547221	-1.963202	2461	579	616.471	616.471	616.471
918	16	0	34.196733	-9.098875	-1.523765	2461	590	617.023	617.023	617.023
919	16	0	33.720988	-9.678672	-2.257934	2452	601	617.773	617.773	617.773
920	16	0	34.172734	-9.648350	0.067022	2461	601	618.226	618.226	618.226
921	16	0	34.622307	-9.667979	-0.043634	2470	601	618.676	618.676	618.676
922	16	0	35.071879	-9.687608	-0.043634	2479	601	619.126	619.126	619.126
923	16	0	35.091508	-9.238035	1.527163	2479	592	619.576	619.576	619.576
924	16	0	35.113322	-8.738511	1.527155	2480	582	620.076	620.076	620.076
925	16	0	35.093901	-8.036998	1.598474	2479	568	620.778	620.778	620.778
926	16	0	35.065764	-7.535289	1.626820	2479	558	621.280	621.280	621.280
927	16	0	35.089750	-6.985813	1.527170	2479	547	621.830	621.830	621.830
928	16	0	35.113737	-6.436338	1.527170	2480	536	622.380	622.380	622.380
929	16	0	35.087773	-5.884684	1.617828	2479	525	622.933	622.933	622.933
930	16	0	35.111772	-5.335203	1.527148	2479	514	623.483	623.483	623.483
931	16	0	35.085807	-4.783549	1.617828	2479	503	624.035	624.035	624.035
932	16	0	35.109794	-4.234074	1.527170	2479	492	624.585	624.585	624.585
933	16	0	35.083842	-3.682414	1.617805	2479	481	625.137	625.137	625.137
934	16	0	35.107829	-3.132933	1.527170	2479	470	625.687	625.687	625.687
935	16	0	35.079680	-2.631230	1.626845	2479	460	626.190	626.190	626.190
936	16	0	35.103679	-2.081755	1.527148	2479	449	626.740	626.740	626.740
937	16	0	35.077714	-1.530100	1.617828	2479	438	627.292	627.292	627.292
938	16	0	35.101701	-0.980625	1.527170	2479	427	627.842	627.842	627.842
939	16	0	35.075737	-0.428965	1.617827	2479	416	628.394	628.394	628.394
940	16	0	35.099736	0.120510	1.527148	2479	405	628.944	628.944	628.944
941	16	0	35.073771	0.672170	1.617827	2479	394	629.497	629.497	629.497
942	16	0	35.095585	1.171694	1.527155	2479	384	629.997	629.997	629.997
943	16	0	35.069621	1.723348	1.617828	2479	373	630.549	630.549	630.549
944	16	0	35.093608	2.272829	1.527170	2479	362	631.099	631.099	631.099
945	16	0	35.067643	2.824483	1.617828	2479	351	631.651	631.651	631.651
946	16	0	35.091642	3.373961	1.527148	2479	340	632.201	632.201	632.201
947	16	0	35.070036	4.025524	1.603945	2479	327	632.853	632.853	632.853
948	16	0	35.094035	4.575002	1.527148	2479	316	633.403	633.403	633.403
949	16	0	35.068071	5.126659	1.617828	2479	305	633.955	633.955	633.955
950	16	0	35.092057	5.676134	1.527170	2479	294	634.505	634.505	634.505
951	16	0	34.314628	6.210555	2.539359	2464	283	635.449	635.449	635.449
952	16	0	33.767338	6.284499	3.007296	2453	282	636.001	636.001	636.001
953	16	0	33.743339	5.735021	-1.614445	2452	293	636.551	636.551	636.551
954	16	0	33.717167	5.135595	-1.614430	2452	305	637.151	637.151	637.151
955	16	0	33.743132	4.583935	-1.523765	2452	316	637.703	637.703	637.703
956	16	0	33.719145	4.034460	-1.614423	2452	327	638.253	638.253	638.253
957	16	0	33.745109	3.482799	-1.523765	2452	338	638.805	638.805	638.805
958	16	0	33.721110	2.933324	-1.614445	2452	349	639.355	639.355	639.355
959	16	0	33.747075	2.381667	-1.523765	2452	360	639.908	639.908	639.908
960	16	0	33.723088	1.832192	-1.614423	2452	371	640.458	640.458	640.458
961	16	0	33.749052	1.280532	-1.523765	2452	382	641.010	641.010	641.010
962	16	0	33.722880	0.681100	-1.614430	2452	394	641.610	641.610	641.610
963	16	0	33.748832	0.129445	-1.523787	2452	405	642.162	642.162	642.162
964	16	0	33.724846	-0.420030	-1.614423	2452	416	642.712	642.712	642.712
965	16	0	33.750810	-0.971690	-1.523765	2452	427	643.265	643.265	643.265
966	16	0	33.726823	-1.521165	-1.614423	2452	438	643.815	643.815	643.815
967	16	0	33.757145	-1.972917	-1.503775	2452	447	644.267	644.267	644.267
968	16	0	33.733146	-2.522392	-1.614445	2452	458	644.817	644.817	644.817
969	16	0	33.759111	-3.074046	-1.523765	2452	469	645.370	645.370	645.370
970	16	0	33.735124	-3.623527	-1.614422	2452	480	645.920	645.920	645.920
971	16	0	33.761088	-4.175187	-1.523765	2452	491	646.472	646.472	646.472
972	16	0	33.737089	-4.724662	-1.614445	2452	502	647.022	647.022	647.022
973	16	0	33.763054	-5.276316	-1.523765	2453	513	647.574	647.574	647.574
974	16	0	33.739067	-5.825798	-1.614422	2452	524	648.124	648.124	648.124
975	16	0	33.765031	-6.377452	-1.523765	2453	535	648.676	648.676	648.676
976	16	0	33.741032	-6.926927	-1.614445	2452	546	649.226	649.226	649.226
977	16	0	33.766996	-7.478587	-1.523765	2453	557	649.779	649.779	649.779
978	16	0	33.743010	-8.028068	-1.614422	2452	568	650.329	650.329	650.329
979	16	0	33.719011	-8.577543	-1.614445	2452	579	650.879	650.879	650.879
980	16	0	33.744975	-9.129197	-1.523765	2452	590	651.431	651.431	651.431
981	16	0	34.646306	-9.118504	0.011863	2470	590	652.332	652.332	652.332
982	16	0	34.670292	-8.569029	1.527170	2471	579	652.882	652.882	652.882
983	16	0	34.632499	-1.410563	1.576076	2470	436	660.041	660.041	660.041
984	16	0	34.654313	-0.911039	1.527155	2470	426	660.541	660.541	660.541
985	16	0	34.628349	-0.359385	1.617828	2470	415	661.093	661.093	661.093
986	16	0	34.652348	0.190096	1.527148	2470	404	661.643	661.643	661.643
987	16	0	34.626384	0.741750	1.617828	2470	393	662.195	662.195	662.195
988	16	0	34.650370	1.291225	1.527170	2470	382	662.745	662.745	662.745
989	16	0	34.624406	1.842885	1.617827	2470	371	663.298	663.298	663.298
990	16	0	34.648405	2.392361	1.527148	2470	360	663.848	663.848	663.848
991	16	0	34.622441	2.944018	1.617828	2470	349	664.400	664.400	664.400
992	16	0	34.646428	3.493496	1.527170	2470	338	664.950	664.950	664.950
993	16	0	30.564042	7.425307	2.374981	2389	259	670.618	670.618	670.618
994	16	0	30.016752	7.499255	3.007291	2378	258	671.170	671.170	671.170
995	16	0	29.467277	7.523244	3.097961	2367	257	671.720	671.720	671.720
996	16	0	28.917802	7.547234	3.097961	2356	257	672.270	672.270	672.270
997	16	0	28.363957	7.471319	-3.005372	2345	258	672.829	672.829	672.829
998	16	0	27.814482	7.495312	3.097955	2334	258	673.379	673.379	673.379
999	16	0	27.265007	7.519302	3.097961	2323	257	673.929	673.929	673.929
1000	16	0	26.715531	7.543291	3.097961	2312	257	674.479	674.479	674.479
1001	16	0	26.163871	7.517327	-3.094562	2301	257	675.031	675.031	675.031
1002	16	0	25.616581	7.591274	3.007291	2290	256	675.584	675.584	675.584
1003	16	0	25.064921	7.565310	-3.094562	2279	256	676.136	676.136	676.136
1004	16	0	24.513261	7.539349	-3.094567	2268	257	676.688	676.688	676.688
1005	16	0	20.584257	6.960180	-2.995238	2189	268	680.660	680.660	680.660
1006	16	0	19.984831	6.986352	3.097959	2177	268	681.260	681.260	681.260
1007	16	0	19.430998	6.910436	-3.005369	2166	269	681.819	681.819	681.819
1008	16	0	18.883695	6.984377	3.007305	2155	268	682.371	682.371	682.371
1009	16	0	18.334220	7.008367	3.097961	2144	267	682.921	682.921	682.921
1010	16	0	17.784745	7.032360	3.097955	2133	267	683.471	683.471	683.471
1011	16	0	17.235270	7.056350	3.097961	2122	266	684.021	684.021	684.021
1012	16	0	16.683610	7.030389	-3.094567	2111	267	684.573	684.573	684.573
1013	16	0	16.134135	7.054381	3.097955	2100	267	685.123	685.123	685.123
1014	16	0	15.582475	7.028420	-3.094567	2089	267	685.676	685.676	685.676
1015	16	0	15.030815	7.002456	-3.094562	2078	268	686.228	686.228	686.228
1016	16	0	14.479154	6.976495	-3.094567	2067	268	686.780	686.780	686.780
1017	16	0	13.931864	7.050439	3.007296	2056	267	687.332	687.332	687.332
1018	16	0	13.378031	6.974523	-3.005369	2045	268	687.891	687.891	687.891
1019	16	0	2.557767	6.746279	-3.120502	1828	273	698.714	698.714	698.714
1020	16	0	1.997391	6.520510	-2.758599	1817	277	699.318	699.318	699.318
1021	16	0	-2.220846	3.902013	-2.586051	1733	330	704.283	704.283	704.283
1022	16	0	-2.242648	3.402489	-1.614414	1732	340	704.783	704.783	704.783
1023	16	0	-4.918478	2.868700	-2.944692	1679	350	707.512	707.512	707.512
1024	16	0	-4.894698	2.267092	-1.531291	1679	362	708.114	708.114	708.114
1025	16	0	0.977872	1.510213	-0.128177	1797	377	714.035	714.035	714.035
1026	16	0	0.953886	0.960732	-1.614422	1796	388	714.585	714.585	714.585
1027	16	0	0.979850	0.409078	-1.523765	1797	399	715.137	715.137	715.137
1028	16	0	1.005802	-0.142582	-1.523787	1797	410	715.689	715.689	715.689
1029	16	0	0.984000	-0.642106	-1.614414	1797	420	716.189	716.189	716.189
1030	16	0	0.960001	-1.191587	-1.614444	1796	431	716.739	716.739	716.739
1031	16	0	0.985966	-1.743241	-1.523765	1797	442	717.292	717.292	717.292
1032	16	0	0.961979	-2.292716	-1.614423	1796	453	717.842	717.842	717.842
1033	16	0	0.987943	-2.844371	-1.523765	1797	465	718.394	718.394	718.394
1034	16	0	0.963944	-3.393852	-1.614444	1797	475	718.944	718.944	718.944
1035	16	0	0.989909	-3.945512	-1.523765	1797	487	719.496	719.496	719.496
1036	16	0	0.965922	-4.494987	-1.614423	1797	498	720.046	720.046	720.046
1037	16	0	0.991886	-5.046641	-1.523765	1797	509	720.598	720.598	720.598
1038	16	0	0.917936	-5.593943	-1.705101	1796	519	721.151	721.151	721.151
1039	16	0	0.943900	-6.145597	-1.523765	1796	531	721.703	721.703	721.703
1040	16	0	0.919913	-6.695072	-1.614423	1796	542	722.253	722.253	722.253
