========================================
覆盖路径点统计信息
========================================
总路径点数: 290

总路径距离: 159.036 米

----------------------------------------
按房间统计
----------------------------------------
房间 10: 290 个点, 距离: 159.036 米

----------------------------------------
按房间+Segment统计
----------------------------------------
房间 10, Segment 0: 290 个点, 距离: 159.036 米

----------------------------------------
详细路径点信息
----------------------------------------
ID	Room	Segment	X(m)	Y(m)	Yaw(rad)	U(px)	V(px)	Acc_Dist	Room_Dist	Seg_Dist
0	10	0	-61.914243	-26.579303	-3.061122	539	939	0.000	0.000	0.000
1	10	0	-62.412625	-26.619495	-3.061122	529	940	0.500	0.500	0.500
2	10	0	-62.911007	-26.659687	-3.061122	519	941	1.000	1.000	1.000
3	10	0	-63.409389	-26.699879	3.085222	509	942	1.500	1.500	1.500
4	10	0	-64.765953	-26.555012	3.011930	482	939	2.864	2.864	2.864
5	10	0	-65.256649	-26.459006	3.055295	472	937	3.364	3.364	3.364
6	10	0	-65.801045	-26.465463	-3.125541	461	937	3.909	3.909	3.909
7	10	0	-66.300939	-26.475770	-3.120977	451	937	4.409	4.409	4.409
8	10	0	-66.800833	-26.486078	-3.120977	441	937	4.909	4.909	4.909
9	10	0	-67.300726	-26.496385	-3.120977	431	938	5.409	5.409	5.409
10	10	0	-67.800620	-26.506692	2.929691	421	938	5.909	5.909	5.909
11	10	0	-68.661198	-26.478363	2.929691	404	937	6.770	6.770	6.770
12	10	0	-69.450911	-26.100117	2.925960	388	930	7.645	7.645	7.645
13	10	0	-70.533763	-26.048375	3.044977	367	929	8.729	8.729	8.729
14	10	0	-71.033741	-26.052990	-3.132362	357	929	9.229	9.229	9.229
15	10	0	-71.533720	-26.057605	-3.132362	347	929	9.729	9.729	9.729
16	10	0	-72.033699	-26.062221	-3.132362	337	929	10.229	10.229	10.229
17	10	0	-72.533678	-26.066836	-3.132362	327	929	10.729	10.729	10.729
18	10	0	-73.033656	-26.071451	-3.132362	317	929	11.229	11.229	11.229
19	10	0	-73.533635	-26.076066	-3.132362	307	929	11.729	11.729	11.729
20	10	0	-74.033614	-26.080681	-3.132362	297	929	12.229	12.229	12.229
21	10	0	-74.533592	-26.085297	-3.132362	287	929	12.729	12.729	12.729
22	10	0	-75.033571	-26.089912	-3.132362	277	929	13.229	13.229	13.229
23	10	0	-75.533550	-26.094527	-3.132362	267	930	13.729	13.729	13.729
24	10	0	-76.033528	-26.099142	-3.132362	257	930	14.229	14.229	14.229
25	10	0	-76.533507	-26.103757	-3.132362	247	930	14.729	14.729	14.729
26	10	0	-77.033486	-26.108373	-3.132362	237	930	15.229	15.229	15.229
27	10	0	-77.533464	-26.112988	-3.132362	227	930	15.729	15.729	15.729
28	10	0	-78.033443	-26.117603	-3.132362	217	930	16.229	16.229	16.229
29	10	0	-78.533422	-26.122218	-3.132362	207	930	16.729	16.729	16.729
30	10	0	-79.033401	-26.126833	-3.132362	197	930	17.229	17.229	17.229
31	10	0	-79.533379	-26.131448	-2.361699	187	930	17.729	17.729	17.729
32	10	0	-79.747046	-26.662991	-1.738692	182	941	18.302	18.302	18.302
33	10	0	-79.757165	-27.162889	-1.591036	182	951	18.802	18.802	18.802
34	10	0	-79.767284	-27.662786	-1.591036	182	961	19.302	19.302	19.302
35	10	0	-79.777404	-28.162684	-1.591036	182	971	19.802	19.802	19.802
36	10	0	-79.787523	-28.662581	-1.591036	182	981	20.302	20.302	20.302
37	10	0	-79.797642	-29.162479	-1.591036	181	991	20.802	20.802	20.802
38	10	0	-79.807762	-29.662377	-1.591036	181	1001	21.302	21.302	21.302
39	10	0	-79.817881	-30.162274	-1.591036	181	1011	21.802	21.802	21.802
40	10	0	-79.828001	-30.662172	-1.591036	181	1021	22.302	22.302	22.302
41	10	0	-79.838120	-31.162069	-1.591036	180	1031	22.802	22.802	22.802
42	10	0	-79.848239	-31.661967	-1.591036	180	1041	23.302	23.302	23.302
43	10	0	-79.858359	-32.161865	-1.591036	180	1051	23.802	23.802	23.802
44	10	0	-79.868478	-32.661762	-1.591036	180	1061	24.302	24.302	24.302
45	10	0	-79.805781	-33.400902	0.808231	181	1076	25.044	25.044	25.044
46	10	0	-79.342556	-33.055217	1.265979	190	1069	25.622	25.622	25.622
47	10	0	-79.428831	-32.199850	1.553777	189	1052	26.482	26.482	26.482
48	10	0	-79.420321	-31.699923	1.553777	189	1042	26.982	26.982	26.982
49	10	0	-79.411812	-31.199995	1.553777	189	1032	27.482	27.482	27.482
50	10	0	-79.403303	-30.700068	1.553777	189	1022	27.982	27.982	27.982
51	10	0	-79.394793	-30.200140	1.553777	189	1012	28.482	28.482	28.482
52	10	0	-79.386284	-29.700212	1.553777	190	1002	28.982	28.982	28.982
53	10	0	-79.377774	-29.200285	1.553777	190	992	29.482	29.482	29.482
54	10	0	-79.369265	-28.700357	1.553777	190	982	29.982	29.982	29.982
55	10	0	-79.360756	-28.200430	1.553777	190	972	30.482	30.482	30.482
56	10	0	-79.352246	-27.700502	1.553777	190	962	30.982	30.982	30.982
57	10	0	-79.343737	-27.200574	1.553777	190	952	31.482	31.482	31.482
58	10	0	-79.335227	-26.700647	0.617854	191	942	31.982	31.982	31.982
59	10	0	-78.740320	-26.615555	-0.968626	202	940	32.583	32.583	32.583
60	10	0	-78.879086	-27.364291	-1.587672	200	955	33.344	33.344	33.344
61	10	0	-78.887523	-27.864220	-1.587672	200	965	33.844	33.844	33.844
62	10	0	-78.895961	-28.364149	-1.587672	199	975	34.344	34.344	34.344
63	10	0	-78.904398	-28.864078	-1.587672	199	985	34.844	34.844	34.844
64	10	0	-78.912836	-29.364007	-1.587672	199	995	35.344	35.344	35.344
65	10	0	-78.921274	-29.863935	-1.587672	199	1005	35.844	35.844	35.844
66	10	0	-78.929711	-30.363864	-1.587672	199	1015	36.344	36.344	36.344
67	10	0	-78.938149	-30.863793	-1.587672	198	1025	36.844	36.844	36.844
68	10	0	-78.946587	-31.363722	-1.587672	198	1035	37.344	37.344	37.344
69	10	0	-78.955024	-31.863651	-1.587672	198	1045	37.844	37.844	37.844
70	10	0	-78.963462	-32.363579	-1.587672	198	1055	38.344	38.344	38.344
71	10	0	-78.971899	-32.863508	-1.587672	198	1065	38.844	38.844	38.844
72	10	0	-78.980337	-33.363437	0.025665	198	1075	39.344	39.344	39.344
73	10	0	-78.285601	-32.845890	0.966022	212	1065	40.211	40.211	40.211
74	10	0	-78.277091	-32.345963	1.553777	212	1055	40.711	40.711	40.711
75	10	0	-78.268582	-31.846035	1.553777	212	1045	41.211	41.211	41.211
76	10	0	-78.260072	-31.346108	1.553777	212	1035	41.711	41.711	41.711
77	10	0	-78.251563	-30.846180	1.553777	212	1025	42.211	42.211	42.211
78	10	0	-78.243054	-30.346252	1.553777	212	1015	42.711	42.711	42.711
79	10	0	-78.234544	-29.846325	1.553777	213	1005	43.211	43.211	43.211
80	10	0	-78.226035	-29.346397	1.553777	213	995	43.711	43.711	43.711
81	10	0	-78.217525	-28.846470	1.553777	213	985	44.211	44.211	44.211
82	10	0	-78.209016	-28.346542	1.553777	213	975	44.711	44.711	44.711
83	10	0	-78.200507	-27.846614	1.553777	213	965	45.211	45.211	45.211
84	10	0	-78.191997	-27.346687	1.553777	213	955	45.711	45.711	45.711
85	10	0	-78.183488	-26.846759	0.417684	214	945	46.211	46.211	46.211
86	10	0	-77.465292	-26.610760	-0.841225	228	940	46.967	46.967	46.967
87	10	0	-77.544878	-27.560972	-1.564096	226	959	47.920	47.920	47.920
88	10	0	-77.541528	-28.060961	-1.564096	226	969	48.420	48.420	48.420
89	10	0	-77.538178	-28.560950	-1.564096	226	979	48.920	48.920	48.920
90	10	0	-77.534828	-29.060939	-1.564096	227	989	49.420	49.420	49.420
91	10	0	-77.531478	-29.560927	-1.564096	227	999	49.920	49.920	49.920
92	10	0	-77.528128	-30.060916	-1.564096	227	1009	50.420	50.420	50.420
93	10	0	-77.524778	-30.560905	-1.564096	227	1019	50.920	50.920	50.920
94	10	0	-77.521428	-31.060894	-1.564096	227	1029	51.420	51.420	51.420
95	10	0	-77.518078	-31.560883	-1.564096	227	1039	51.920	51.920	51.920
96	10	0	-77.514728	-32.060871	-1.564096	227	1049	52.420	52.420	52.420
97	10	0	-77.511378	-32.560860	-1.564096	227	1059	52.920	52.920	52.920
98	10	0	-77.508028	-33.060849	-1.564096	227	1069	53.420	53.420	53.420
99	10	0	-77.504678	-33.560838	-1.564096	227	1079	53.920	53.920	53.920
100	10	0	-77.501328	-34.060826	-1.564096	227	1089	54.420	54.420	54.420
101	10	0	-77.497978	-34.560815	-1.564096	227	1099	54.920	54.920	54.920
102	10	0	-77.494628	-35.060804	-1.564096	227	1109	55.420	55.420	55.420
103	10	0	-77.491278	-35.560793	-1.564096	227	1119	55.920	55.920	55.920
104	10	0	-77.487928	-36.060782	-1.564096	227	1129	56.420	56.420	56.420
105	10	0	-77.484578	-36.560770	-1.564096	228	1139	56.920	56.920	56.920
106	10	0	-77.481228	-37.060759	-1.564096	228	1149	57.420	57.420	57.420
107	10	0	-77.477878	-37.560748	-1.564096	228	1159	57.920	57.920	57.920
108	10	0	-77.474528	-38.060737	-1.564096	228	1169	58.420	58.420	58.420
109	10	0	-77.471178	-38.560725	-1.564096	228	1179	58.920	58.920	58.920
110	10	0	-77.467828	-39.060714	-1.564096	228	1189	59.420	59.420	59.420
111	10	0	-77.464478	-39.560703	-1.564096	228	1199	59.920	59.920	59.920
112	10	0	-77.461128	-40.060692	-1.564096	228	1209	60.420	60.420	60.420
113	10	0	-77.457778	-40.560681	-1.564096	228	1219	60.920	60.920	60.920
114	10	0	-77.454428	-41.060669	-1.564096	228	1229	61.420	61.420	61.420
115	10	0	-77.451078	-41.560658	-1.564096	228	1239	61.920	61.920	61.920
116	10	0	-77.447728	-42.060647	-1.564096	228	1249	62.420	62.420	62.420
117	10	0	-77.444377	-42.560636	-1.564096	228	1259	62.920	62.920	62.920
118	10	0	-77.441027	-43.060624	-1.564096	228	1269	63.420	63.420	63.420
119	10	0	-77.437677	-43.560613	-1.564096	228	1279	63.920	63.920	63.920
120	10	0	-77.434327	-44.060602	-1.564096	229	1289	64.420	64.420	64.420
121	10	0	-77.430977	-44.560591	-0.021928	229	1299	64.920	64.920	64.920
122	10	0	-76.624000	-44.078373	0.885051	245	1289	65.860	65.860	65.860
123	10	0	-76.627328	-43.578384	1.577452	245	1279	66.360	66.360	66.360
124	10	0	-76.630656	-43.078396	1.577452	245	1269	66.860	66.860	66.860
125	10	0	-76.633983	-42.578407	1.577452	245	1259	67.360	67.360	67.360
126	10	0	-76.637311	-42.078418	1.577452	245	1249	67.860	67.860	67.860
127	10	0	-76.640639	-41.578429	1.577452	244	1239	68.360	68.360	68.360
128	10	0	-76.643966	-41.078440	1.577452	244	1229	68.860	68.860	68.860
129	10	0	-76.647294	-40.578451	1.577452	244	1219	69.360	69.360	69.360
130	10	0	-76.650622	-40.078462	1.577452	244	1209	69.860	69.860	69.860
131	10	0	-76.653950	-39.578473	1.577452	244	1199	70.360	70.360	70.360
132	10	0	-76.657277	-39.078484	1.577452	244	1189	70.860	70.860	70.860
133	10	0	-76.660605	-38.578495	1.577452	244	1179	71.360	71.360	71.360
134	10	0	-76.663933	-38.078506	1.577452	244	1169	71.860	71.860	71.860
135	10	0	-76.667260	-37.578517	1.577452	244	1159	72.360	72.360	72.360
136	10	0	-76.670588	-37.078528	1.577452	244	1149	72.860	72.860	72.860
137	10	0	-76.673916	-36.578539	1.577452	244	1139	73.360	73.360	73.360
138	10	0	-76.677244	-36.078551	1.577452	244	1129	73.860	73.860	73.860
139	10	0	-76.680571	-35.578562	1.577452	244	1119	74.360	74.360	74.360
140	10	0	-76.683899	-35.078573	1.577452	244	1109	74.860	74.860	74.860
141	10	0	-76.687227	-34.578584	1.577452	244	1099	75.360	75.360	75.360
142	10	0	-76.690554	-34.078595	1.577452	243	1089	75.860	75.860	75.860
143	10	0	-76.693882	-33.578606	1.577452	243	1079	76.360	76.360	76.360
144	10	0	-76.697210	-33.078617	1.577452	243	1069	76.860	76.860	76.860
145	10	0	-76.700537	-32.578628	1.577452	243	1059	77.360	77.360	77.360
146	10	0	-76.703865	-32.078639	1.577452	243	1049	77.860	77.860	77.860
147	10	0	-76.707193	-31.578650	1.577452	243	1039	78.360	78.360	78.360
148	10	0	-76.710521	-31.078661	1.577452	243	1029	78.860	78.860	78.860
149	10	0	-76.713848	-30.578672	1.577452	243	1019	79.360	79.360	79.360
150	10	0	-76.717176	-30.078683	1.577452	243	1009	79.860	79.860	79.860
151	10	0	-76.720504	-29.578695	1.577452	243	999	80.360	80.360	80.360
152	10	0	-76.723831	-29.078706	1.577452	243	989	80.860	80.860	80.860
153	10	0	-76.727159	-28.578717	1.577452	243	979	81.360	81.360	81.360
154	10	0	-76.730487	-28.078728	1.577452	243	969	81.860	81.860	81.860
155	10	0	-76.733815	-27.578739	1.577452	243	959	82.360	82.360	82.360
156	10	0	-76.737142	-27.078750	1.577452	243	949	82.860	82.860	82.860
157	10	0	-76.740470	-26.578761	0.480405	242	939	83.360	83.360	83.360
158	10	0	-75.715959	-26.546585	-0.428968	263	939	84.385	84.385	84.385
159	10	0	-75.717623	-27.046583	-1.574124	263	949	84.885	84.885	84.885
160	10	0	-75.719287	-27.546580	-1.574124	263	959	85.385	85.385	85.385
161	10	0	-75.720951	-28.046577	-1.574124	263	969	85.885	85.885	85.885
162	10	0	-75.722615	-28.546574	-1.574124	263	979	86.385	86.385	86.385
163	10	0	-75.724279	-29.046572	-1.574124	263	989	86.885	86.885	86.885
164	10	0	-75.725943	-29.546569	-1.574124	263	999	87.385	87.385	87.385
165	10	0	-75.727607	-30.046566	-1.574124	263	1009	87.885	87.885	87.885
166	10	0	-75.729271	-30.546563	-1.574124	263	1019	88.385	88.385	88.385
167	10	0	-75.730934	-31.046561	-1.574124	263	1029	88.885	88.885	88.885
168	10	0	-75.732598	-31.546558	-1.574124	263	1039	89.385	89.385	89.385
169	10	0	-75.734262	-32.046555	-1.574124	263	1049	89.885	89.885	89.885
170	10	0	-75.735926	-32.546552	-1.574124	263	1059	90.385	90.385	90.385
171	10	0	-75.737590	-33.046550	-1.574124	263	1069	90.885	90.885	90.885
172	10	0	-75.739254	-33.546547	-1.574124	262	1079	91.385	91.385	91.385
173	10	0	-75.740918	-34.046544	-1.574124	262	1089	91.885	91.885	91.885
174	10	0	-75.742582	-34.546541	-1.574124	262	1099	92.385	92.385	92.385
175	10	0	-75.744245	-35.046538	-1.574124	262	1109	92.885	92.885	92.885
176	10	0	-75.745909	-35.546536	-1.574124	262	1119	93.385	93.385	93.385
177	10	0	-75.747573	-36.046533	-1.574124	262	1129	93.885	93.885	93.885
178	10	0	-75.749237	-36.546530	-1.574124	262	1139	94.385	94.385	94.385
179	10	0	-75.750901	-37.046527	-1.574124	262	1149	94.885	94.885	94.885
180	10	0	-75.752565	-37.546525	-1.574124	262	1159	95.385	95.385	95.385
181	10	0	-75.754229	-38.046522	-1.574124	262	1169	95.885	95.885	95.885
182	10	0	-75.755893	-38.546519	-1.574124	262	1179	96.385	96.385	96.385
183	10	0	-75.757557	-39.046516	-1.574124	262	1189	96.885	96.885	96.885
184	10	0	-75.759220	-39.546514	-1.574124	262	1199	97.385	97.385	97.385
185	10	0	-75.760884	-40.046511	-1.574124	262	1209	97.885	97.885	97.885
186	10	0	-75.762548	-40.546508	-1.574124	262	1219	98.385	98.385	98.385
187	10	0	-75.764212	-41.046505	-1.574124	262	1229	98.885	98.885	98.885
188	10	0	-75.765876	-41.546502	-1.574124	262	1239	99.385	99.385	99.385
189	10	0	-75.767540	-42.046500	-1.574124	262	1249	99.885	99.885	99.885
190	10	0	-75.769204	-42.546497	-1.574124	262	1259	100.385	100.385	100.385
191	10	0	-75.770868	-43.046494	-1.574124	262	1269	100.885	100.885	100.885
192	10	0	-75.772531	-43.546491	-1.574124	262	1279	101.385	101.385	101.385
193	10	0	-75.774195	-44.046489	-1.574124	262	1289	101.885	101.885	101.885
194	10	0	-75.775859	-44.546486	-0.770939	262	1299	102.385	102.385	102.385
195	10	0	-74.927085	-44.869449	0.299232	279	1305	103.293	103.293	103.293
196	10	0	-74.814398	-44.249880	1.472704	281	1293	103.923	103.923	103.923
197	10	0	-74.816911	-43.749886	1.575821	281	1283	104.423	104.423	104.423
198	10	0	-74.819423	-43.249892	1.575821	281	1273	104.923	104.923	104.923
199	10	0	-74.821936	-42.749899	1.575821	281	1263	105.423	105.423	105.423
200	10	0	-74.824448	-42.249905	1.575821	281	1253	105.923	105.923	105.923
201	10	0	-74.826961	-41.749911	1.575821	281	1243	106.423	106.423	106.423
202	10	0	-74.829473	-41.249918	1.575821	281	1233	106.923	106.923	106.923
203	10	0	-74.831986	-40.749924	1.575821	281	1223	107.423	107.423	107.423
204	10	0	-74.834498	-40.249930	1.575821	281	1213	107.923	107.923	107.923
205	10	0	-74.837011	-39.749937	1.575821	281	1203	108.423	108.423	108.423
206	10	0	-74.839523	-39.249943	1.575821	280	1193	108.923	108.923	108.923
207	10	0	-74.842036	-38.749949	1.575821	280	1183	109.423	109.423	109.423
208	10	0	-74.844548	-38.249956	1.575821	280	1173	109.923	109.923	109.923
209	10	0	-74.847061	-37.749962	1.575821	280	1163	110.423	110.423	110.423
210	10	0	-74.849573	-37.249968	1.575821	280	1153	110.923	110.923	110.923
211	10	0	-74.852086	-36.749975	1.575821	280	1143	111.423	111.423	111.423
212	10	0	-74.854599	-36.249981	1.575821	280	1133	111.923	111.923	111.923
213	10	0	-74.857111	-35.749987	1.575821	280	1123	112.423	112.423	112.423
214	10	0	-74.859624	-35.249993	1.575821	280	1113	112.923	112.923	112.923
215	10	0	-74.862136	-34.750000	1.575821	280	1103	113.423	113.423	113.423
216	10	0	-74.864649	-34.250006	1.575821	280	1093	113.923	113.923	113.923
217	10	0	-74.867161	-33.750012	1.575821	280	1083	114.423	114.423	114.423
218	10	0	-74.869674	-33.250019	1.575821	280	1073	114.923	114.923	114.923
219	10	0	-74.872186	-32.750025	1.575821	280	1063	115.423	115.423	115.423
220	10	0	-74.874699	-32.250031	1.575821	280	1053	115.923	115.923	115.923
221	10	0	-74.877211	-31.750038	1.575821	280	1043	116.423	116.423	116.423
222	10	0	-74.879724	-31.250044	1.575821	280	1033	116.923	116.923	116.923
223	10	0	-74.882236	-30.750050	1.575821	280	1023	117.423	117.423	117.423
224	10	0	-74.884749	-30.250057	1.575821	280	1013	117.923	117.923	117.923
225	10	0	-74.887261	-29.750063	1.575821	280	1003	118.423	118.423	118.423
226	10	0	-74.889774	-29.250069	1.575821	279	993	118.923	118.923	118.923
227	10	0	-74.892286	-28.750076	1.575821	279	983	119.423	119.423	119.423
228	10	0	-74.894799	-28.250082	1.575821	279	973	119.923	119.923	119.923
229	10	0	-74.897312	-27.750088	1.575821	279	963	120.423	120.423	120.423
230	10	0	-74.899824	-27.250094	1.575821	279	953	120.923	120.923	120.923
231	10	0	-74.902337	-26.750101	0.790959	279	943	121.423	121.423	121.423
232	10	0	-73.948517	-26.431216	0.320575	298	936	122.429	122.429	122.429
233	10	0	-73.448526	-26.428167	0.006097	308	936	122.929	122.929	122.929
234	10	0	-72.948535	-26.425118	0.006097	318	936	123.429	123.429	123.429
235	10	0	-72.448544	-26.422070	0.006097	328	936	123.929	123.929	123.929
236	10	0	-71.948554	-26.419021	0.006097	338	936	124.429	124.429	124.429
237	10	0	-71.448563	-26.415972	0.006097	348	936	124.929	124.929	124.929
238	10	0	-70.948572	-26.412923	0.006097	358	936	125.429	125.429	125.429
239	10	0	-70.448582	-26.409875	0.006097	368	936	125.929	125.929	125.929
240	10	0	-69.948591	-26.406826	-0.255299	378	936	126.429	126.429	126.429
241	10	0	-69.250850	-26.546246	-0.465561	392	939	127.140	127.140	127.140
242	10	0	-68.816122	-26.793251	-0.253029	401	943	127.640	127.640	127.640
243	10	0	-67.475375	-27.005332	-0.111858	428	948	128.998	128.998	128.998
244	10	0	-66.975403	-27.000013	0.010638	438	948	129.498	129.498	129.498
245	10	0	-66.475432	-26.994694	0.010638	448	948	129.998	129.998	129.998
246	10	0	-65.975460	-26.989375	-0.088792	458	947	130.498	130.498	130.498
247	10	0	-64.551503	-27.046029	-0.047576	486	949	131.923	131.923	131.923
248	10	0	-63.472959	-27.025674	0.072401	508	948	133.002	133.002	133.002
249	10	0	-62.848353	-27.045062	0.139709	520	949	133.626	133.626	133.626
250	10	0	-62.353225	-26.975435	-0.768501	530	947	134.126	134.126	134.126
251	10	0	-62.261128	-27.326495	-2.756014	532	954	134.489	134.489	134.489
252	10	0	-63.170280	-27.307074	-2.941194	514	954	135.399	135.399	135.399
253	10	0	-63.660273	-27.406604	-2.941194	504	956	135.899	135.899	135.899
254	10	0	-64.684611	-27.571298	-3.102491	484	959	136.936	136.936	136.936
255	10	0	-65.257562	-27.513352	3.030853	472	958	137.512	137.512	137.512
256	10	0	-65.753834	-27.452406	3.019397	462	957	138.012	138.012	138.012
257	10	0	-66.250105	-27.391461	3.074245	452	955	138.512	138.512	138.512
258	10	0	-67.248479	-27.351594	3.110824	432	955	139.511	139.511	139.511
259	10	0	-67.748440	-27.345344	3.129093	422	955	140.011	140.011	140.011
260	10	0	-68.248401	-27.339095	3.129093	412	954	140.511	140.511	140.511
261	10	0	-68.748362	-27.332845	2.948480	402	954	141.011	141.011	141.011
262	10	0	-69.681572	-27.058838	2.826085	384	949	141.984	141.984	141.984
263	10	0	-70.134026	-27.032688	2.954729	375	948	142.437	142.437	142.437
264	10	0	-71.009334	-27.006525	3.052448	357	948	143.313	143.313	143.313
265	10	0	-71.509334	-27.006525	3.141593	347	948	143.813	143.813	143.813
266	10	0	-72.009334	-27.006525	3.141593	337	948	144.313	144.313	144.313
267	10	0	-72.509334	-27.006525	3.141593	327	948	144.813	144.813	144.813
268	10	0	-73.009334	-27.006525	3.141593	317	948	145.313	145.313	145.313
269	10	0	-73.509334	-27.006525	3.141593	307	948	145.813	145.813	145.813
270	10	0	-74.009334	-27.006525	-2.270827	297	948	146.313	146.313	146.313
271	10	0	-73.974771	-27.637768	-0.846645	298	960	146.945	146.945	146.945
272	10	0	-73.219754	-27.676011	-0.168213	313	961	147.701	147.701	147.701
273	10	0	-72.720027	-27.659491	0.033046	323	961	148.201	148.201	148.201
274	10	0	-72.220300	-27.642971	0.033046	333	960	148.701	148.701	148.701
275	10	0	-71.720573	-27.626451	0.033046	343	960	149.201	149.201	149.201
276	10	0	-71.220846	-27.609931	0.033046	353	960	149.701	149.701	149.701
277	10	0	-70.721119	-27.593411	0.033046	363	959	150.201	150.201	150.201
278	10	0	-70.221392	-27.576892	-0.110015	373	959	150.701	150.701	150.701
279	10	0	-69.732373	-27.702629	-0.252370	383	962	151.206	151.206	151.206
280	10	0	-69.261332	-27.671427	-0.253076	392	961	151.678	151.678	151.678
281	10	0	-68.777258	-27.796619	-0.121044	402	964	152.178	152.178	152.178
282	10	0	-67.561362	-27.878209	-0.044319	426	965	153.397	153.397	153.397
283	10	0	-67.061393	-27.872714	0.010989	436	965	153.897	153.897	153.897
284	10	0	-66.561423	-27.867220	0.010989	446	965	154.397	154.397	154.397
285	10	0	-66.061453	-27.861726	-0.028544	456	965	154.897	154.897	154.897
286	10	0	-64.621202	-27.922617	0.058034	485	966	156.338	156.338	156.338
287	10	0	-63.538752	-27.611290	0.058034	506	959	157.465	157.465	157.465
288	10	0	-62.601424	-27.660701	-0.066237	525	961	158.403	158.403	158.403
289	10	0	-61.972107	-27.731882	-0.785398	538	962	159.036	159.036	159.036
