========================================
覆盖路径点统计信息
========================================
总路径点数: 482

总路径距离: 258.846 米

----------------------------------------
按房间统计
----------------------------------------
房间 8: 482 个点, 距离: 258.846 米

----------------------------------------
按房间+Segment统计
----------------------------------------
房间 8, Segment 0: 482 个点, 距离: 258.846 米

----------------------------------------
详细路径点信息
----------------------------------------
ID	Room	Segment	X(m)	Y(m)	Yaw(rad)	U(px)	V(px)	Acc_Dist	Room_Dist	Seg_Dist
0	8	0	-0.792423	-48.413975	3.101614	1761	1376	0.000	0.000	0.000
1	8	0	-1.244632	-48.322903	3.101614	1752	1374	0.461	0.461	0.461
2	8	0	-1.744232	-48.302919	3.101614	1742	1374	0.961	0.961	0.961
3	8	0	-2.243833	-48.282935	3.123208	1732	1373	1.461	1.461	1.461
4	8	0	-2.893459	-48.281789	-3.141193	1719	1373	2.111	2.111	2.111
5	8	0	-3.393457	-48.283394	-3.138382	1709	1373	2.611	2.611	2.611
6	8	0	-3.893454	-48.284999	-3.138382	1699	1373	3.111	3.111	3.111
7	8	0	-4.393451	-48.286604	-3.138382	1689	1373	3.611	3.611	3.611
8	8	0	-4.893449	-48.288209	-3.138382	1679	1373	4.111	4.111	4.111
9	8	0	-5.393446	-48.289814	-3.138382	1669	1373	4.611	4.611	4.611
10	8	0	-5.893444	-48.291419	-3.138382	1659	1373	5.111	5.111	5.111
11	8	0	-6.393441	-48.293025	-3.138382	1649	1373	5.611	5.611	5.611
12	8	0	-6.893439	-48.294630	-3.138382	1639	1374	6.111	6.111	6.111
13	8	0	-7.393436	-48.296235	-3.138382	1629	1374	6.611	6.611	6.611
14	8	0	-7.893433	-48.297840	-3.138382	1619	1374	7.111	7.111	7.111
15	8	0	-8.393431	-48.299445	-3.138382	1609	1374	7.611	7.611	7.611
16	8	0	-8.893428	-48.301050	-3.138382	1599	1374	8.111	8.111	8.111
17	8	0	-9.393426	-48.302655	-3.138382	1589	1374	8.611	8.611	8.611
18	8	0	-9.893423	-48.304260	-3.138382	1579	1374	9.111	9.111	9.111
19	8	0	-10.393421	-48.305866	-3.138382	1569	1374	9.611	9.611	9.611
20	8	0	-10.893418	-48.307471	-3.138382	1559	1374	10.111	10.111	10.111
21	8	0	-11.393415	-48.309076	-3.138382	1549	1374	10.611	10.611	10.611
22	8	0	-11.893413	-48.310681	-3.138382	1539	1374	11.111	11.111	11.111
23	8	0	-12.393410	-48.312286	-3.138382	1529	1374	11.611	11.611	11.611
24	8	0	-12.893408	-48.313891	-3.138382	1519	1374	12.111	12.111	12.111
25	8	0	-13.393405	-48.315496	-3.138382	1509	1374	12.611	12.611	12.611
26	8	0	-13.893403	-48.317101	-3.138382	1499	1374	13.111	13.111	13.111
27	8	0	-14.393400	-48.318707	-3.138382	1489	1374	13.611	13.611	13.611
28	8	0	-14.893397	-48.320312	-3.138382	1479	1374	14.111	14.111	14.111
29	8	0	-15.393395	-48.321917	-3.138382	1469	1374	14.611	14.611	14.611
30	8	0	-15.893392	-48.323522	-3.138382	1459	1374	15.111	15.111	15.111
31	8	0	-16.393390	-48.325127	-3.138382	1449	1374	15.611	15.611	15.611
32	8	0	-16.893387	-48.326732	-3.138382	1439	1374	16.111	16.111	16.111
33	8	0	-17.393384	-48.328337	-3.138382	1429	1374	16.611	16.611	16.611
34	8	0	-17.893382	-48.329942	-3.138382	1419	1374	17.111	17.111	17.111
35	8	0	-18.393379	-48.331548	-3.138382	1409	1374	17.611	17.611	17.611
36	8	0	-18.893377	-48.333153	-3.138382	1399	1374	18.111	18.111	18.111
37	8	0	-19.393374	-48.334758	-3.138382	1389	1374	18.611	18.611	18.611
38	8	0	-19.893372	-48.336363	-3.138382	1379	1374	19.111	19.111	19.111
39	8	0	-20.393369	-48.337968	-3.138382	1369	1374	19.611	19.611	19.611
40	8	0	-20.893366	-48.339573	-3.138382	1359	1374	20.111	20.111	20.111
41	8	0	-21.393364	-48.341178	-3.138382	1349	1374	20.611	20.611	20.611
42	8	0	-21.893361	-48.342783	-3.138382	1339	1374	21.111	21.111	21.111
43	8	0	-22.393359	-48.344389	-3.138382	1329	1375	21.611	21.611	21.611
44	8	0	-22.893356	-48.345994	-3.138382	1319	1375	22.111	22.111	22.111
45	8	0	-23.393354	-48.347599	-3.138382	1309	1375	22.611	22.611	22.611
46	8	0	-23.893351	-48.349204	-3.138382	1299	1375	23.111	23.111	23.111
47	8	0	-24.393348	-48.350809	-3.138382	1289	1375	23.611	23.611	23.611
48	8	0	-24.893346	-48.352414	-3.138382	1279	1375	24.111	24.111	24.111
49	8	0	-25.393343	-48.354019	-3.138382	1269	1375	24.611	24.611	24.611
50	8	0	-25.893341	-48.355625	-3.138382	1259	1375	25.111	25.111	25.111
51	8	0	-26.393338	-48.357230	-3.138382	1249	1375	25.611	25.611	25.611
52	8	0	-26.893336	-48.358835	-3.138382	1239	1375	26.111	26.111	26.111
53	8	0	-27.393333	-48.360440	-3.138382	1229	1375	26.611	26.611	26.611
54	8	0	-27.806597	-48.379392	-2.366702	1221	1375	27.025	27.025	27.025
55	8	0	-28.047440	-49.137192	-1.795646	1216	1390	27.820	27.820	27.820
56	8	0	-28.059551	-49.637045	-1.595021	1216	1400	28.320	28.320	28.320
57	8	0	-28.071662	-50.136898	-1.595021	1216	1410	28.820	28.820	28.820
58	8	0	-28.083773	-50.636752	-1.595021	1216	1420	29.320	29.320	29.320
59	8	0	-28.095884	-51.136605	-1.595021	1215	1430	29.820	29.820	29.820
60	8	0	-28.107995	-51.636458	-1.595021	1215	1440	30.320	30.320	30.320
61	8	0	-28.120106	-52.136311	-1.595021	1215	1450	30.820	30.820	30.820
62	8	0	-28.132217	-52.636165	-1.595021	1215	1460	31.320	31.320	31.320
63	8	0	-28.144328	-53.136018	-1.595021	1214	1470	31.820	31.820	31.820
64	8	0	-28.156439	-53.635871	-1.595021	1214	1480	32.320	32.320	32.320
65	8	0	-28.168550	-54.135725	-1.595021	1214	1490	32.820	32.820	32.820
66	8	0	-28.180661	-54.635578	-1.595021	1214	1500	33.320	33.320	33.320
67	8	0	-28.192772	-55.135431	-1.595021	1213	1510	33.820	33.820	33.820
68	8	0	-28.204883	-55.635285	-1.595021	1213	1520	34.320	34.320	34.320
69	8	0	-28.216994	-56.135138	-1.595021	1213	1530	34.820	34.820	34.820
70	8	0	-28.229105	-56.634991	-1.595021	1213	1540	35.320	35.320	35.320
71	8	0	-28.241216	-57.134844	-1.595021	1212	1550	35.820	35.820	35.820
72	8	0	-28.253327	-57.634698	-1.595021	1212	1560	36.320	36.320	36.320
73	8	0	-28.265438	-58.134551	-1.595021	1212	1570	36.820	36.820	36.820
74	8	0	-28.277549	-58.634404	-1.595021	1212	1580	37.320	37.320	37.320
75	8	0	-28.289660	-59.134258	-1.595021	1211	1590	37.820	37.820	37.820
76	8	0	-28.301771	-59.634111	-1.595021	1211	1600	38.320	38.320	38.320
77	8	0	-28.313882	-60.133964	-1.595021	1211	1610	38.820	38.820	38.820
78	8	0	-28.325993	-60.633818	-1.595021	1211	1620	39.320	39.320	39.320
79	8	0	-28.338103	-61.133671	-1.595021	1210	1630	39.820	39.820	39.820
80	8	0	-28.350214	-61.633524	-1.595021	1210	1640	40.320	40.320	40.320
81	8	0	-28.362325	-62.133378	-1.595021	1210	1650	40.820	40.820	40.820
82	8	0	-28.374436	-62.633231	-1.595021	1210	1660	41.320	41.320	41.320
83	8	0	-28.386547	-63.133084	-1.595021	1210	1670	41.820	41.820	41.820
84	8	0	-28.398658	-63.632937	-1.595021	1209	1680	42.320	42.320	42.320
85	8	0	-28.410769	-64.132791	-1.595021	1209	1690	42.820	42.820	42.820
86	8	0	-28.422880	-64.632644	-1.595021	1209	1700	43.320	43.320	43.320
87	8	0	-28.434991	-65.132497	-1.595021	1209	1710	43.820	43.820	43.820
88	8	0	-28.447102	-65.632351	-1.595021	1208	1720	44.320	44.320	44.320
89	8	0	-28.459213	-66.132204	-1.595021	1208	1730	44.820	44.820	44.820
90	8	0	-28.471324	-66.632057	-1.595021	1208	1740	45.320	45.320	45.320
91	8	0	-28.483435	-67.131911	-0.731235	1208	1750	45.820	45.820	45.820
92	8	0	-27.952054	-67.129042	0.731526	1218	1750	46.351	46.351	46.351
93	8	0	-27.889155	-66.567300	1.504193	1219	1739	46.916	46.916	46.916
94	8	0	-27.881238	-66.067363	1.554961	1220	1729	47.416	47.416	47.416
95	8	0	-27.873320	-65.567426	1.554961	1220	1719	47.916	47.916	47.916
96	8	0	-27.865403	-65.067489	1.554961	1220	1709	48.416	48.416	48.416
97	8	0	-27.857485	-64.567551	1.554961	1220	1699	48.916	48.916	48.916
98	8	0	-27.849568	-64.067614	1.554961	1220	1689	49.416	49.416	49.416
99	8	0	-27.841650	-63.567677	1.554961	1220	1679	49.916	49.916	49.916
100	8	0	-27.833732	-63.067739	1.554961	1221	1669	50.416	50.416	50.416
101	8	0	-27.825815	-62.567802	1.554961	1221	1659	50.916	50.916	50.916
102	8	0	-27.817897	-62.067865	1.554961	1221	1649	51.416	51.416	51.416
103	8	0	-27.809980	-61.567927	1.554961	1221	1639	51.916	51.916	51.916
104	8	0	-27.802062	-61.067990	1.554961	1221	1629	52.416	52.416	52.416
105	8	0	-27.794145	-60.568053	1.554961	1221	1619	52.916	52.916	52.916
106	8	0	-27.786227	-60.068115	1.554961	1222	1609	53.416	53.416	53.416
107	8	0	-27.778310	-59.568178	1.554961	1222	1599	53.916	53.916	53.916
108	8	0	-27.770392	-59.068241	1.554961	1222	1589	54.416	54.416	54.416
109	8	0	-27.762474	-58.568304	1.554961	1222	1579	54.916	54.916	54.916
110	8	0	-27.754557	-58.068366	1.554961	1222	1569	55.416	55.416	55.416
111	8	0	-27.746639	-57.568429	1.554961	1222	1559	55.916	55.916	55.916
112	8	0	-27.738722	-57.068492	1.554961	1222	1549	56.416	56.416	56.416
113	8	0	-27.730804	-56.568554	1.554961	1223	1539	56.916	56.916	56.916
114	8	0	-27.722887	-56.068617	1.554961	1223	1529	57.416	57.416	57.416
115	8	0	-27.714969	-55.568680	1.554961	1223	1519	57.916	57.916	57.916
116	8	0	-27.707051	-55.068742	1.554961	1223	1509	58.416	58.416	58.416
117	8	0	-27.699134	-54.568805	1.554961	1223	1499	58.916	58.916	58.916
118	8	0	-27.691216	-54.068868	1.554961	1223	1489	59.416	59.416	59.416
119	8	0	-27.683299	-53.568930	1.554961	1224	1479	59.916	59.916	59.916
120	8	0	-27.675381	-53.068993	1.554961	1224	1469	60.416	60.416	60.416
121	8	0	-27.667464	-52.569056	1.554961	1224	1459	60.916	60.916	60.916
122	8	0	-27.659546	-52.069119	1.554961	1224	1449	61.416	61.416	61.416
123	8	0	-27.651629	-51.569181	1.554961	1224	1439	61.916	61.916	61.916
124	8	0	-27.643711	-51.069244	1.554961	1224	1429	62.416	62.416	62.416
125	8	0	-27.635793	-50.569307	1.554961	1225	1419	62.916	62.916	62.916
126	8	0	-27.627876	-50.069369	1.554961	1225	1409	63.416	63.416	63.416
127	8	0	-27.619958	-49.569432	1.554961	1225	1399	63.916	63.916	63.916
128	8	0	-27.612041	-49.069495	0.197603	1225	1389	64.416	64.416	64.416
129	8	0	-27.189367	-49.337501	-1.105635	1233	1394	64.917	64.917	64.917
130	8	0	-27.243669	-49.958923	-1.575321	1232	1407	65.541	65.541	65.541
131	8	0	-27.245932	-50.458918	-1.575321	1232	1417	66.041	66.041	66.041
132	8	0	-27.248194	-50.958912	-1.575321	1232	1427	66.541	66.541	66.541
133	8	0	-27.250456	-51.458907	-1.575321	1232	1437	67.041	67.041	67.041
134	8	0	-27.252719	-51.958902	-1.575321	1232	1447	67.541	67.541	67.541
135	8	0	-27.254981	-52.458897	-1.575321	1232	1457	68.041	68.041	68.041
136	8	0	-27.257244	-52.958892	-1.575321	1232	1467	68.541	68.541	68.541
137	8	0	-27.259506	-53.458887	-1.575321	1232	1477	69.041	69.041	69.041
138	8	0	-27.261768	-53.958882	-1.575321	1232	1487	69.541	69.541	69.541
139	8	0	-27.264031	-54.458877	-1.575321	1232	1497	70.041	70.041	70.041
140	8	0	-27.266293	-54.958871	-1.575321	1232	1507	70.541	70.541	70.541
141	8	0	-27.268556	-55.458866	-1.575321	1232	1517	71.041	71.041	71.041
142	8	0	-27.270818	-55.958861	-1.575321	1232	1527	71.541	71.541	71.541
143	8	0	-27.273081	-56.458856	-1.575321	1232	1537	72.041	72.041	72.041
144	8	0	-27.275343	-56.958851	-1.575321	1232	1547	72.541	72.541	72.541
145	8	0	-27.277605	-57.458846	-1.575321	1232	1557	73.041	73.041	73.041
146	8	0	-27.279868	-57.958841	-1.575321	1232	1567	73.541	73.541	73.541
147	8	0	-27.282130	-58.458836	-1.575321	1232	1577	74.041	74.041	74.041
148	8	0	-27.284393	-58.958831	-1.575321	1232	1587	74.541	74.541	74.541
149	8	0	-27.286655	-59.458825	-1.575321	1232	1597	75.041	75.041	75.041
150	8	0	-27.288917	-59.958820	-1.575321	1231	1607	75.541	75.541	75.541
151	8	0	-27.291180	-60.458815	-1.575321	1231	1617	76.041	76.041	76.041
152	8	0	-27.293442	-60.958810	-1.575321	1231	1627	76.541	76.541	76.541
153	8	0	-27.295705	-61.458805	-1.575321	1231	1637	77.041	77.041	77.041
154	8	0	-27.297967	-61.958800	-1.575321	1231	1647	77.541	77.541	77.541
155	8	0	-27.300230	-62.458795	-1.575321	1231	1657	78.041	78.041	78.041
156	8	0	-27.302492	-62.958790	-1.575321	1231	1667	78.541	78.541	78.541
157	8	0	-27.304754	-63.458784	-1.575321	1231	1677	79.041	79.041	79.041
158	8	0	-27.307017	-63.958779	-1.575321	1231	1687	79.541	79.541	79.541
159	8	0	-27.309279	-64.458774	-1.575321	1231	1697	80.041	80.041	80.041
160	8	0	-27.311542	-64.958769	-1.575321	1231	1707	80.541	80.541	80.541
161	8	0	-27.313804	-65.458764	-1.575321	1231	1717	81.041	81.041	81.041
162	8	0	-27.316067	-65.958759	-1.575321	1231	1727	81.541	81.541	81.541
163	8	0	-27.318329	-66.458754	-1.575321	1231	1737	82.041	82.041	82.041
164	8	0	-27.320591	-66.958749	0.314949	1231	1747	82.541	82.541	82.541
165	8	0	-26.861949	-66.749167	1.231724	1240	1743	83.045	83.045	83.045
166	8	0	-26.923731	-65.833520	1.550997	1239	1724	83.963	83.963	83.963
167	8	0	-26.913832	-65.333618	1.550997	1239	1714	84.463	84.463	84.463
168	8	0	-26.903933	-64.833716	1.550997	1239	1704	84.963	84.963	84.963
169	8	0	-26.894034	-64.333814	1.550997	1239	1694	85.463	85.463	85.463
170	8	0	-26.884134	-63.833912	1.550997	1240	1684	85.963	85.963	85.963
171	8	0	-26.874235	-63.334010	1.550997	1240	1674	86.463	86.463	86.463
172	8	0	-26.864336	-62.834108	1.550997	1240	1664	86.963	86.963	86.963
173	8	0	-26.854437	-62.334206	1.550997	1240	1654	87.463	87.463	87.463
174	8	0	-26.844538	-61.834304	1.550997	1240	1644	87.963	87.963	87.963
175	8	0	-26.834639	-61.334402	1.550997	1241	1634	88.463	88.463	88.463
176	8	0	-26.824740	-60.834500	1.550997	1241	1624	88.963	88.963	88.963
177	8	0	-26.814841	-60.334598	1.550997	1241	1614	89.463	89.463	89.463
178	8	0	-26.804942	-59.834696	1.550997	1241	1604	89.963	89.963	89.963
179	8	0	-26.795043	-59.334794	1.550997	1241	1594	90.463	90.463	90.463
180	8	0	-26.785144	-58.834892	1.550997	1242	1584	90.963	90.963	90.963
181	8	0	-26.775245	-58.334990	1.550997	1242	1574	91.463	91.463	91.463
182	8	0	-26.765346	-57.835088	1.550997	1242	1564	91.963	91.963	91.963
183	8	0	-26.755447	-57.335186	1.550997	1242	1554	92.463	92.463	92.463
184	8	0	-26.745548	-56.835284	1.550997	1242	1544	92.963	92.963	92.963
185	8	0	-26.735649	-56.335382	1.550997	1243	1534	93.463	93.463	93.463
186	8	0	-26.725750	-55.835480	1.550997	1243	1524	93.963	93.963	93.963
187	8	0	-26.715851	-55.335578	1.550997	1243	1514	94.463	94.463	94.463
188	8	0	-26.705952	-54.835676	1.550997	1243	1504	94.963	94.963	94.963
189	8	0	-26.696053	-54.335774	1.550997	1243	1494	95.463	95.463	95.463
190	8	0	-26.686154	-53.835872	1.550997	1244	1484	95.963	95.963	95.963
191	8	0	-26.676254	-53.335970	1.550997	1244	1474	96.463	96.463	96.463
192	8	0	-26.666355	-52.836068	1.550997	1244	1464	96.963	96.963	96.963
193	8	0	-26.656456	-52.336166	1.550997	1244	1454	97.463	97.463	97.463
194	8	0	-26.646557	-51.836264	1.550997	1244	1444	97.963	97.963	97.963
195	8	0	-26.636658	-51.336362	1.550997	1245	1434	98.463	98.463	98.463
196	8	0	-26.626759	-50.836460	1.550997	1245	1424	98.963	98.963	98.963
197	8	0	-26.616860	-50.336558	0.770064	1245	1414	99.463	99.463	99.463
198	8	0	-26.091502	-50.317371	0.013411	1255	1414	99.988	99.988	99.988
199	8	0	-25.591532	-50.322806	-0.010869	1265	1414	100.488	100.488	100.488
200	8	0	-25.091561	-50.328240	-0.010869	1275	1414	100.988	100.988	100.988
201	8	0	-24.591591	-50.333675	-0.010869	1285	1414	101.488	101.488	101.488
202	8	0	-24.091620	-50.339109	-0.010869	1295	1414	101.988	101.988	101.988
203	8	0	-23.591650	-50.344544	-0.010869	1305	1415	102.488	102.488	102.488
204	8	0	-23.091679	-50.349978	0.159298	1315	1415	102.988	102.988	102.988
205	8	0	-22.687624	-50.359142	0.602287	1323	1415	103.393	103.393	103.393
206	8	0	-22.275603	-50.075878	0.283079	1332	1409	103.893	103.893	103.893
207	8	0	-21.584713	-50.038315	0.016379	1346	1408	104.584	104.584	104.584
208	8	0	-21.085039	-50.056376	-0.036129	1356	1409	105.084	105.084	105.084
209	8	0	-20.585365	-50.074436	-0.036129	1366	1409	105.584	105.584	105.584
210	8	0	-20.085692	-50.092497	-0.798512	1376	1409	106.084	106.084	106.084
211	8	0	-19.593817	-51.092338	-1.250916	1385	1429	107.199	107.199	107.199
212	8	0	-19.588867	-51.592314	-1.560896	1385	1439	107.699	107.699	107.699
213	8	0	-19.583917	-52.092289	-1.560896	1386	1449	108.199	108.199	108.199
214	8	0	-19.578966	-52.592265	-1.560896	1386	1459	108.699	108.699	108.699
215	8	0	-19.574016	-53.092240	-1.560896	1386	1469	109.199	109.199	109.199
216	8	0	-19.569066	-53.592216	-1.560896	1386	1479	109.699	109.699	109.699
217	8	0	-19.564116	-54.092191	-1.560896	1386	1489	110.199	110.199	110.199
218	8	0	-19.559165	-54.592167	-1.560896	1386	1499	110.699	110.699	110.699
219	8	0	-19.554215	-55.092142	-1.560896	1386	1509	111.199	111.199	111.199
220	8	0	-19.549265	-55.592118	-1.560896	1386	1519	111.699	111.699	111.699
221	8	0	-19.544315	-56.092093	-1.560896	1386	1529	112.199	112.199	112.199
222	8	0	-19.539364	-56.592068	-1.560896	1386	1539	112.699	112.699	112.699
223	8	0	-19.534414	-57.092044	-1.560896	1387	1549	113.199	113.199	113.199
224	8	0	-19.529464	-57.592019	-1.560896	1387	1559	113.699	113.699	113.699
225	8	0	-19.524514	-58.091995	-1.560896	1387	1569	114.199	114.199	114.199
226	8	0	-19.519563	-58.591970	-1.560896	1387	1579	114.699	114.699	114.699
227	8	0	-19.514613	-59.091946	-1.560896	1387	1589	115.199	115.199	115.199
228	8	0	-19.509663	-59.591921	-1.560896	1387	1599	115.699	115.699	115.699
229	8	0	-19.504713	-60.091897	-1.560896	1387	1609	116.199	116.199	116.199
230	8	0	-19.499762	-60.591872	-1.560896	1387	1619	116.699	116.699	116.699
231	8	0	-19.494812	-61.091848	-1.560896	1387	1629	117.199	117.199	117.199
232	8	0	-19.489862	-61.591823	-1.560896	1387	1639	117.699	117.699	117.699
233	8	0	-19.524547	-62.184280	-1.560896	1387	1651	118.292	118.292	118.292
234	8	0	-20.491081	-62.209745	2.433128	1367	1652	119.259	119.259	119.259
235	8	0	-20.512592	-61.706952	1.861316	1367	1642	119.762	119.762	119.762
236	8	0	-20.515631	-61.206961	1.576875	1367	1632	120.262	120.262	120.262
237	8	0	-20.518671	-60.706971	1.576875	1367	1622	120.762	120.762	120.762
238	8	0	-20.521710	-60.206980	1.576875	1367	1612	121.262	121.262	121.262
239	8	0	-20.524750	-59.706989	1.576875	1367	1602	121.762	121.762	121.762
240	8	0	-20.493891	-59.105303	1.576875	1367	1590	122.365	122.365	122.365
241	8	0	-20.475410	-58.542197	1.576875	1368	1578	122.928	122.928	122.928
242	8	0	-20.462331	-57.984992	1.576875	1368	1567	123.486	123.486	123.486
243	8	0	-20.261981	-57.390086	1.576875	1372	1555	124.113	124.113	124.113
244	8	0	-20.251461	-56.734163	1.576875	1372	1542	124.769	124.769	124.769
245	8	0	-20.546026	-56.207054	1.576875	1366	1532	125.373	125.373	125.373
246	8	0	-20.608350	-55.733998	1.576875	1365	1522	125.850	125.850	125.850
247	8	0	-20.552105	-55.207072	1.576875	1366	1512	126.380	126.380	126.380
248	8	0	-20.555144	-54.707081	1.576875	1366	1502	126.880	126.880	126.880
249	8	0	-20.558184	-54.207091	1.576875	1366	1492	127.380	127.380	127.380
250	8	0	-20.561223	-53.707100	1.576875	1366	1482	127.880	127.880	127.880
251	8	0	-20.564263	-53.207109	1.576875	1366	1472	128.380	128.380	128.380
252	8	0	-20.634181	-52.847564	0.344703	1365	1465	128.746	128.746	128.746
253	8	0	-20.589128	-52.446371	0.344703	1365	1457	129.150	129.150	129.150
254	8	0	-20.059621	-52.431598	0.344703	1376	1456	129.680	129.680	129.680
255	8	0	-20.068792	-53.029216	-1.024354	1376	1468	130.278	130.278	130.278
256	8	0	-20.067286	-53.529214	-1.567784	1376	1478	130.778	130.778	130.778
257	8	0	-20.065780	-54.029212	-1.567784	1376	1488	131.278	131.278	131.278
258	8	0	-20.064274	-54.529210	-1.567784	1376	1498	131.778	131.778	131.778
259	8	0	-20.062768	-55.029207	-1.567784	1376	1508	132.278	132.278	132.278
260	8	0	-20.061262	-55.529205	-1.567784	1376	1518	132.778	132.778	132.778
261	8	0	-20.059756	-56.029203	-1.567784	1376	1528	133.278	133.278	133.278
262	8	0	-20.058250	-56.529201	-1.567784	1376	1538	133.778	133.778	133.778
263	8	0	-20.056744	-57.029198	-1.567784	1376	1548	134.278	134.278	134.278
264	8	0	-20.055238	-57.529196	-1.567784	1376	1558	134.778	134.778	134.778
265	8	0	-20.053732	-58.029194	-1.567784	1376	1568	135.278	135.278	135.278
266	8	0	-20.052226	-58.529191	-1.567784	1376	1578	135.778	135.778	135.778
267	8	0	-20.050720	-59.029189	-1.567784	1376	1588	136.278	136.278	136.278
268	8	0	-20.049214	-59.529187	-1.567784	1376	1598	136.778	136.778	136.778
269	8	0	-20.047707	-60.029185	-1.567784	1376	1608	137.278	137.278	137.278
270	8	0	-20.046201	-60.529182	-1.567784	1376	1618	137.778	137.778	137.778
271	8	0	-20.044695	-61.029180	-1.567784	1376	1628	138.278	138.278	138.278
272	8	0	-20.043189	-61.529178	-1.567784	1376	1638	138.778	138.778	138.778
273	8	0	-20.041683	-62.029176	-1.567784	1376	1648	139.278	139.278	139.278
274	8	0	-20.053389	-62.648078	-0.775893	1376	1661	139.897	139.897	139.897
275	8	0	-19.347050	-62.631955	-0.125873	1390	1660	140.603	140.603	140.603
276	8	0	-18.873537	-62.676803	0.015999	1400	1661	141.079	141.079	141.079
277	8	0	-18.373601	-62.668804	0.015999	1410	1661	141.579	141.579	141.579
278	8	0	-17.873665	-62.660805	0.015999	1420	1661	142.079	142.079	142.079
279	8	0	-17.373729	-62.652806	0.015999	1430	1661	142.579	142.579	142.579
280	8	0	-16.873793	-62.644807	0.015999	1440	1661	143.079	143.079	143.079
281	8	0	-16.373857	-62.636808	0.797671	1450	1660	143.579	143.579	143.579
282	8	0	-16.151861	-61.904933	1.395859	1454	1646	144.344	144.344	144.344
283	8	0	-16.156134	-61.404951	1.579343	1454	1636	144.844	144.844	144.844
284	8	0	-16.160407	-60.904969	1.579343	1454	1626	145.344	145.344	145.344
285	8	0	-16.164681	-60.404988	1.579343	1454	1616	145.844	145.844	145.844
286	8	0	-16.248224	-59.918218	1.579343	1452	1606	146.337	146.337	146.337
287	8	0	-16.226074	-59.352178	2.344848	1453	1595	146.904	146.904	146.904
288	8	0	-16.164271	-58.952027	2.344848	1454	1587	147.309	147.309	147.309
289	8	0	-17.093046	-58.959702	-3.007375	1435	1587	148.238	148.238	148.238
290	8	0	-17.101632	-59.524310	-1.612452	1435	1598	148.802	148.802	148.802
291	8	0	-17.137959	-60.037249	-1.537751	1434	1608	149.317	149.317	149.317
292	8	0	-17.121439	-60.536976	-1.537751	1435	1618	149.817	149.817	149.817
293	8	0	-17.104919	-61.036703	-1.537751	1435	1628	150.317	150.317	150.317
294	8	0	-17.088399	-61.536430	-1.537751	1435	1638	150.817	150.817	150.817
295	8	0	-17.045456	-62.141850	-1.537751	1436	1650	151.423	151.423	151.423
296	8	0	-17.551492	-62.162452	1.998473	1426	1651	151.930	151.930	151.930
297	8	0	-17.578643	-61.387857	1.570796	1426	1635	152.705	152.705	152.705
298	8	0	-17.578643	-60.887857	1.570796	1426	1625	153.205	153.205	153.205
299	8	0	-17.578643	-60.387857	1.570796	1426	1615	153.705	153.705	153.705
300	8	0	-17.578643	-59.887857	1.570796	1426	1605	154.205	154.205	154.205
301	8	0	-17.578643	-59.387857	1.570796	1426	1595	154.705	154.705	154.705
302	8	0	-17.578643	-58.887857	1.570796	1426	1585	155.205	155.205	155.205
303	8	0	-17.578643	-58.387857	1.570796	1426	1575	155.705	155.705	155.705
304	8	0	-17.578643	-57.887857	1.570796	1426	1565	156.205	156.205	156.205
305	8	0	-17.578643	-57.387857	1.570796	1426	1555	156.705	156.705	156.705
306	8	0	-17.578643	-56.887857	1.570796	1426	1545	157.205	157.205	157.205
307	8	0	-17.578643	-56.387857	1.570796	1426	1535	157.705	157.705	157.705
308	8	0	-17.578643	-55.887857	1.570796	1426	1525	158.205	158.205	158.205
309	8	0	-17.578643	-55.387857	1.570796	1426	1515	158.705	158.705	158.705
310	8	0	-17.578643	-54.887857	1.570796	1426	1505	159.205	159.205	159.205
311	8	0	-17.578643	-54.387857	1.570796	1426	1495	159.705	159.705	159.705
312	8	0	-17.578643	-53.887857	1.570796	1426	1485	160.205	160.205	160.205
313	8	0	-17.578643	-53.387857	1.570796	1426	1475	160.705	160.705	160.705
314	8	0	-17.578643	-52.887857	1.570796	1426	1465	161.205	161.205	161.205
315	8	0	-17.569395	-52.469685	-2.260128	1426	1457	161.623	161.623	161.623
316	8	0	-18.155617	-52.485740	-2.260128	1414	1457	162.210	162.210	162.210
317	8	0	-18.200736	-53.018140	-2.260128	1413	1468	162.744	162.744	162.744
318	8	0	-18.178746	-53.615949	-1.907416	1414	1480	163.342	163.342	163.342
319	8	0	-18.183361	-54.115928	-1.580027	1414	1490	163.842	163.842	163.842
320	8	0	-18.187976	-54.615906	-1.580027	1413	1500	164.342	164.342	164.342
321	8	0	-18.192591	-55.115885	-1.580027	1413	1510	164.842	164.842	164.842
322	8	0	-18.197206	-55.615864	-1.580027	1413	1520	165.342	165.342	165.342
323	8	0	-18.201822	-56.115843	-1.580027	1413	1530	165.842	165.842	165.842
324	8	0	-18.206437	-56.615821	-1.580027	1413	1540	166.342	166.342	166.342
325	8	0	-18.211052	-57.115800	-1.580027	1413	1550	166.842	166.842	166.842
326	8	0	-18.215667	-57.615779	-1.580027	1413	1560	167.342	167.342	167.342
327	8	0	-18.220282	-58.115757	-1.580027	1413	1570	167.842	167.842	167.842
328	8	0	-18.224898	-58.615736	-1.580027	1413	1580	168.342	168.342	168.342
329	8	0	-18.229513	-59.115715	-1.580027	1413	1590	168.842	168.842	168.842
330	8	0	-18.234128	-59.615693	-1.580027	1413	1600	169.342	169.342	169.342
331	8	0	-18.238743	-60.115672	-1.580027	1412	1610	169.842	169.842	169.842
332	8	0	-18.243358	-60.615651	-1.580027	1412	1620	170.342	170.342	170.342
333	8	0	-18.247973	-61.115630	-1.580027	1412	1630	170.842	170.842	170.842
334	8	0	-18.252589	-61.615608	-1.580027	1412	1640	171.342	171.342	171.342
335	8	0	-18.270415	-61.983471	-1.580027	1412	1647	171.711	171.711	171.711
336	8	0	-18.248607	-62.351333	2.758196	1412	1655	172.079	172.079	172.079
337	8	0	-18.872654	-62.347415	2.758196	1400	1655	172.703	172.703	172.703
338	8	0	-18.949345	-61.836407	2.063979	1398	1644	173.220	173.220	173.220
339	8	0	-18.949345	-61.336407	1.570796	1398	1634	173.720	173.720	173.720
340	8	0	-18.949345	-60.836407	1.570796	1398	1624	174.220	174.220	174.220
341	8	0	-18.949345	-60.336407	1.570796	1398	1614	174.720	174.720	174.720
342	8	0	-18.949345	-59.836407	1.570796	1398	1604	175.220	175.220	175.220
343	8	0	-18.949345	-59.336407	1.570796	1398	1594	175.720	175.720	175.720
344	8	0	-18.949345	-58.836407	1.570796	1398	1584	176.220	176.220	176.220
345	8	0	-18.949345	-58.336407	1.570796	1398	1574	176.720	176.720	176.720
346	8	0	-18.949345	-57.836407	1.570796	1398	1564	177.220	177.220	177.220
347	8	0	-18.949345	-57.336407	1.570796	1398	1554	177.720	177.720	177.720
348	8	0	-18.949345	-56.836407	1.570796	1398	1544	178.220	178.220	178.220
349	8	0	-18.949345	-56.336407	1.570796	1398	1534	178.720	178.720	178.720
350	8	0	-18.949345	-55.836407	1.570796	1398	1524	179.220	179.220	179.220
351	8	0	-18.949345	-55.336407	1.570796	1398	1514	179.720	179.720	179.720
352	8	0	-18.949345	-54.836407	1.570796	1398	1504	180.220	180.220	180.220
353	8	0	-18.949345	-54.336407	1.570796	1398	1494	180.720	180.720	180.720
354	8	0	-18.949345	-53.836407	1.570796	1398	1484	181.220	181.220	181.220
355	8	0	-18.949345	-53.336407	1.570796	1398	1474	181.720	181.720	181.720
356	8	0	-18.949345	-52.836407	1.570796	1398	1464	182.220	182.220	182.220
357	8	0	-18.949345	-52.336407	1.570796	1398	1454	182.720	182.720	182.720
358	8	0	-18.949345	-51.836407	1.570796	1398	1444	183.220	183.220	183.220
359	8	0	-18.949345	-51.336407	1.570796	1398	1434	183.720	183.720	183.720
360	8	0	-18.949345	-50.836407	1.570796	1398	1424	184.220	184.220	184.220
361	8	0	-18.949345	-50.336407	1.570796	1398	1414	184.720	184.720	184.720
362	8	0	-18.053369	-50.275606	-0.076772	1416	1413	185.618	185.618	185.618
363	8	0	-17.382809	-50.170594	0.093915	1430	1411	186.297	186.297	186.297
364	8	0	-15.993827	-50.188200	0.134500	1457	1411	187.686	187.686	187.686
365	8	0	-15.496308	-50.138448	0.049834	1467	1410	188.186	188.186	188.186
366	8	0	-14.424403	-50.109924	-0.045629	1489	1410	189.258	189.258	189.258
367	8	0	-13.451765	-50.231803	-0.110487	1508	1412	190.238	190.238	190.238
368	8	0	-12.544350	-50.318495	-0.088026	1526	1414	191.150	191.150	191.150
369	8	0	-12.053954	-50.068771	-0.016609	1536	1409	191.700	191.700	191.700
370	8	0	-11.418338	-49.975568	-0.125551	1549	1407	192.342	192.342	192.342
371	8	0	-10.496313	-50.400161	-0.041643	1567	1416	193.358	193.358	193.358
372	8	0	-9.513406	-50.445273	-0.041643	1587	1417	194.342	194.342	194.342
373	8	0	-8.344501	-50.368739	0.000904	1610	1415	195.513	195.513	195.513
374	8	0	-7.394016	-50.073579	0.320424	1629	1409	196.508	196.508	196.508
375	8	0	-6.475670	-50.062223	-0.010101	1648	1409	197.427	197.427	197.427
376	8	0	-5.975695	-50.067273	-0.010101	1658	1409	197.927	197.927	197.927
377	8	0	-5.019121	-50.131880	-0.010101	1677	1410	198.885	198.885	198.885
378	8	0	-4.304639	-50.102988	-0.010101	1691	1410	199.600	199.600	199.600
379	8	0	-3.695799	-50.324072	-0.010101	1703	1414	200.248	200.248	200.248
380	8	0	-2.791768	-50.596620	-0.010101	1721	1420	201.192	201.192	201.192
381	8	0	-1.885465	-50.622412	-0.010101	1740	1420	202.099	202.099	202.099
382	8	0	-0.859091	-50.639992	-0.010101	1760	1420	203.126	203.126	203.126
383	8	0	-0.064485	-50.650415	-0.244427	1776	1421	203.920	203.920	203.920
384	8	0	0.333940	-50.234533	0.512389	1784	1412	204.496	204.496	204.496
385	8	0	0.034921	-49.884747	-2.436024	1778	1405	204.956	204.956	204.956
386	8	0	-0.291674	-49.753620	-2.436024	1771	1403	205.308	205.308	205.308
387	8	0	-0.702074	-49.770145	-2.777447	1763	1403	205.719	205.719	205.719
388	8	0	-1.237816	-49.712961	-3.063120	1752	1402	206.258	206.258	206.258
389	8	0	-1.936209	-49.674691	3.061674	1739	1401	206.957	206.957	206.957
390	8	0	-2.528859	-49.710392	2.994553	1727	1402	207.551	207.551	207.551
391	8	0	-3.298481	-49.708953	2.959033	1711	1402	208.321	208.321	208.321
392	8	0	-3.939063	-49.717440	2.959229	1698	1402	208.961	208.961	208.961
393	8	0	-4.659625	-49.659556	2.959352	1684	1401	209.684	209.684	209.684
394	8	0	-5.270465	-49.628532	2.959424	1672	1400	210.296	210.296	210.296
395	8	0	-5.911083	-49.607433	2.959424	1659	1400	210.937	210.937	210.937
396	8	0	-6.402809	-49.516852	-3.108195	1649	1398	211.437	211.437	211.437
397	8	0	-7.094423	-49.499855	-2.931858	1635	1398	212.129	212.129	212.129
398	8	0	-7.620024	-49.541021	-2.892630	1625	1398	212.656	212.656	212.656
399	8	0	-8.227659	-49.565780	-2.978725	1613	1399	213.264	213.264	213.264
400	8	0	-9.133056	-49.572199	-3.092999	1595	1399	214.169	214.169	214.169
401	8	0	-10.503687	-49.560597	3.122520	1567	1399	215.540	215.540	215.540
402	8	0	-11.003107	-49.536529	3.093437	1557	1398	216.040	216.040	216.040
403	8	0	-11.502528	-49.512460	3.093437	1547	1398	216.540	216.540	216.540
404	8	0	-12.001948	-49.488392	3.051721	1537	1397	217.040	217.040	217.040
405	8	0	-12.800419	-49.846687	3.019729	1521	1405	217.915	217.915	217.915
406	8	0	-13.296096	-49.781083	3.010005	1511	1403	218.415	218.415	218.415
407	8	0	-13.791773	-49.715479	3.082208	1501	1402	218.915	218.915	218.915
408	8	0	-15.256880	-49.664506	3.118919	1472	1401	220.381	220.381	220.381
409	8	0	-15.756839	-49.670916	-3.128773	1462	1401	220.881	220.881	220.881
410	8	0	-16.256798	-49.677326	-2.994567	1452	1401	221.381	221.381	221.381
411	8	0	-17.510052	-49.572682	-2.923279	1427	1399	222.639	222.639	222.639
412	8	0	-18.133769	-49.711452	-3.130362	1415	1402	223.278	223.278	223.278
413	8	0	-18.701041	-49.669820	2.889733	1403	1401	223.847	223.847	223.847
414	8	0	-19.084041	-49.828595	2.958839	1396	1404	224.261	224.261	224.261
415	8	0	-19.741746	-49.745656	3.024194	1382	1403	224.924	224.924	224.924
416	8	0	-20.238900	-49.692390	3.034857	1372	1401	225.424	225.424	225.424
417	8	0	-20.736055	-49.639123	3.101735	1363	1400	225.924	225.924	225.924
418	8	0	-21.580114	-49.638904	-3.131704	1346	1400	226.768	226.768	226.768
419	8	0	-22.079931	-49.652412	-3.114572	1336	1401	227.268	227.268	227.268
420	8	0	-22.579749	-49.665921	-3.114572	1326	1401	227.768	227.768	227.768
421	8	0	-23.079566	-49.679430	-3.105110	1316	1401	228.268	228.268	228.268
422	8	0	-23.845789	-49.712130	-3.097642	1300	1402	229.035	229.035	229.035
423	8	0	-24.345261	-49.735094	-3.095648	1290	1402	229.535	229.535	229.535
424	8	0	-24.844734	-49.758058	-3.095648	1280	1403	230.035	230.035	230.035
425	8	0	-25.344206	-49.781023	-3.095648	1270	1403	230.535	230.535	230.535
426	8	0	-25.843678	-49.803987	-3.118620	1260	1404	231.035	231.035	231.035
427	8	0	-26.502884	-49.807645	2.601057	1247	1404	231.694	231.694	231.694
428	8	0	-26.889408	-49.176384	1.281636	1239	1391	232.434	232.434	232.434
429	8	0	-26.262164	-48.998496	0.156007	1252	1388	233.086	233.086	233.086
430	8	0	-25.762164	-48.999085	-0.001178	1262	1388	233.586	233.586	233.586
431	8	0	-25.262164	-48.999674	-0.001178	1272	1388	234.086	234.086	234.086
432	8	0	-24.762165	-49.000263	-0.001178	1282	1388	234.586	234.586	234.586
433	8	0	-24.262165	-49.000852	-0.001178	1292	1388	235.086	235.086	235.086
434	8	0	-23.762165	-49.001441	-0.001178	1302	1388	235.586	235.586	235.586
435	8	0	-23.262166	-49.002030	-0.001178	1312	1388	236.086	236.086	236.086
436	8	0	-22.762166	-49.002619	-0.001178	1322	1388	236.586	236.586	236.586
437	8	0	-22.262166	-49.003208	-0.001178	1332	1388	237.086	237.086	237.086
438	8	0	-21.762167	-49.003797	-0.001178	1342	1388	237.586	237.586	237.586
439	8	0	-21.262167	-49.004385	-0.001178	1352	1388	238.086	238.086	238.086
440	8	0	-20.762167	-49.004974	-0.001178	1362	1388	238.586	238.586	238.586
441	8	0	-20.262168	-49.005563	-0.001178	1372	1388	239.086	239.086	239.086
442	8	0	-19.762168	-49.006152	-0.001178	1382	1388	239.586	239.586	239.586
443	8	0	-19.262168	-49.006741	-0.001178	1392	1388	240.086	240.086	240.086
444	8	0	-18.762169	-49.007330	-0.001178	1402	1388	240.586	240.586	240.586
445	8	0	-18.262169	-49.007919	-0.001178	1412	1388	241.086	241.086	241.086
446	8	0	-17.762169	-49.008508	-0.001178	1422	1388	241.586	241.586	241.586
447	8	0	-17.262170	-49.009097	-0.001178	1432	1388	242.086	242.086	242.086
448	8	0	-16.762170	-49.009686	-0.001178	1442	1388	242.586	242.586	242.586
449	8	0	-16.262171	-49.010275	-0.001178	1452	1388	243.086	243.086	243.086
450	8	0	-15.762171	-49.010864	-0.001178	1462	1388	243.586	243.586	243.586
451	8	0	-15.262171	-49.011453	-0.001178	1472	1388	244.086	244.086	244.086
452	8	0	-14.762172	-49.012042	-0.001178	1482	1388	244.586	244.586	244.586
453	8	0	-14.262172	-49.012630	-0.001178	1492	1388	245.086	245.086	245.086
454	8	0	-13.762172	-49.013219	-0.001178	1502	1388	245.586	245.586	245.586
455	8	0	-13.262173	-49.013808	-0.001178	1512	1388	246.086	246.086	246.086
456	8	0	-12.762173	-49.014397	-0.001178	1522	1388	246.586	246.586	246.586
457	8	0	-12.262173	-49.014986	-0.001178	1532	1388	247.086	247.086	247.086
458	8	0	-11.762174	-49.015575	-0.001178	1542	1388	247.586	247.586	247.586
459	8	0	-11.262174	-49.016164	-0.001178	1552	1388	248.086	248.086	248.086
460	8	0	-10.762174	-49.016753	-0.001178	1562	1388	248.586	248.586	248.586
461	8	0	-10.262175	-49.017342	-0.001178	1572	1388	249.086	249.086	249.086
462	8	0	-9.762175	-49.017931	-0.001178	1582	1388	249.586	249.586	249.586
463	8	0	-9.262175	-49.018520	-0.001178	1592	1388	250.086	250.086	250.086
464	8	0	-8.762176	-49.019109	-0.001178	1602	1388	250.586	250.586	250.586
465	8	0	-8.262176	-49.019698	-0.001178	1612	1388	251.086	251.086	251.086
466	8	0	-7.762176	-49.020286	-0.001178	1622	1388	251.586	251.586	251.586
467	8	0	-7.262177	-49.020875	-0.001178	1632	1388	252.086	252.086	252.086
468	8	0	-6.762177	-49.021464	-0.001178	1642	1388	252.586	252.586	252.586
469	8	0	-6.262177	-49.022053	-0.001178	1652	1388	253.086	253.086	253.086
470	8	0	-5.762178	-49.022642	-0.001178	1662	1388	253.586	253.586	253.586
471	8	0	-5.262178	-49.023231	-0.001178	1672	1388	254.086	254.086	254.086
472	8	0	-4.762178	-49.023820	-0.001178	1682	1388	254.586	254.586	254.586
473	8	0	-4.262179	-49.024409	-0.001178	1692	1388	255.086	255.086	255.086
474	8	0	-3.762179	-49.024998	-0.001178	1702	1388	255.586	255.586	255.586
475	8	0	-3.262180	-49.025587	-0.001178	1712	1388	256.086	256.086	256.086
476	8	0	-2.762180	-49.026176	-0.001178	1722	1388	256.586	256.586	256.586
477	8	0	-2.262180	-49.026765	-0.001178	1732	1388	257.086	257.086	257.086
478	8	0	-1.762181	-49.027354	-0.001178	1742	1388	257.586	257.586	257.586
479	8	0	-1.262181	-49.027943	-0.001178	1752	1388	258.086	258.086	258.086
480	8	0	-0.762181	-49.028531	-0.001178	1762	1388	258.586	258.586	258.586
481	8	0	-0.502947	-49.028837	-0.001178	1767	1388	258.846	258.846	258.846
