========================================
覆盖路径点统计信息
========================================
总路径点数: 1360

总路径距离: 751.548 米

----------------------------------------
按房间统计
----------------------------------------
房间 7: 1360 个点, 距离: 751.548 米

----------------------------------------
按房间+Segment统计
----------------------------------------
房间 7, Segment 0: 1360 个点, 距离: 751.548 米

----------------------------------------
详细路径点信息
----------------------------------------
ID	Room	Segment	X(m)	Y(m)	Yaw(rad)	U(px)	V(px)	Acc_Dist	Room_Dist	Seg_Dist
0	7	0	1.608776	-50.355571	-0.734161	1809	1415	0.000	0.000	0.000
1	7	0	1.979972	-50.690553	-0.734161	1817	1421	0.500	0.500	0.500
2	7	0	2.351169	-51.025536	-0.734161	1824	1428	1.000	1.000	1.000
3	7	0	2.722366	-51.360518	-0.734161	1832	1435	1.500	1.500	1.500
4	7	0	3.093562	-51.695500	-0.734161	1839	1442	2.000	2.000	2.000
5	7	0	3.464759	-52.030483	-0.734161	1847	1448	2.500	2.500	2.500
6	7	0	3.835955	-52.365465	-0.734161	1854	1455	3.000	3.000	3.000
7	7	0	4.207152	-52.700447	-0.716032	1861	1462	3.500	3.500	3.500
8	7	0	4.873745	-53.268416	-0.702855	1875	1473	4.376	4.376	4.376
9	7	0	5.256840	-53.589722	-0.697903	1882	1479	4.876	4.876	4.876
10	7	0	5.639936	-53.911028	-0.697903	1890	1486	5.376	5.376	5.376
11	7	0	6.023032	-54.232334	-0.697903	1898	1492	5.876	5.876	5.876
12	7	0	6.406128	-54.553640	-0.548709	1905	1499	6.376	6.376	6.376
13	7	0	6.890202	-54.762462	-0.403493	1915	1503	6.903	6.903	6.903
14	7	0	7.350826	-54.956948	-0.399515	1924	1507	7.403	7.403	7.403
15	7	0	7.811451	-55.151434	-0.399515	1933	1511	7.903	7.903	7.903
16	7	0	8.272076	-55.345920	-0.399515	1943	1515	8.403	8.403	8.403
17	7	0	8.732701	-55.540406	-0.399515	1952	1518	8.903	8.903	8.903
18	7	0	9.193325	-55.734892	-0.353281	1961	1522	9.403	9.403	9.403
19	7	0	10.134769	-56.057419	-0.322362	1980	1529	10.398	10.398	10.398
20	7	0	10.611384	-56.208541	-0.307046	1989	1532	10.898	10.898	10.898
21	7	0	11.087999	-56.359663	-0.307046	1999	1535	11.398	11.398	11.398
22	7	0	11.564615	-56.510785	-0.307046	2009	1538	11.898	11.898	11.898
23	7	0	12.041230	-56.661907	-0.187951	2018	1541	12.398	12.398	12.398
24	7	0	12.782426	-56.742408	-0.092398	2033	1542	13.144	13.144	13.144
25	7	0	13.281242	-56.776809	-0.068856	2043	1543	13.644	13.644	13.644
26	7	0	13.780057	-56.811210	-0.068856	2053	1544	14.144	14.144	14.144
27	7	0	14.278872	-56.845611	-0.068856	2063	1545	14.644	14.644	14.644
28	7	0	14.777687	-56.880012	-0.068856	2073	1545	15.144	15.144	15.144
29	7	0	15.276502	-56.914413	-0.068856	2083	1546	15.644	15.644	15.644
30	7	0	15.775317	-56.948814	-0.767413	2093	1547	16.144	16.144	16.144
31	7	0	18.389438	-57.085282	0.000000	2145	1549	18.761	18.761	18.761
32	7	0	18.889438	-57.036062	0.000000	2155	1548	19.264	19.264	19.264
33	7	0	19.389438	-57.036062	-0.021916	2165	1548	19.764	19.764	19.764
34	7	0	20.782783	-57.053132	-0.033437	2193	1549	21.157	21.157	21.157
35	7	0	21.282303	-57.075041	-0.043832	2203	1549	21.657	21.657	21.657
36	7	0	21.781822	-57.096950	-0.043832	2213	1550	22.157	22.157	22.157
37	7	0	22.281342	-57.118858	-0.043832	2223	1550	22.657	22.657	22.657
38	7	0	22.780862	-57.140767	-0.043832	2233	1550	23.157	23.157	23.157
39	7	0	23.280382	-57.162676	-0.043832	2243	1551	23.657	23.657	23.657
40	7	0	23.779901	-57.184585	-0.043832	2253	1551	24.157	24.157	24.157
41	7	0	24.279421	-57.206493	0.005085	2263	1552	24.657	24.657	24.657
42	7	0	25.346577	-57.201270	0.036449	2284	1552	25.724	25.724	25.724
43	7	0	25.845848	-57.174282	0.054002	2294	1551	26.224	26.224	26.224
44	7	0	26.345119	-57.147295	0.054002	2304	1551	26.724	26.724	26.724
45	7	0	26.844391	-57.120307	0.054002	2314	1550	27.224	27.224	27.224
46	7	0	27.343662	-57.093319	0.182774	2324	1549	27.724	27.724	27.724
47	7	0	28.238104	-56.945754	0.264278	2342	1547	28.631	28.631	28.631
48	7	0	28.673018	-56.776082	0.311547	2351	1543	29.098	29.098	29.098
49	7	0	29.181761	-56.573596	0.311547	2361	1539	29.645	29.645	29.645
50	7	0	29.682302	-56.305483	0.540343	2371	1534	30.213	30.213	30.213
51	7	0	30.505028	-55.876570	0.689003	2387	1525	31.141	31.141	31.141
52	7	0	30.864283	-55.528812	0.769139	2395	1518	31.641	31.641	31.641
53	7	0	31.264555	-55.197460	0.769139	2403	1512	32.161	32.161	32.161
54	7	0	31.623809	-54.849701	0.769139	2410	1505	32.661	32.661	32.661
55	7	0	31.983064	-54.501943	0.769139	2417	1498	33.161	33.161	33.161
56	7	0	32.342319	-54.154184	0.769139	2424	1491	33.661	33.661	33.661
57	7	0	32.635947	-53.765409	0.769139	2430	1483	34.148	34.148	34.148
58	7	0	32.995201	-53.417650	0.769139	2437	1476	34.648	34.648	34.648
59	7	0	33.280626	-53.004265	0.769139	2443	1468	35.150	35.150	35.150
60	7	0	33.713711	-52.722133	0.769139	2452	1462	35.667	35.667	35.667
61	7	0	34.072965	-52.374374	0.769139	2459	1455	36.167	36.167	36.167
62	7	0	34.432220	-52.026616	0.769139	2466	1448	36.667	36.667	36.667
63	7	0	34.791475	-51.678857	0.778408	2473	1441	37.167	37.167	37.167
64	7	0	35.830760	-50.753226	0.783359	2494	1423	38.559	38.559	38.559
65	7	0	36.183508	-50.398868	0.787676	2501	1416	39.059	39.059	39.059
66	7	0	36.536255	-50.044510	0.787676	2508	1409	39.559	39.559	39.559
67	7	0	36.889002	-49.690152	0.787676	2515	1401	40.059	40.059	40.059
68	7	0	37.241749	-49.335794	0.787676	2522	1394	40.559	40.559	40.559
69	7	0	37.594496	-48.981436	0.787676	2529	1387	41.059	41.059	41.059
70	7	0	37.947243	-48.627079	0.787676	2536	1380	41.559	41.559	41.559
71	7	0	38.299990	-48.272721	0.787676	2543	1373	42.059	42.059	42.059
72	7	0	38.652737	-47.918363	0.787676	2550	1366	42.559	42.559	42.559
73	7	0	39.005485	-47.564005	0.787676	2557	1359	43.059	43.059	43.059
74	7	0	39.417472	-47.245191	0.787676	2566	1353	43.580	43.580	43.580
75	7	0	39.770219	-46.890833	0.787676	2573	1345	44.080	44.080	44.080
76	7	0	40.122966	-46.536476	0.787676	2580	1338	44.580	44.580	44.580
77	7	0	40.475713	-46.182118	0.787676	2587	1331	45.080	45.080	45.080
78	7	0	40.828460	-45.827760	0.787676	2594	1324	45.580	45.580	45.580
79	7	0	41.181207	-45.473402	0.787676	2601	1317	46.080	46.080	46.080
80	7	0	41.533954	-45.119044	0.787676	2608	1310	46.580	46.580	46.580
81	7	0	41.886701	-44.764686	0.787676	2615	1303	47.080	47.080	47.080
82	7	0	42.239448	-44.410329	0.787676	2622	1296	47.580	47.580	47.580
83	7	0	42.592196	-44.055971	0.787676	2629	1289	48.080	48.080	48.080
84	7	0	42.944943	-43.701613	0.787676	2636	1282	48.580	48.580	48.580
85	7	0	43.297690	-43.347255	0.787676	2643	1275	49.080	49.080	49.080
86	7	0	43.650437	-42.992897	0.787676	2650	1267	49.580	49.580	49.580
87	7	0	44.003184	-42.638539	0.787676	2657	1260	50.080	50.080	50.080
88	7	0	44.355931	-42.284182	0.787676	2664	1253	50.580	50.580	50.580
89	7	0	44.708678	-41.929824	0.787676	2671	1246	51.080	51.080	51.080
90	7	0	45.061425	-41.575466	0.787676	2678	1239	51.580	51.580	51.580
91	7	0	45.414172	-41.221108	0.787676	2686	1232	52.080	52.080	52.080
92	7	0	45.766920	-40.866750	0.787676	2693	1225	52.580	52.580	52.580
93	7	0	46.119667	-40.512392	0.787676	2700	1218	53.080	53.080	53.080
94	7	0	46.472414	-40.158035	0.787676	2707	1211	53.580	53.580	53.580
95	7	0	46.825161	-39.803677	0.787676	2714	1204	54.080	54.080	54.080
96	7	0	47.059428	-39.366383	0.787676	2718	1195	54.576	54.576	54.576
97	7	0	47.412175	-39.012025	0.787676	2725	1188	55.076	55.076	55.076
98	7	0	47.764922	-38.657667	0.787676	2733	1181	55.576	55.576	55.576
99	7	0	48.117670	-38.303310	0.787676	2740	1174	56.076	56.076	56.076
100	7	0	48.470417	-37.948952	0.787676	2747	1167	56.576	56.576	56.576
101	7	0	48.917948	-37.641986	0.787676	2756	1160	57.118	57.118	57.118
102	7	0	49.270695	-37.287628	0.787676	2763	1153	57.618	57.618	57.618
103	7	0	49.623442	-36.933270	0.787676	2770	1146	58.118	58.118	58.118
104	7	0	49.976189	-36.578912	0.787676	2777	1139	58.618	58.618	58.618
105	7	0	50.328936	-36.224554	0.787676	2784	1132	59.118	59.118	59.118
106	7	0	50.681683	-35.870197	0.787676	2791	1125	59.618	59.618	59.618
107	7	0	51.034430	-35.515839	0.787676	2798	1118	60.118	60.118	60.118
108	7	0	51.387177	-35.161481	0.787676	2805	1111	60.618	60.618	60.618
109	7	0	51.739925	-34.807123	0.787676	2812	1104	61.118	61.118	61.118
110	7	0	52.092672	-34.452765	0.787676	2819	1097	61.618	61.618	61.618
111	7	0	52.445419	-34.098408	0.787676	2826	1090	62.118	62.118	62.118
112	7	0	52.798166	-33.744050	0.787676	2833	1082	62.618	62.618	62.618
113	7	0	53.304937	-33.152732	0.584091	2843	1071	63.397	63.397	63.397
114	7	0	54.044665	-32.813843	0.456775	2858	1064	64.211	64.211	64.211
115	7	0	55.695336	-31.220524	0.318915	2891	1032	66.505	66.505	66.505
116	7	0	57.028309	-29.814588	0.318915	2917	1003	68.442	68.442	68.442
117	7	0	59.346450	-27.433369	0.318915	2964	956	71.766	71.766	71.766
118	7	0	62.043063	-24.626368	0.318915	3018	900	75.658	75.658	75.658
119	7	0	64.771215	-21.803598	0.318915	3072	843	79.584	79.584	79.584
120	7	0	66.521648	-20.478946	0.318915	3107	817	81.779	81.779	81.779
121	7	0	69.612502	-19.438148	0.318915	3169	796	85.040	85.040	85.040
122	7	0	75.610359	-17.804537	1.423718	3289	764	91.257	91.257	91.257
123	7	0	75.683633	-17.309936	1.423718	3291	754	91.757	91.757	91.757
124	7	0	75.723640	-17.039889	1.423718	3292	748	92.030	92.030	92.030
125	7	0	76.346686	-16.530124	0.515549	3304	738	92.835	92.835	92.835
126	7	0	76.781698	-16.283618	1.470326	3313	733	93.335	93.335	93.335
127	7	0	76.513172	-14.878633	1.953233	3308	705	94.765	94.765	94.765
128	7	0	76.102076	-14.594028	2.385809	3299	699	95.265	95.265	95.265
129	7	0	75.676519	-14.090123	2.256349	3291	689	95.925	95.925	95.925
130	7	0	75.368078	-13.696595	2.130909	3285	682	96.425	96.425	96.425
131	7	0	74.883987	-12.826332	2.060990	3275	664	97.421	97.421	97.421
132	7	0	74.664053	-12.377300	2.026247	3271	655	97.921	97.921	97.921
133	7	0	74.444119	-11.928269	2.026247	3266	646	98.421	98.421	98.421
134	7	0	74.224186	-11.479238	2.026247	3262	637	98.921	98.921	98.921
135	7	0	74.004252	-11.030206	2.026247	3257	628	99.421	99.421	99.421
136	7	0	73.510999	-10.750888	2.026247	3247	623	99.987	99.987	99.987
137	7	0	68.693153	-10.508527	-2.629464	3151	618	104.811	104.811	104.811
138	7	0	67.861724	-10.741422	3.133483	3134	622	105.675	105.675	105.675
139	7	0	67.361740	-10.737367	3.133483	3124	622	106.175	106.175	106.175
140	7	0	66.861756	-10.733312	3.133483	3114	622	106.675	106.675	106.675
141	7	0	66.361773	-10.729257	3.133483	3104	622	107.175	107.175	107.175
142	7	0	65.861789	-10.725202	3.133483	3094	622	107.675	107.675	107.675
143	7	0	65.361806	-10.721147	3.133483	3084	622	108.175	108.175	108.175
144	7	0	64.861822	-10.717092	3.133483	3074	622	108.675	108.675	108.675
145	7	0	64.361839	-10.713037	3.133483	3064	622	109.175	109.175	109.175
146	7	0	63.861855	-10.708982	3.133483	3054	622	109.675	109.675	109.675
147	7	0	63.361872	-10.704927	3.133483	3044	622	110.175	110.175	110.175
148	7	0	62.861888	-10.700871	3.133483	3034	622	110.675	110.675	110.675
149	7	0	62.361904	-10.696816	3.133483	3024	622	111.175	111.175	111.175
150	7	0	61.861921	-10.692761	3.133483	3014	621	111.675	111.675	111.675
151	7	0	61.327639	-10.776164	3.133483	3004	623	112.215	112.215	112.215
152	7	0	60.827655	-10.772109	3.133483	2994	623	112.715	112.715	112.715
153	7	0	60.327671	-10.768054	3.133483	2984	623	113.215	113.215	113.215
154	7	0	59.827688	-10.763999	3.133483	2974	623	113.715	113.715	113.715
155	7	0	59.327704	-10.759944	3.133483	2964	623	114.215	114.215	114.215
156	7	0	58.827721	-10.755889	3.133483	2954	623	114.715	114.715	114.715
157	7	0	58.327737	-10.751834	3.133483	2944	623	115.215	115.215	115.215
158	7	0	57.827754	-10.747779	3.133483	2934	623	115.715	115.715	115.715
159	7	0	57.327770	-10.743724	3.133483	2924	622	116.215	116.215	116.215
160	7	0	56.827787	-10.739669	3.133483	2914	622	116.715	116.715	116.715
161	7	0	56.327803	-10.735614	3.133483	2904	622	117.215	117.215	117.215
162	7	0	55.827819	-10.731559	3.133483	2894	622	117.715	117.715	117.715
163	7	0	55.327836	-10.727504	3.133483	2884	622	118.215	118.215	118.215
164	7	0	54.827852	-10.723449	3.133483	2874	622	118.715	118.715	118.715
165	7	0	54.327869	-10.719394	3.133483	2864	622	119.215	119.215	119.215
166	7	0	53.827885	-10.715338	3.133483	2854	622	119.715	119.715	119.715
167	7	0	53.327902	-10.711283	3.133483	2844	622	120.215	120.215	120.215
168	7	0	52.827918	-10.707228	3.133483	2834	622	120.715	120.715	120.715
169	7	0	52.327935	-10.703173	3.133483	2824	622	121.215	121.215	121.215
170	7	0	51.827951	-10.699118	3.133483	2814	622	121.715	121.715	121.715
171	7	0	51.327967	-10.695063	3.133483	2804	622	122.215	122.215	122.215
172	7	0	50.827984	-10.691008	3.133483	2794	621	122.715	122.715	122.715
173	7	0	50.328000	-10.686953	3.133483	2784	621	123.215	123.215	123.215
174	7	0	49.828017	-10.682898	3.133483	2774	621	123.715	123.715	123.715
175	7	0	49.328033	-10.678843	3.133483	2764	621	124.215	124.215	124.215
176	7	0	48.828050	-10.674788	3.133483	2754	621	124.715	124.715	124.715
177	7	0	48.328066	-10.670733	3.133483	2744	621	125.215	125.215	125.215
178	7	0	47.828083	-10.666678	3.133483	2734	621	125.715	125.715	125.715
179	7	0	47.328099	-10.662623	3.133483	2724	621	126.215	126.215	126.215
180	7	0	46.828115	-10.658568	3.133483	2714	621	126.715	126.715	126.715
181	7	0	46.328132	-10.654513	3.133483	2704	621	127.215	127.215	127.215
182	7	0	45.828148	-10.650458	3.133483	2694	621	127.715	127.715	127.715
183	7	0	45.328165	-10.646403	3.133483	2684	621	128.215	128.215	128.215
184	7	0	44.828181	-10.642348	3.133483	2674	620	128.715	128.715	128.715
185	7	0	44.328198	-10.638293	3.133483	2664	620	129.215	129.215	129.215
186	7	0	43.828214	-10.634238	3.133483	2654	620	129.715	129.715	129.715
187	7	0	43.328230	-10.630183	3.133483	2644	620	130.215	130.215	130.215
188	7	0	42.828247	-10.626128	3.133483	2634	620	130.715	130.715	130.715
189	7	0	42.328263	-10.622073	3.133483	2624	620	131.215	131.215	131.215
190	7	0	41.777485	-10.592621	3.133483	2613	619	131.767	131.767	131.767
191	7	0	41.277502	-10.588566	3.133483	2603	619	132.267	132.267	132.267
192	7	0	40.777518	-10.584511	3.133483	2593	619	132.767	132.767	132.767
193	7	0	40.277535	-10.580456	3.133483	2583	619	133.267	133.267	133.267
194	7	0	39.777551	-10.576401	3.133483	2573	619	133.767	133.767	133.767
195	7	0	39.277568	-10.572346	3.133483	2563	619	134.267	134.267	134.267
196	7	0	38.777584	-10.568291	3.133483	2553	619	134.767	134.767	134.767
197	7	0	38.277601	-10.564236	3.133483	2543	619	135.267	135.267	135.267
198	7	0	37.777617	-10.560181	3.133483	2533	619	135.767	135.767	135.767
199	7	0	37.277633	-10.556126	3.133483	2523	619	136.267	136.267	136.267
200	7	0	36.777650	-10.552071	3.133483	2513	619	136.767	136.767	136.767
201	7	0	36.277666	-10.548016	3.133483	2503	619	137.267	137.267	137.267
202	7	0	35.777683	-10.543961	3.133483	2493	618	137.767	137.767	137.767
203	7	0	35.277699	-10.539906	3.133483	2483	618	138.267	138.267	138.267
204	7	0	34.777716	-10.535851	3.133483	2473	618	138.767	138.767	138.767
205	7	0	34.277732	-10.531796	3.133483	2463	618	139.267	139.267	139.267
206	7	0	33.777749	-10.527741	3.133483	2453	618	139.767	139.767	139.767
207	7	0	33.277765	-10.523686	3.133483	2443	618	140.267	140.267	140.267
208	7	0	32.777781	-10.519631	3.133483	2433	618	140.767	140.767	140.767
209	7	0	32.277798	-10.515576	3.133483	2423	618	141.267	141.267	141.267
210	7	0	31.777814	-10.511521	3.133483	2413	618	141.767	141.767	141.767
211	7	0	31.277831	-10.507466	3.133483	2403	618	142.267	142.267	142.267
212	7	0	30.777847	-10.503411	3.133483	2393	618	142.767	142.767	142.767
213	7	0	30.277864	-10.499355	3.133483	2383	618	143.267	143.267	143.267
214	7	0	29.777880	-10.495300	3.133483	2373	618	143.767	143.767	143.767
215	7	0	29.277897	-10.491245	3.133483	2363	617	144.267	144.267	144.267
216	7	0	28.777913	-10.487190	3.133483	2353	617	144.767	144.767	144.767
217	7	0	28.277929	-10.483135	3.133483	2343	617	145.267	145.267	145.267
218	7	0	27.777946	-10.479080	3.133483	2333	617	145.767	145.767	145.767
219	7	0	27.277962	-10.475025	3.133483	2323	617	146.267	146.267	146.267
220	7	0	26.777979	-10.470970	3.133483	2313	617	146.767	146.767	146.767
221	7	0	26.277995	-10.466915	3.133483	2303	617	147.267	147.267	147.267
222	7	0	25.778012	-10.462860	3.133483	2293	617	147.767	147.767	147.767
223	7	0	25.278028	-10.458805	3.133483	2283	617	148.267	148.267	148.267
224	7	0	24.778044	-10.454750	3.133483	2273	617	148.767	148.767	148.767
225	7	0	24.278061	-10.450695	3.133483	2263	617	149.267	149.267	149.267
226	7	0	23.778077	-10.446640	3.133483	2253	617	149.767	149.767	149.767
227	7	0	23.278094	-10.442585	3.133483	2243	616	150.267	150.267	150.267
228	7	0	22.778110	-10.438530	3.133483	2233	616	150.767	150.767	150.767
229	7	0	22.278127	-10.434475	3.133483	2223	616	151.267	151.267	151.267
230	7	0	21.778143	-10.430420	3.133483	2213	616	151.767	151.767	151.767
231	7	0	21.278160	-10.426365	3.133483	2203	616	152.267	152.267	152.267
232	7	0	20.778176	-10.422310	3.133483	2193	616	152.767	152.767	152.767
233	7	0	20.278192	-10.418255	3.133483	2183	616	153.267	153.267	153.267
234	7	0	19.778209	-10.414200	3.133483	2173	616	153.767	153.767	153.767
235	7	0	19.278225	-10.410145	3.133483	2163	616	154.267	154.267	154.267
236	7	0	18.778242	-10.406090	3.133483	2153	616	154.767	154.767	154.767
237	7	0	18.278258	-10.402035	3.133483	2143	616	155.267	155.267	155.267
238	7	0	17.778275	-10.397980	3.133483	2133	616	155.767	155.767	155.767
239	7	0	17.278291	-10.393925	3.133483	2123	615	156.267	156.267	156.267
240	7	0	16.778308	-10.389870	3.133483	2113	615	156.767	156.767	156.767
241	7	0	16.278324	-10.385815	3.133483	2103	615	157.267	157.267	157.267
242	7	0	15.778340	-10.381760	3.133483	2093	615	157.767	157.767	157.767
243	7	0	15.278357	-10.377705	3.133483	2083	615	158.267	158.267	158.267
244	7	0	14.778373	-10.373650	3.133483	2073	615	158.767	158.767	158.767
245	7	0	14.278390	-10.369595	3.133483	2063	615	159.267	159.267	159.267
246	7	0	13.778406	-10.365540	3.133483	2053	615	159.767	159.767	159.767
247	7	0	13.278423	-10.361485	3.133483	2043	615	160.267	160.267	160.267
248	7	0	12.778439	-10.357430	3.133483	2033	615	160.767	160.767	160.767
249	7	0	12.278456	-10.353375	3.133483	2023	615	161.267	161.267	161.267
250	7	0	11.778472	-10.349320	3.133483	2013	615	161.767	161.767	161.767
251	7	0	11.278488	-10.345265	3.133483	2003	615	162.267	162.267	162.267
252	7	0	10.778505	-10.341210	3.133483	1993	614	162.767	162.767	162.767
253	7	0	10.278521	-10.337155	3.133483	1983	614	163.267	163.267	163.267
254	7	0	9.778538	-10.333100	3.133483	1973	614	163.767	163.767	163.767
255	7	0	9.278554	-10.329045	3.133483	1963	614	164.267	164.267	164.267
256	7	0	8.778571	-10.324990	3.133483	1953	614	164.767	164.767	164.767
257	7	0	8.278587	-10.320935	3.133483	1943	614	165.267	165.267	165.267
258	7	0	7.778604	-10.316880	3.133483	1933	614	165.767	165.767	165.767
259	7	0	7.278620	-10.312825	3.133483	1923	614	166.267	166.267	166.267
260	7	0	6.778636	-10.308770	3.133483	1913	614	166.767	166.767	166.767
261	7	0	6.278653	-10.304715	3.133483	1903	614	167.267	167.267	167.267
262	7	0	5.915637	-10.301771	3.133483	1896	614	167.630	167.630	167.630
263	7	0	5.213242	-10.251599	-3.127308	1882	613	168.334	168.334	168.334
264	7	0	4.713293	-10.258742	-3.127308	1872	613	168.834	168.834	168.834
265	7	0	4.213344	-10.265884	-3.127308	1862	613	169.334	169.334	169.334
266	7	0	3.713395	-10.273026	-3.127308	1852	613	169.834	169.834	169.834
267	7	0	3.213446	-10.280168	-3.127308	1842	613	170.334	170.334	170.334
268	7	0	2.713497	-10.287310	-3.127308	1832	613	170.834	170.834	170.834
269	7	0	2.213548	-10.294452	-3.127308	1822	614	171.334	171.334	171.334
270	7	0	1.713599	-10.301594	-3.127308	1812	614	171.834	171.834	171.834
271	7	0	1.213650	-10.308736	-3.127308	1802	614	172.334	172.334	172.334
272	7	0	0.713701	-10.315879	-3.127308	1792	614	172.834	172.834	172.834
273	7	0	0.213752	-10.323021	-3.127308	1782	614	173.334	173.334	173.334
274	7	0	-0.286197	-10.330163	-3.127308	1772	614	173.834	173.834	173.834
275	7	0	-0.786146	-10.337305	-3.127308	1762	614	174.334	174.334	174.334
276	7	0	-1.286095	-10.344447	-3.127308	1752	615	174.834	174.834	174.834
277	7	0	-1.786044	-10.351589	-3.127308	1742	615	175.334	175.334	175.334
278	7	0	-2.285993	-10.358731	-3.127308	1732	615	175.834	175.834	175.834
279	7	0	-2.785942	-10.365873	-3.127308	1722	615	176.334	176.334	176.334
280	7	0	-3.285891	-10.373016	-3.127308	1712	615	176.834	176.834	176.834
281	7	0	-3.785840	-10.380158	-3.127308	1702	615	177.334	177.334	177.334
282	7	0	-4.285789	-10.387300	-3.127308	1692	615	177.834	177.834	177.834
283	7	0	-4.506369	-10.292853	-3.127308	1687	613	178.074	178.074	178.074
284	7	0	-4.777566	-10.605290	-3.127308	1682	620	178.488	178.488	178.488
285	7	0	-4.804209	-11.153433	-1.563787	1681	631	179.037	179.037	179.037
286	7	0	-4.800705	-11.653421	-1.563787	1681	641	179.537	179.537	179.537
287	7	0	-4.797200	-12.153408	-1.563787	1681	651	180.037	180.037	180.037
288	7	0	-4.793696	-12.653396	-1.563787	1681	661	180.537	180.537	180.537
289	7	0	-4.790191	-13.153384	-1.563787	1681	671	181.037	181.037	181.037
290	7	0	-4.786686	-13.653372	-1.563787	1682	681	181.537	181.537	181.537
291	7	0	-4.783182	-14.153359	-1.563787	1682	691	182.037	182.037	182.037
292	7	0	-4.779677	-14.653347	-1.563787	1682	701	182.537	182.537	182.537
293	7	0	-4.776173	-15.153335	-1.563787	1682	711	183.037	183.037	183.037
294	7	0	-4.772668	-15.653322	-1.563787	1682	721	183.537	183.537	183.537
295	7	0	-4.769163	-16.153310	-1.563787	1682	731	184.037	184.037	184.037
296	7	0	-4.765659	-16.653298	-1.563787	1682	741	184.537	184.537	184.537
297	7	0	-4.762154	-17.153286	-1.563787	1682	751	185.037	185.037	185.037
298	7	0	-4.758650	-17.653273	-1.563787	1682	761	185.537	185.537	185.537
299	7	0	-4.755145	-18.153261	-1.563787	1682	771	186.037	186.037	186.037
300	7	0	-4.751641	-18.653249	-1.563787	1682	781	186.537	186.537	186.537
301	7	0	-4.748136	-19.153237	-1.563787	1682	791	187.037	187.037	187.037
302	7	0	-4.744631	-19.653224	-1.563787	1682	801	187.537	187.537	187.537
303	7	0	-4.741127	-20.153212	-1.563787	1682	811	188.037	188.037	188.037
304	7	0	-4.737622	-20.653200	-1.563787	1682	821	188.537	188.537	188.537
305	7	0	-4.734118	-21.153187	-1.563787	1683	831	189.037	189.037	189.037
306	7	0	-4.730613	-21.653175	-1.563787	1683	841	189.537	189.537	189.537
307	7	0	-4.727108	-22.153163	-1.563787	1683	851	190.037	190.037	190.037
308	7	0	-4.723604	-22.653151	-1.563787	1683	861	190.537	190.537	190.537
309	7	0	-4.720099	-23.153138	-1.563787	1683	871	191.037	191.037	191.037
310	7	0	-4.716595	-23.653126	-1.563787	1683	881	191.537	191.537	191.537
311	7	0	-4.713090	-24.153114	-1.563787	1683	891	192.037	192.037	192.037
312	7	0	-4.709585	-24.653101	-1.563787	1683	901	192.537	192.537	192.537
313	7	0	-4.706081	-25.153089	-1.563787	1683	911	193.037	193.037	193.037
314	7	0	-4.702576	-25.653077	-1.563787	1683	921	193.537	193.537	193.537
315	7	0	-4.699072	-26.153065	-1.563787	1683	931	194.037	194.037	194.037
316	7	0	-4.695567	-26.653052	-1.563787	1683	941	194.537	194.537	194.537
317	7	0	-4.692063	-27.153040	-1.563787	1683	951	195.037	195.037	195.037
318	7	0	-4.688558	-27.653028	-1.563787	1683	961	195.537	195.537	195.537
319	7	0	-4.685053	-28.153015	-1.563787	1684	971	196.037	196.037	196.037
320	7	0	-4.681549	-28.653003	-1.563787	1684	981	196.537	196.537	196.537
321	7	0	-4.678044	-29.152991	-1.563787	1684	991	197.037	197.037	197.037
322	7	0	-4.674540	-29.652979	-1.563787	1684	1001	197.537	197.537	197.537
323	7	0	-4.704861	-30.173956	-1.563787	1683	1011	198.059	198.059	198.059
324	7	0	-4.701356	-30.673943	-1.563787	1683	1021	198.559	198.559	198.559
325	7	0	-4.697852	-31.173931	-1.563787	1683	1031	199.059	199.059	199.059
326	7	0	-4.694347	-31.673919	-1.563787	1683	1041	199.559	199.559	199.559
327	7	0	-4.690843	-32.173907	-1.563787	1683	1051	200.059	200.059	200.059
328	7	0	-4.687522	-32.647663	-1.563787	1684	1061	200.532	200.532	200.532
329	7	0	-4.662614	-33.744967	-1.421906	1684	1083	201.630	201.630	201.630
330	7	0	-4.854590	-34.499075	-1.421906	1680	1098	202.408	202.408	202.408
331	7	0	-4.857656	-35.136302	-1.421906	1680	1110	203.045	203.045	203.045
332	7	0	-4.865289	-35.678058	-1.681454	1680	1121	203.587	203.587	203.587
333	7	0	-4.668632	-36.133021	-1.681454	1684	1130	204.083	204.083	204.083
334	7	0	-4.639890	-36.608973	-1.443251	1684	1140	204.560	204.560	204.560
335	7	0	-4.576741	-37.298599	-1.251812	1686	1154	205.252	205.252	205.252
336	7	0	-4.586823	-37.702559	-1.205049	1686	1162	205.656	205.656	205.656
337	7	0	-4.407999	-38.169487	-1.205049	1689	1171	206.156	206.156	206.156
338	7	0	-4.229175	-38.636415	-1.205049	1693	1180	206.656	206.656	206.656
339	7	0	-4.050352	-39.103344	-1.205049	1696	1190	207.156	207.156	207.156
340	7	0	-3.871528	-39.570272	-1.205049	1700	1199	207.656	207.656	207.656
341	7	0	-3.692705	-40.037201	-1.205049	1703	1208	208.156	208.156	208.156
342	7	0	-3.513881	-40.504129	-1.205049	1707	1218	208.656	208.656	208.656
343	7	0	-3.335057	-40.971057	-1.205049	1711	1227	209.156	209.156	209.156
344	7	0	-3.156234	-41.437986	-1.205049	1714	1236	209.656	209.656	209.656
345	7	0	-2.977410	-41.904914	-1.205049	1718	1246	210.156	210.156	210.156
346	7	0	-2.798586	-42.371842	-1.150075	1721	1255	210.656	210.656	210.656
347	7	0	-2.460264	-43.060707	-1.106708	1728	1269	211.424	211.424	211.424
348	7	0	-2.231286	-43.505194	-1.095101	1733	1278	211.924	211.924	211.924
349	7	0	-2.002308	-43.949682	-1.095101	1737	1287	212.424	212.424	212.424
350	7	0	-1.773329	-44.394169	-1.095101	1742	1295	212.924	212.924	212.924
351	7	0	-1.544351	-44.838656	-1.095101	1746	1304	213.424	213.424	213.424
352	7	0	-1.315373	-45.283144	-1.095101	1751	1313	213.924	213.924	213.924
353	7	0	-1.086395	-45.727631	-1.095101	1756	1322	214.424	214.424	214.424
354	7	0	-0.857416	-46.172118	-1.095101	1760	1331	214.924	214.924	214.924
355	7	0	-0.628438	-46.616605	-1.095101	1765	1340	215.424	215.424	215.424
356	7	0	-0.399460	-47.061093	-1.095101	1769	1349	215.924	215.924	215.924
357	7	0	-0.170481	-47.505580	-1.095101	1774	1358	216.424	216.424	216.424
358	7	0	0.058497	-47.950067	-1.095101	1778	1367	216.924	216.924	216.924
359	7	0	0.068896	-47.970253	-1.095101	1779	1367	216.946	216.946	216.946
360	7	0	0.313676	-48.534903	3.101614	1784	1378	217.562	217.562	217.562
361	7	0	0.699292	-49.147527	-0.768164	1791	1391	218.286	218.286	218.286
362	7	0	1.148441	-49.663659	-0.572067	1800	1401	218.970	218.970	218.970
363	7	0	2.182772	-50.359999	-0.468263	1821	1415	220.217	220.217	220.217
364	7	0	2.987505	-50.944191	-0.680521	1837	1426	221.211	221.211	221.211
365	7	0	3.376128	-51.258790	-0.680521	1845	1433	221.711	221.711	221.711
366	7	0	3.764750	-51.573389	-0.680521	1853	1439	222.211	222.211	222.211
367	7	0	4.153372	-51.887988	-0.680521	1860	1445	222.711	222.711	222.711
368	7	0	4.541995	-52.202587	-0.680521	1868	1452	223.211	223.211	223.211
369	7	0	4.930617	-52.517186	-0.680521	1876	1458	223.711	223.711	223.711
370	7	0	5.319240	-52.831786	-0.680521	1884	1464	224.211	224.211	224.211
371	7	0	5.707862	-53.146385	-0.613655	1891	1471	224.711	224.711	224.711
372	7	0	6.311927	-53.531008	-0.558682	1903	1478	225.427	225.427	225.427
373	7	0	6.739026	-53.790981	-0.546789	1912	1483	225.927	225.927	225.927
374	7	0	7.166125	-54.050955	-0.546789	1921	1489	226.427	226.427	226.427
375	7	0	7.593225	-54.310928	-0.546789	1929	1494	226.927	226.927	226.927
376	7	0	8.020324	-54.570902	-0.546789	1938	1499	227.427	227.427	227.427
377	7	0	8.447423	-54.830875	-0.431537	1946	1504	227.927	227.927	227.927
378	7	0	9.802580	-55.391601	-0.372997	1973	1515	229.394	229.394	229.394
379	7	0	10.277779	-55.547120	-0.316286	1983	1519	229.894	229.894	229.894
380	7	0	10.752978	-55.702640	-0.316286	1992	1522	230.394	230.394	230.394
381	7	0	11.228176	-55.858160	-0.316286	2002	1525	230.894	230.894	230.894
382	7	0	11.703375	-56.013679	-0.316286	2011	1528	231.394	231.394	231.394
383	7	0	12.178573	-56.169199	-0.189352	2021	1531	231.894	231.894	231.894
384	7	0	13.411862	-56.341108	-0.116708	2045	1534	233.139	233.139	233.139
385	7	0	13.910888	-56.372297	-0.062419	2055	1535	233.639	233.639	233.639
386	7	0	14.409915	-56.403486	-0.062419	2065	1536	234.139	234.139	234.139
387	7	0	14.908941	-56.434675	-0.062419	2075	1536	234.639	234.639	234.639
388	7	0	15.407967	-56.465865	-0.031209	2085	1537	235.139	235.139	235.139
389	7	0	16.576800	-56.486745	-0.012511	2109	1537	236.308	236.308	236.308
390	7	0	17.076800	-56.486745	0.000000	2119	1537	236.808	236.808	236.808
391	7	0	17.576800	-56.486745	0.000000	2129	1537	237.308	237.308	237.308
392	7	0	18.076800	-56.486745	0.000000	2139	1537	237.808	237.808	237.808
393	7	0	18.576800	-56.486745	0.000000	2149	1537	238.308	238.308	238.308
394	7	0	19.076800	-56.486745	0.000000	2159	1537	238.808	238.808	238.808
395	7	0	19.576800	-56.486745	0.000000	2169	1537	239.308	239.308	239.308
396	7	0	20.076800	-56.486745	0.000000	2179	1537	239.808	239.808	239.808
397	7	0	20.576800	-56.486745	0.000000	2189	1537	240.308	240.308	240.308
398	7	0	21.076800	-56.486745	0.000000	2199	1537	240.808	240.808	240.808
399	7	0	21.576800	-56.486745	0.000000	2209	1537	241.308	241.308	241.308
400	7	0	22.076800	-56.486745	0.000000	2219	1537	241.808	241.808	241.808
401	7	0	22.576800	-56.486745	0.000000	2229	1537	242.308	242.308	242.308
402	7	0	23.076800	-56.486745	0.000000	2239	1537	242.808	242.808	242.808
403	7	0	23.576800	-56.486745	0.000000	2249	1537	243.308	243.308	243.308
404	7	0	24.076800	-56.486745	0.000000	2259	1537	243.808	243.808	243.808
405	7	0	24.576800	-56.486745	0.000000	2269	1537	244.308	244.308	244.308
406	7	0	25.076800	-56.486745	0.000000	2279	1537	244.808	244.808	244.808
407	7	0	25.576800	-56.486745	0.000000	2289	1537	245.308	245.308	245.308
408	7	0	26.076800	-56.486745	0.000000	2299	1537	245.808	245.808	245.808
409	7	0	26.576800	-56.486745	0.000000	2309	1537	246.308	246.308	246.308
410	7	0	27.076800	-56.486745	0.000000	2319	1537	246.808	246.808	246.808
411	7	0	27.576800	-56.486745	0.000000	2329	1537	247.308	247.308	247.308
412	7	0	28.076800	-56.486745	0.342147	2339	1537	247.808	247.808	247.808
413	7	0	28.853775	-56.031945	0.584781	2354	1528	248.708	248.708	248.708
414	7	0	29.241207	-55.715881	0.684295	2362	1522	249.208	249.208	249.208
415	7	0	29.628640	-55.399818	0.684295	2370	1516	249.708	249.708	249.708
416	7	0	30.016072	-55.083754	0.684295	2378	1509	250.208	250.208	250.208
417	7	0	30.403505	-54.767691	0.684295	2385	1503	250.708	250.708	250.708
418	7	0	30.790937	-54.451628	0.684295	2393	1497	251.208	251.208	251.208
419	7	0	31.178370	-54.135564	0.684295	2401	1490	251.708	251.708	251.708
420	7	0	31.565802	-53.819501	0.684295	2409	1484	252.208	252.208	252.208
421	7	0	31.953235	-53.503438	0.684295	2416	1478	252.708	252.708	252.708
422	7	0	32.340667	-53.187374	0.684295	2424	1471	253.208	253.208	253.208
423	7	0	32.728100	-52.871311	0.684295	2432	1465	253.708	253.708	253.708
424	7	0	33.115532	-52.555248	0.727805	2440	1459	254.208	254.208	254.208
425	7	0	33.966631	-51.767815	0.754020	2457	1443	255.368	255.368	255.368
426	7	0	34.325129	-51.419275	0.771315	2464	1436	255.868	255.868	255.868
427	7	0	34.683626	-51.070736	0.771315	2471	1429	256.368	256.368	256.368
428	7	0	35.042124	-50.722197	0.771315	2478	1422	256.868	256.868	256.868
429	7	0	35.400621	-50.373658	0.771315	2485	1415	257.368	257.368	257.368
430	7	0	35.759118	-50.025119	0.771315	2492	1408	257.868	257.868	257.868
431	7	0	36.117616	-49.676579	0.771315	2500	1401	258.368	258.368	258.368
432	7	0	36.476113	-49.328040	0.771315	2507	1394	258.868	258.868	258.868
433	7	0	36.834611	-48.979501	0.771315	2514	1387	259.368	259.368	259.368
434	7	0	37.193108	-48.630962	0.771315	2521	1380	259.868	259.868	259.868
435	7	0	37.551606	-48.282423	0.771315	2528	1373	260.368	260.368	260.368
436	7	0	37.910103	-47.933883	0.771315	2535	1366	260.868	260.868	260.868
437	7	0	38.268601	-47.585344	0.771315	2543	1359	261.368	261.368	261.368
438	7	0	38.627098	-47.236805	0.771315	2550	1352	261.868	261.868	261.868
439	7	0	38.985596	-46.888266	0.771315	2557	1345	262.368	262.368	262.368
440	7	0	39.344093	-46.539727	0.771315	2564	1338	262.868	262.868	262.868
441	7	0	39.702591	-46.191187	0.771315	2571	1331	263.368	263.368	263.368
442	7	0	40.061088	-45.842648	0.771315	2578	1324	263.868	263.868	263.868
443	7	0	40.419585	-45.494109	0.771315	2586	1317	264.368	264.368	264.368
444	7	0	40.778083	-45.145570	0.771315	2593	1311	264.868	264.868	264.868
445	7	0	41.136580	-44.797031	0.771315	2600	1304	265.368	265.368	265.368
446	7	0	41.495078	-44.448491	0.771315	2607	1297	265.868	265.868	265.868
447	7	0	41.853575	-44.099952	0.771315	2614	1290	266.368	266.368	266.368
448	7	0	42.212073	-43.751413	0.771315	2621	1283	266.868	266.868	266.868
449	7	0	42.570570	-43.402874	0.771315	2629	1276	267.368	267.368	267.368
450	7	0	42.929068	-43.054335	0.771315	2636	1269	267.868	267.868	267.868
451	7	0	43.287565	-42.705795	0.771315	2643	1262	268.368	268.368	268.368
452	7	0	43.646063	-42.357256	0.771315	2650	1255	268.868	268.868	268.868
453	7	0	44.004560	-42.008717	0.771315	2657	1248	269.368	269.368	269.368
454	7	0	44.363057	-41.660178	0.771315	2665	1241	269.868	269.868	269.868
455	7	0	44.721555	-41.311639	0.771315	2672	1234	270.368	270.368	270.368
456	7	0	45.080052	-40.963099	0.771315	2679	1227	270.868	270.868	270.868
457	7	0	45.438550	-40.614560	0.771315	2686	1220	271.368	271.368	271.368
458	7	0	45.797047	-40.266021	0.771315	2693	1213	271.868	271.868	271.868
459	7	0	46.155545	-39.917482	0.771315	2700	1206	272.368	272.368	272.368
460	7	0	46.514042	-39.568943	0.771315	2708	1199	272.868	272.868	272.868
461	7	0	46.754060	-39.137468	0.771315	2712	1190	273.362	273.362	273.362
462	7	0	47.112557	-38.788928	0.771315	2720	1183	273.862	273.862	273.862
463	7	0	47.471055	-38.440389	0.771315	2727	1176	274.362	274.362	274.362
464	7	0	47.829552	-38.091850	0.771315	2734	1169	274.862	274.862	274.862
465	7	0	48.188050	-37.743311	0.771315	2741	1162	275.362	275.362	275.362
466	7	0	48.546547	-37.394772	0.771315	2748	1156	275.862	275.862	275.862
467	7	0	48.905045	-37.046232	0.771315	2755	1149	276.362	276.362	276.362
468	7	0	49.263542	-36.697693	0.771315	2763	1142	276.862	276.862	276.862
469	7	0	49.622040	-36.349154	0.771315	2770	1135	277.362	277.362	277.362
470	7	0	49.980537	-36.000615	0.771315	2777	1128	277.862	277.862	277.862
471	7	0	50.339034	-35.652076	0.771315	2784	1121	278.362	278.362	278.362
472	7	0	50.697532	-35.303536	0.771315	2791	1114	278.862	278.862	278.862
473	7	0	51.056029	-34.954997	0.771315	2798	1107	279.362	279.362	279.362
474	7	0	51.414527	-34.606458	0.771315	2806	1100	279.862	279.862	279.862
475	7	0	51.773024	-34.257919	0.771315	2813	1093	280.362	280.362	280.362
476	7	0	52.131522	-33.909380	0.771315	2820	1086	280.862	280.862	280.862
477	7	0	52.490019	-33.560840	0.771315	2827	1079	281.362	281.362	281.362
478	7	0	52.848517	-33.212301	0.771315	2834	1072	281.862	281.862	281.862
479	7	0	53.207014	-32.863762	0.771315	2841	1065	282.362	282.362	282.362
480	7	0	53.565512	-32.515223	0.771315	2849	1058	282.862	282.862	282.862
481	7	0	53.924009	-32.166684	0.771315	2856	1051	283.362	283.362	283.362
482	7	0	54.282507	-31.818144	0.771315	2863	1044	283.862	283.862	283.862
483	7	0	54.641004	-31.469605	0.774540	2870	1037	284.362	284.362	284.362
484	7	0	55.609963	-30.718078	0.776446	2889	1022	285.588	285.588	285.588
485	7	0	55.966205	-30.367234	0.777765	2897	1015	286.088	286.088	286.088
486	7	0	56.322447	-30.016389	0.777765	2904	1008	286.588	286.588	286.588
487	7	0	56.678689	-29.665545	0.777765	2911	1001	287.088	287.088	287.088
488	7	0	57.034931	-29.314701	0.777765	2918	994	287.588	287.588	287.588
489	7	0	57.391173	-28.963856	0.777765	2925	987	288.088	288.088	288.088
490	7	0	57.747415	-28.613012	0.777765	2932	980	288.588	288.588	288.588
491	7	0	58.103656	-28.262168	0.777765	2939	973	289.088	289.088	289.088
492	7	0	58.459898	-27.911324	0.777765	2946	966	289.588	289.588	289.588
493	7	0	58.816140	-27.560479	0.777765	2954	959	290.088	290.088	290.088
494	7	0	59.172382	-27.209635	0.778658	2961	952	290.588	290.588	290.588
495	7	0	60.012236	-26.380401	0.779189	2977	935	291.768	291.768	291.768
496	7	0	60.367851	-26.028921	0.779550	2985	928	292.268	292.268	292.268
497	7	0	60.723465	-25.677441	0.779550	2992	921	292.768	292.768	292.768
498	7	0	61.079080	-25.325962	0.779550	2999	914	293.268	293.268	293.268
499	7	0	61.434695	-24.974482	0.779550	3006	907	293.768	293.768	293.768
500	7	0	61.790310	-24.623002	0.779550	3013	900	294.268	294.268	294.268
501	7	0	62.145925	-24.271522	0.779550	3020	893	294.768	294.768	294.768
502	7	0	62.501540	-23.920042	0.779550	3027	886	295.268	295.268	295.268
503	7	0	62.857155	-23.568562	0.779550	3034	879	295.768	295.768	295.768
504	7	0	63.212770	-23.217083	0.779550	3042	872	296.268	296.268	296.268
505	7	0	63.568384	-22.865603	0.779550	3049	865	296.768	296.768	296.768
506	7	0	63.923999	-22.514123	0.779550	3056	858	297.268	297.268	297.268
507	7	0	64.279614	-22.162643	0.779550	3063	851	297.768	297.768	297.768
508	7	0	64.635229	-21.811163	0.779550	3070	844	298.268	298.268	298.268
509	7	0	64.990844	-21.459684	0.779550	3077	837	298.768	298.768	298.768
510	7	0	65.157602	-21.294864	0.779550	3080	834	299.003	299.003	299.003
511	7	0	65.958936	-20.627087	0.404892	3096	820	300.046	300.046	300.046
512	7	0	66.418508	-20.430127	0.404892	3106	816	300.546	300.546	300.546
513	7	0	66.878081	-20.233167	0.404892	3115	812	301.046	301.046	301.046
514	7	0	67.337653	-20.036208	0.404892	3124	808	301.546	301.546	301.546
515	7	0	67.797226	-19.839248	0.404892	3133	804	302.046	302.046	302.046
516	7	0	68.256798	-19.642288	0.404892	3142	800	302.546	302.546	302.546
517	7	0	68.716371	-19.445329	0.327435	3152	797	303.046	303.046	303.046
518	7	0	69.297849	-19.288683	0.257172	3163	793	303.648	303.648	303.648
519	7	0	69.782308	-19.164992	0.249979	3173	791	304.148	304.148	304.148
520	7	0	70.266767	-19.041300	0.249979	3183	788	304.648	304.648	304.648
521	7	0	70.751226	-18.917608	0.249979	3192	786	305.148	305.148	305.148
522	7	0	71.235684	-18.793917	0.249979	3202	783	305.648	305.648	305.648
523	7	0	71.746566	-19.013727	-0.187753	3212	788	306.204	306.204	306.204
524	7	0	72.393726	-19.356775	-0.515670	3225	795	306.937	306.937	306.937
525	7	0	73.076509	-19.398500	0.043436	3239	796	307.621	307.621	307.621
526	7	0	73.705721	-18.972332	0.504890	3251	787	308.381	308.381	308.381
527	7	0	74.084132	-18.645522	0.712358	3259	781	308.881	308.881	308.881
528	7	0	74.462544	-18.318712	0.903343	3267	774	309.381	309.381	309.381
529	7	0	74.869688	-17.648771	1.051819	3275	761	310.165	310.165	310.165
530	7	0	75.099009	-17.204461	1.094329	3279	752	310.665	310.665	310.665
531	7	0	75.328331	-16.760151	1.094329	3284	743	311.165	311.165	311.165
532	7	0	75.557652	-16.315840	1.355274	3288	734	311.665	311.665	311.665
533	7	0	75.610685	-15.470404	1.548249	3289	717	312.512	312.512	312.512
534	7	0	75.587981	-14.970920	1.858895	3289	707	313.012	313.012	313.012
535	7	0	75.176376	-14.004842	2.014825	3281	688	314.062	314.062	314.062
536	7	0	74.923276	-13.573634	2.101570	3276	679	314.562	314.562	314.562
537	7	0	74.670176	-13.142427	2.101570	3271	670	315.062	315.062	315.062
538	7	0	74.417075	-12.711219	2.101570	3266	662	315.562	315.562	315.562
539	7	0	74.163975	-12.280011	2.101570	3261	653	316.062	316.062	316.062
540	7	0	73.910875	-11.848803	2.246117	3255	645	316.562	316.562	316.562
541	7	0	73.205747	-11.083648	2.339816	3241	629	317.602	317.602	317.602
542	7	0	72.840220	-10.742489	2.744864	3234	622	318.102	318.102	318.102
543	7	0	72.175119	-10.651874	3.045830	3221	621	318.773	318.773	318.773
544	7	0	71.675571	-10.630617	3.099065	3211	620	319.273	319.273	319.273
545	7	0	71.176023	-10.609360	3.099065	3201	620	319.773	319.773	319.773
546	7	0	70.676475	-10.588102	3.099065	3191	619	320.273	320.273	320.273
547	7	0	70.176927	-10.566845	3.099065	3181	619	320.773	320.773	320.773
548	7	0	69.686281	-10.661308	-3.035265	3171	621	321.273	321.273	321.273
549	7	0	69.112577	-10.797113	-2.898717	3160	624	321.863	321.863	321.863
550	7	0	68.628769	-10.923324	-2.886410	3150	626	322.363	322.363	322.363
551	7	0	68.144960	-11.049535	-2.964389	3140	629	322.863	322.863	322.863
552	7	0	68.238281	-10.993254	0.542695	3142	627	322.972	322.972	322.972
553	7	0	67.637281	-11.260365	3.132850	3130	633	323.629	323.629	323.629
554	7	0	67.137300	-11.255993	3.132850	3120	633	324.129	324.129	324.129
555	7	0	66.637319	-11.251622	3.132850	3110	633	324.629	324.629	324.629
556	7	0	66.137338	-11.247250	3.132850	3100	633	325.129	325.129	325.129
557	7	0	65.637358	-11.242879	3.132850	3090	632	325.629	325.629	325.629
558	7	0	65.137377	-11.238507	3.132850	3080	632	326.129	326.129	326.129
559	7	0	64.637396	-11.234136	3.132850	3070	632	326.629	326.629	326.629
560	7	0	64.137415	-11.229765	3.132850	3060	632	327.129	327.129	327.129
561	7	0	63.637434	-11.225393	3.132850	3050	632	327.629	327.629	327.629
562	7	0	63.137453	-11.221022	3.132850	3040	632	328.129	328.129	328.129
563	7	0	62.637472	-11.216650	3.132850	3030	632	328.629	328.629	328.629
564	7	0	62.137491	-11.212279	3.132850	3020	632	329.129	329.129	329.129
565	7	0	61.637510	-11.207908	3.132850	3010	632	329.629	329.629	329.629
566	7	0	61.103231	-11.290993	3.132850	2999	633	330.170	330.170	330.170
567	7	0	60.603250	-11.286622	3.132850	2989	633	330.670	330.670	330.670
568	7	0	60.103269	-11.282251	3.132850	2979	633	331.170	331.170	331.170
569	7	0	59.603288	-11.277879	3.132850	2969	633	331.670	331.670	331.670
570	7	0	59.103307	-11.273508	3.132850	2959	633	332.170	332.170	332.170
571	7	0	58.603326	-11.269136	3.132850	2949	633	332.670	332.670	332.670
572	7	0	58.103345	-11.264765	3.132850	2939	633	333.170	333.170	333.170
573	7	0	57.603365	-11.260394	3.132850	2929	633	333.670	333.670	333.670
574	7	0	57.103384	-11.256022	3.132850	2919	633	334.170	334.170	334.170
575	7	0	56.603403	-11.251651	3.132850	2909	633	334.670	334.670	334.670
576	7	0	56.103422	-11.247279	3.132850	2899	633	335.170	335.170	335.170
577	7	0	55.603441	-11.242908	3.132850	2889	632	335.670	335.670	335.670
578	7	0	55.103460	-11.238536	3.132850	2879	632	336.170	336.170	336.170
579	7	0	54.603479	-11.234165	3.132850	2869	632	336.670	336.670	336.670
580	7	0	54.103498	-11.229794	3.132850	2859	632	337.170	337.170	337.170
581	7	0	53.603517	-11.225422	3.132850	2849	632	337.670	337.670	337.670
582	7	0	53.103537	-11.221051	3.132850	2839	632	338.170	338.170	338.170
583	7	0	52.603556	-11.216679	3.132850	2829	632	338.670	338.670	338.670
584	7	0	52.103575	-11.212308	3.132850	2819	632	339.170	339.170	339.170
585	7	0	51.603594	-11.207937	3.132850	2809	632	339.670	339.670	339.670
586	7	0	51.103613	-11.203565	3.132850	2799	632	340.170	340.170	340.170
587	7	0	50.603632	-11.199194	3.132850	2789	632	340.670	340.670	340.670
588	7	0	50.103651	-11.194822	3.132850	2779	632	341.170	341.170	341.170
589	7	0	49.603670	-11.190451	3.132850	2769	631	341.670	341.670	341.670
590	7	0	49.103689	-11.186079	3.132850	2759	631	342.170	342.170	342.170
591	7	0	48.603709	-11.181708	3.132850	2749	631	342.670	342.670	342.670
592	7	0	48.103728	-11.177337	3.132850	2739	631	343.170	343.170	343.170
593	7	0	47.603747	-11.172965	3.132850	2729	631	343.670	343.670	343.670
594	7	0	47.103766	-11.168594	3.132850	2719	631	344.170	344.170	344.170
595	7	0	46.603785	-11.164222	3.132850	2709	631	344.670	344.670	344.670
596	7	0	46.103804	-11.159851	3.132850	2699	631	345.170	345.170	345.170
597	7	0	45.603823	-11.155479	3.132850	2689	631	345.670	345.670	345.670
598	7	0	45.103842	-11.151108	3.132850	2679	631	346.170	346.170	346.170
599	7	0	44.603861	-11.146737	3.132850	2669	631	346.670	346.670	346.670
600	7	0	44.103881	-11.142365	3.132850	2659	630	347.170	347.170	347.170
601	7	0	43.603900	-11.137994	3.132850	2649	630	347.670	347.670	347.670
602	7	0	43.103919	-11.133622	3.132850	2639	630	348.170	348.170	348.170
603	7	0	42.603938	-11.129251	3.132850	2629	630	348.670	348.670	348.670
604	7	0	42.103957	-11.124880	3.132850	2619	630	349.170	349.170	349.170
605	7	0	41.553182	-11.095111	3.132850	2608	630	349.722	349.722	349.722
606	7	0	41.053201	-11.090740	3.132850	2598	629	350.222	350.222	350.222
607	7	0	40.553220	-11.086368	3.132850	2588	629	350.722	350.722	350.722
608	7	0	40.053239	-11.081997	3.132850	2578	629	351.222	351.222	351.222
609	7	0	39.553258	-11.077625	3.132850	2568	629	351.722	351.722	351.722
610	7	0	39.053277	-11.073254	3.132850	2558	629	352.222	352.222	352.222
611	7	0	38.553296	-11.068882	3.132850	2548	629	352.722	352.722	352.722
612	7	0	38.053315	-11.064511	3.132850	2538	629	353.222	353.222	353.222
613	7	0	37.553335	-11.060140	3.132850	2528	629	353.722	353.722	353.722
614	7	0	37.053354	-11.055768	3.132850	2518	629	354.222	354.222	354.222
615	7	0	36.553373	-11.051397	3.132850	2508	629	354.722	354.722	354.722
616	7	0	36.053392	-11.047025	3.132850	2498	629	355.222	355.222	355.222
617	7	0	35.553411	-11.042654	3.132850	2488	628	355.722	355.722	355.722
618	7	0	35.053430	-11.038283	3.132850	2478	628	356.222	356.222	356.222
619	7	0	34.553449	-11.033911	3.132850	2468	628	356.722	356.722	356.722
620	7	0	34.053468	-11.029540	3.132850	2458	628	357.222	357.222	357.222
621	7	0	33.553487	-11.025168	3.132850	2448	628	357.722	357.722	357.722
622	7	0	33.053507	-11.020797	3.132850	2438	628	358.222	358.222	358.222
623	7	0	32.553526	-11.016425	3.132850	2428	628	358.722	358.722	358.722
624	7	0	32.053545	-11.012054	3.132850	2418	628	359.222	359.222	359.222
625	7	0	31.553564	-11.007683	3.132850	2408	628	359.722	359.722	359.722
626	7	0	31.053583	-11.003311	3.132850	2398	628	360.222	360.222	360.222
627	7	0	30.553602	-10.998940	3.132850	2388	628	360.722	360.722	360.722
628	7	0	30.053621	-10.994568	3.132850	2378	628	361.222	361.222	361.222
629	7	0	29.553640	-10.990197	3.132850	2368	627	361.722	361.722	361.722
630	7	0	29.053659	-10.985826	3.132850	2358	627	362.222	362.222	362.222
631	7	0	28.553679	-10.981454	3.132850	2348	627	362.722	362.722	362.722
632	7	0	28.053698	-10.977083	3.132850	2338	627	363.222	363.222	363.222
633	7	0	27.553717	-10.972711	3.132850	2328	627	363.722	363.722	363.722
634	7	0	27.053736	-10.968340	3.132850	2318	627	364.222	364.222	364.222
635	7	0	26.553755	-10.963968	3.132850	2308	627	364.722	364.722	364.722
636	7	0	26.053774	-10.959597	3.132850	2298	627	365.222	365.222	365.222
637	7	0	25.553793	-10.955226	3.132850	2288	627	365.722	365.722	365.722
638	7	0	25.053812	-10.950854	3.132850	2278	627	366.222	366.222	366.222
639	7	0	24.553831	-10.946483	3.132850	2268	627	366.722	366.722	366.722
640	7	0	24.053851	-10.942111	3.132850	2258	626	367.222	367.222	367.222
641	7	0	23.553870	-10.937740	3.132850	2248	626	367.722	367.722	367.722
642	7	0	23.053889	-10.933368	3.132850	2238	626	368.222	368.222	368.222
643	7	0	22.553908	-10.928997	3.132850	2228	626	368.722	368.722	368.722
644	7	0	22.053927	-10.924626	3.132850	2218	626	369.222	369.222	369.222
645	7	0	21.553946	-10.920254	3.132850	2208	626	369.722	369.722	369.722
646	7	0	21.053965	-10.915883	3.132850	2198	626	370.222	370.222	370.222
647	7	0	20.553984	-10.911511	3.132850	2188	626	370.722	370.722	370.722
648	7	0	20.054003	-10.907140	3.132850	2178	626	371.222	371.222	371.222
649	7	0	19.554023	-10.902769	3.132850	2168	626	371.722	371.722	371.722
650	7	0	19.054042	-10.898397	3.132850	2158	626	372.222	372.222	372.222
651	7	0	18.554061	-10.894026	3.132850	2148	625	372.722	372.722	372.722
652	7	0	18.054080	-10.889654	3.132850	2138	625	373.222	373.222	373.222
653	7	0	17.554099	-10.885283	3.132850	2128	625	373.722	373.722	373.722
654	7	0	17.054118	-10.880911	3.132850	2118	625	374.222	374.222	374.222
655	7	0	16.554137	-10.876540	3.132850	2108	625	374.722	374.722	374.722
656	7	0	16.054156	-10.872169	3.132850	2098	625	375.222	375.222	375.222
657	7	0	15.554175	-10.867797	3.132850	2088	625	375.722	375.722	375.722
658	7	0	15.054194	-10.863426	3.132850	2078	625	376.222	376.222	376.222
659	7	0	14.554214	-10.859054	3.132850	2068	625	376.722	376.722	376.722
660	7	0	14.054233	-10.854683	3.132850	2058	625	377.222	377.222	377.222
661	7	0	13.554252	-10.850312	3.132850	2048	625	377.722	377.722	377.722
662	7	0	13.054271	-10.845940	3.132850	2038	625	378.222	378.222	378.222
663	7	0	12.554290	-10.841569	3.132850	2028	624	378.722	378.722	378.722
664	7	0	12.054309	-10.837197	3.132850	2018	624	379.222	379.222	379.222
665	7	0	11.554328	-10.832826	3.132850	2008	624	379.722	379.722	379.722
666	7	0	11.054347	-10.828454	3.132850	1998	624	380.222	380.222	380.222
667	7	0	10.554366	-10.824083	3.132850	1988	624	380.722	380.722	380.722
668	7	0	10.054386	-10.819712	3.132850	1978	624	381.222	381.222	381.222
669	7	0	9.554405	-10.815340	3.132850	1968	624	381.722	381.722	381.722
670	7	0	9.054424	-10.810969	3.132850	1958	624	382.222	382.222	382.222
671	7	0	8.554443	-10.806597	3.132850	1948	624	382.722	382.722	382.722
672	7	0	8.054462	-10.802226	3.132850	1938	624	383.222	383.222	383.222
673	7	0	7.554481	-10.797855	3.132850	1928	624	383.722	383.722	383.722
674	7	0	7.054500	-10.793483	3.132850	1918	623	384.222	384.222	384.222
675	7	0	6.554519	-10.789112	3.132850	1908	623	384.722	384.722	384.722
676	7	0	6.450535	-10.788203	3.132850	1906	623	384.826	384.826	384.826
677	7	0	5.515646	-10.788203	-3.128522	1888	623	385.761	385.761	385.761
678	7	0	5.015689	-10.794738	-3.128522	1878	624	386.261	386.261	386.261
679	7	0	4.515732	-10.801273	-3.128522	1868	624	386.761	386.761	386.761
680	7	0	4.015774	-10.807809	-3.128522	1858	624	387.261	387.261	387.261
681	7	0	3.515817	-10.814344	-3.128522	1848	624	387.761	387.761	387.761
682	7	0	3.015860	-10.820880	-3.128522	1838	624	388.261	388.261	388.261
683	7	0	2.515903	-10.827415	-3.128522	1828	624	388.761	388.761	388.761
684	7	0	2.015945	-10.833950	-3.128522	1818	624	389.261	389.261	389.261
685	7	0	1.515988	-10.840486	-3.128522	1808	624	389.761	389.761	389.761
686	7	0	1.016031	-10.847021	-3.128522	1798	625	390.261	390.261	390.261
687	7	0	0.516073	-10.853556	-3.128522	1788	625	390.761	390.761	390.761
688	7	0	0.016116	-10.860092	-3.128522	1778	625	391.261	391.261	391.261
689	7	0	-0.483841	-10.866627	-3.128522	1768	625	391.761	391.761	391.761
690	7	0	-0.983798	-10.873163	-3.128522	1758	625	392.261	392.261	392.261
691	7	0	-1.483756	-10.879698	-3.128522	1748	625	392.761	392.761	392.761
692	7	0	-1.983713	-10.886233	-3.128522	1738	625	393.261	393.261	393.261
693	7	0	-2.483670	-10.892769	-3.128522	1728	625	393.761	393.761	393.761
694	7	0	-2.983628	-10.899304	-3.128522	1718	626	394.261	394.261	394.261
695	7	0	-3.483585	-10.905840	-3.128522	1708	626	394.761	394.761	394.761
696	7	0	-3.983542	-10.912375	-3.128522	1698	626	395.261	395.261	395.261
697	7	0	-4.233842	-10.966636	-2.339482	1693	627	395.517	395.517	395.517
698	7	0	-4.333004	-11.479046	-1.727687	1691	637	396.039	396.039	396.039
699	7	0	-4.322828	-11.978943	-1.550443	1691	647	396.539	396.539	396.539
700	7	0	-4.312652	-12.478839	-1.550443	1691	657	397.039	397.039	397.039
701	7	0	-4.302476	-12.978736	-1.550443	1691	667	397.539	397.539	397.539
702	7	0	-4.292300	-13.478632	-1.550443	1691	677	398.039	398.039	398.039
703	7	0	-4.282124	-13.978528	-1.550443	1692	687	398.539	398.539	398.539
704	7	0	-4.271948	-14.478425	-1.550443	1692	697	399.039	399.039	399.039
705	7	0	-4.261772	-14.978321	-1.550443	1692	707	399.539	399.539	399.539
706	7	0	-4.251596	-15.478218	-1.550443	1692	717	400.039	400.039	400.039
707	7	0	-4.241420	-15.978114	-1.550443	1692	727	400.539	400.539	400.539
708	7	0	-4.231244	-16.478011	-1.550443	1693	737	401.039	401.039	401.039
709	7	0	-4.221068	-16.977907	-1.550443	1693	747	401.539	401.539	401.539
710	7	0	-4.210892	-17.477803	-1.550443	1693	757	402.039	402.039	402.039
711	7	0	-4.200716	-17.977700	-1.550443	1693	767	402.539	402.539	402.539
712	7	0	-4.190540	-18.477596	-1.550443	1693	777	403.039	403.039	403.039
713	7	0	-4.180364	-18.977493	-1.550443	1694	787	403.539	403.539	403.539
714	7	0	-4.170187	-19.477389	-1.550443	1694	797	404.039	404.039	404.039
715	7	0	-4.160011	-19.977286	-1.550443	1694	807	404.539	404.539	404.539
716	7	0	-4.149835	-20.477182	-1.550443	1694	817	405.039	405.039	405.039
717	7	0	-4.139659	-20.977079	-1.550443	1694	827	405.539	405.539	405.539
718	7	0	-4.129483	-21.476975	-1.550443	1695	837	406.039	406.039	406.039
719	7	0	-4.119307	-21.976871	-1.550443	1695	847	406.539	406.539	406.539
720	7	0	-4.109131	-22.476768	-1.550443	1695	857	407.039	407.039	407.039
721	7	0	-4.098955	-22.976664	-1.550443	1695	867	407.539	407.539	407.539
722	7	0	-4.088779	-23.476561	-1.550443	1695	877	408.039	408.039	408.039
723	7	0	-4.078603	-23.976457	-1.550443	1696	887	408.539	408.539	408.539
724	7	0	-4.068427	-24.476354	-1.550443	1696	897	409.039	409.039	409.039
725	7	0	-4.058251	-24.976250	-1.550443	1696	907	409.539	409.539	409.539
726	7	0	-4.048075	-25.476146	-1.550443	1696	917	410.039	410.039	410.039
727	7	0	-4.037899	-25.976043	-1.550443	1696	927	410.539	410.539	410.539
728	7	0	-4.027723	-26.475939	-1.550443	1697	937	411.039	411.039	411.039
729	7	0	-4.017547	-26.975836	-1.550443	1697	947	411.539	411.539	411.539
730	7	0	-4.007371	-27.475732	-1.550443	1697	957	412.039	412.039	412.039
731	7	0	-3.997195	-27.975629	-1.550443	1697	967	412.539	412.539	412.539
732	7	0	-3.987019	-28.475525	-1.550443	1698	977	413.039	413.039	413.039
733	7	0	-3.976843	-28.975422	-1.550443	1698	987	413.539	413.539	413.539
734	7	0	-3.966667	-29.475318	-1.550443	1698	997	414.039	414.039	414.039
735	7	0	-3.956491	-29.975214	-1.550443	1698	1007	414.539	414.539	414.539
736	7	0	-3.946315	-30.475111	-1.550443	1698	1017	415.039	415.039	415.039
737	7	0	-3.936139	-30.975007	-1.550443	1699	1027	415.539	415.539	415.539
738	7	0	-3.955453	-31.552964	-1.550443	1698	1039	416.117	416.117	416.117
739	7	0	-3.945277	-32.052860	-1.550443	1698	1049	416.617	416.617	416.617
740	7	0	-3.935101	-32.552756	-1.550443	1699	1059	417.117	417.117	417.117
741	7	0	-3.924925	-33.052653	-1.550443	1699	1069	417.617	417.617	417.617
742	7	0	-3.914749	-33.552549	-1.550443	1699	1079	418.117	418.117	418.117
743	7	0	-3.904573	-34.052446	-1.550443	1699	1089	418.617	418.617	418.617
744	7	0	-3.894397	-34.552342	-1.550443	1699	1099	419.117	419.117	419.117
745	7	0	-3.884220	-35.052239	-1.550443	1700	1109	419.617	419.617	419.617
746	7	0	-3.874044	-35.552135	-1.550443	1700	1119	420.117	420.117	420.117
747	7	0	-3.863868	-36.052032	-1.550443	1700	1129	420.617	420.617	420.617
748	7	0	-3.853692	-36.551928	-1.550443	1700	1139	421.117	421.117	421.117
749	7	0	-3.843516	-37.051824	-1.550443	1700	1149	421.617	421.617	421.617
750	7	0	-3.842881	-37.083045	-1.550443	1700	1149	421.648	421.648	421.648
751	7	0	-3.695955	-37.775621	-1.143718	1703	1163	422.356	422.356	422.356
752	7	0	-3.508809	-38.527426	-1.143718	1707	1178	423.131	423.131	423.131
753	7	0	-3.301702	-38.982516	-1.143718	1711	1187	423.631	423.631	423.631
754	7	0	-3.094595	-39.437606	-1.143718	1715	1196	424.131	424.131	424.131
755	7	0	-2.887489	-39.892696	-1.143718	1720	1205	424.631	424.631	424.631
756	7	0	-2.680382	-40.347786	-1.143718	1724	1215	425.131	425.131	425.131
757	7	0	-2.473275	-40.802876	-1.143718	1728	1224	425.631	425.631	425.631
758	7	0	-2.266168	-41.257966	-1.143718	1732	1233	426.131	426.131	426.131
759	7	0	-2.059061	-41.713056	-1.143718	1736	1242	426.631	426.631	426.631
760	7	0	-1.851955	-42.168145	-1.143718	1740	1251	427.131	427.131	427.131
761	7	0	-1.644848	-42.623235	-1.143718	1744	1260	427.631	427.631	427.631
762	7	0	-1.437741	-43.078325	-1.143718	1748	1269	428.131	428.131	428.131
763	7	0	-1.230634	-43.533415	-1.143718	1753	1278	428.631	428.631	428.631
764	7	0	-1.023528	-43.988505	-1.143718	1757	1287	429.131	429.131	429.131
765	7	0	-0.816421	-44.443595	-1.143718	1761	1296	429.631	429.631	429.631
766	7	0	-0.609314	-44.898685	-1.143718	1765	1306	430.131	430.131	430.131
767	7	0	-0.402207	-45.353774	-1.143718	1769	1315	430.631	430.631	430.631
768	7	0	-0.195101	-45.808864	-1.143718	1773	1324	431.131	431.131	431.131
769	7	0	0.012006	-46.263954	-1.143718	1777	1333	431.631	431.631	431.631
770	7	0	0.219113	-46.719044	-1.143718	1782	1342	432.131	432.131	432.131
771	7	0	0.426220	-47.174134	-1.143718	1786	1351	432.631	432.631	432.631
772	7	0	0.633326	-47.629224	-1.143718	1790	1360	433.131	433.131	433.131
773	7	0	0.840433	-48.084314	-1.143718	1794	1369	433.631	433.631	433.631
774	7	0	1.047540	-48.539404	-0.871657	1798	1378	434.131	434.131	434.131
775	7	0	1.605326	-49.298667	-0.688346	1809	1394	435.073	435.073	435.073
776	7	0	2.018108	-49.580821	-0.599596	1818	1399	435.573	435.573	435.573
777	7	0	2.430890	-49.862976	-0.599596	1826	1405	436.073	436.073	436.073
778	7	0	2.843672	-50.145131	-0.599596	1834	1411	436.573	436.573	436.573
779	7	0	3.256453	-50.427285	-0.599596	1842	1416	437.073	437.073	437.073
780	7	0	3.669235	-50.709440	-0.599596	1851	1422	437.573	437.573	437.573
781	7	0	4.082017	-50.991594	-0.599596	1859	1427	438.073	438.073	438.073
782	7	0	4.494799	-51.273749	-0.599596	1867	1433	438.573	438.573	438.573
783	7	0	4.907580	-51.555904	-0.599596	1875	1439	439.073	439.073	439.073
784	7	0	5.320362	-51.838058	-0.599596	1884	1444	439.573	439.573	439.573
785	7	0	5.733144	-52.120213	-0.599596	1892	1450	440.073	440.073	440.073
786	7	0	6.145926	-52.402367	-0.572791	1900	1456	440.573	440.573	440.573
787	7	0	6.804614	-52.811218	-0.551772	1913	1464	441.348	441.348	441.348
788	7	0	7.231922	-53.070848	-0.545985	1922	1469	441.848	441.848	441.848
789	7	0	7.659230	-53.330478	-0.545985	1930	1474	442.348	442.348	442.348
790	7	0	8.086538	-53.590109	-0.545985	1939	1479	442.848	442.848	442.848
791	7	0	8.513846	-53.849739	-0.545985	1948	1485	443.348	443.348	443.348
792	7	0	8.941154	-54.109369	-0.545985	1956	1490	443.848	443.848	443.848
793	7	0	9.368462	-54.368999	-0.545985	1965	1495	444.348	444.348	444.348
794	7	0	9.795770	-54.628629	-0.545985	1973	1500	444.848	444.848	444.848
795	7	0	10.223079	-54.888260	-0.545985	1982	1505	445.348	445.348	445.348
796	7	0	10.650387	-55.147890	-0.545985	1990	1511	445.848	445.848	445.848
797	7	0	11.101391	-55.324584	-0.545985	1999	1514	446.333	446.333	446.333
798	7	0	11.647178	-55.489430	-0.277091	2010	1517	446.903	446.903	446.903
799	7	0	12.070210	-55.689799	-0.025104	2019	1521	447.371	447.371	447.371
800	7	0	12.570193	-55.693897	-0.008197	2029	1521	447.871	447.871	447.871
801	7	0	13.070176	-55.697995	-0.008197	2039	1522	448.371	448.371	448.371
802	7	0	13.570160	-55.702093	-0.008197	2049	1522	448.871	448.871	448.871
803	7	0	14.070143	-55.706191	-0.008197	2059	1522	449.371	449.371	449.371
804	7	0	14.570126	-55.710290	-0.008197	2069	1522	449.871	449.871	449.871
805	7	0	15.070109	-55.714388	-0.008197	2079	1522	450.371	450.371	450.371
806	7	0	15.570092	-55.718486	-0.008197	2089	1522	450.871	450.871	450.871
807	7	0	16.070076	-55.722584	-0.008197	2099	1522	451.371	451.371	451.371
808	7	0	16.570059	-55.726683	-0.008197	2109	1522	451.871	451.871	451.871
809	7	0	17.070042	-55.730781	-0.008197	2119	1522	452.371	452.371	452.371
810	7	0	17.570025	-55.734879	-0.008197	2129	1522	452.871	452.871	452.871
811	7	0	18.070008	-55.738977	-0.008197	2139	1522	453.371	453.371	453.371
812	7	0	18.569992	-55.743075	-0.008197	2149	1522	453.871	453.871	453.871
813	7	0	19.069975	-55.747174	-0.008197	2159	1523	454.371	454.371	454.371
814	7	0	19.569958	-55.751272	-0.008197	2169	1523	454.871	454.871	454.871
815	7	0	20.069941	-55.755370	-0.008197	2179	1523	455.371	455.371	455.371
816	7	0	20.569924	-55.759468	-0.008197	2189	1523	455.871	455.871	455.871
817	7	0	21.069908	-55.763567	-0.008197	2199	1523	456.371	456.371	456.371
818	7	0	21.569891	-55.767665	-0.008197	2209	1523	456.871	456.871	456.871
819	7	0	22.069874	-55.771763	-0.008197	2219	1523	457.371	457.371	457.371
820	7	0	22.569857	-55.775861	-0.008197	2229	1523	457.871	457.871	457.871
821	7	0	23.069840	-55.779959	-0.008197	2239	1523	458.371	458.371	458.371
822	7	0	23.569824	-55.784058	-0.008197	2249	1523	458.871	458.871	458.871
823	7	0	24.069807	-55.788156	-0.008197	2259	1523	459.371	459.371	459.371
824	7	0	24.569790	-55.792254	-0.008197	2269	1523	459.871	459.871	459.871
825	7	0	25.069773	-55.796352	-0.008197	2279	1524	460.371	460.371	460.371
826	7	0	25.569756	-55.800451	-0.008197	2289	1524	460.871	460.871	460.871
827	7	0	26.069740	-55.804549	-0.008197	2299	1524	461.371	461.371	461.371
828	7	0	26.569723	-55.808647	-0.008197	2309	1524	461.871	461.871	461.871
829	7	0	27.069706	-55.812745	-0.008197	2319	1524	462.371	462.371	462.371
830	7	0	27.569689	-55.816843	-0.008197	2329	1524	462.871	462.871	462.871
831	7	0	27.828833	-55.818968	-0.008197	2334	1524	463.130	463.130	463.130
832	7	0	28.511404	-55.687364	0.763515	2347	1521	463.825	463.825	463.825
833	7	0	28.872609	-55.341631	0.763515	2355	1514	464.325	464.325	464.325
834	7	0	29.233814	-54.995899	0.763515	2362	1508	464.825	464.825	464.825
835	7	0	29.595019	-54.650166	0.763515	2369	1501	465.325	465.325	465.325
836	7	0	29.956224	-54.304434	0.763515	2376	1494	465.825	465.825	465.825
837	7	0	30.317429	-53.958701	0.763515	2384	1487	466.325	466.325	466.325
838	7	0	30.678634	-53.612969	0.763515	2391	1480	466.825	466.825	466.825
839	7	0	31.039839	-53.267236	0.763515	2398	1473	467.325	467.325	467.325
840	7	0	31.401044	-52.921504	0.763515	2405	1466	467.825	467.825	467.825
841	7	0	31.762249	-52.575772	0.763515	2412	1459	468.325	468.325	468.325
842	7	0	32.123454	-52.230039	0.763515	2420	1452	468.825	468.825	468.825
843	7	0	32.484659	-51.884307	0.763515	2427	1445	469.325	469.325	469.325
844	7	0	32.845864	-51.538574	0.763515	2434	1438	469.825	469.825	469.825
845	7	0	33.207069	-51.192842	0.763515	2441	1431	470.325	470.325	470.325
846	7	0	33.568274	-50.847109	0.763515	2449	1425	470.825	470.825	470.825
847	7	0	33.929479	-50.501377	0.763515	2456	1418	471.325	471.325	471.325
848	7	0	34.290684	-50.155644	0.763515	2463	1411	471.825	471.825	471.825
849	7	0	34.651889	-49.809912	0.763515	2470	1404	472.325	472.325	472.325
850	7	0	35.013094	-49.464180	0.763515	2478	1397	472.825	472.825	472.825
851	7	0	35.374299	-49.118447	0.763515	2485	1390	473.325	473.325	473.325
852	7	0	35.735504	-48.772715	0.763515	2492	1383	473.825	473.825	473.825
853	7	0	36.096709	-48.426982	0.763515	2499	1376	474.325	474.325	474.325
854	7	0	36.457915	-48.081250	0.763515	2506	1369	474.825	474.825	474.825
855	7	0	36.819120	-47.735517	0.763515	2514	1362	475.325	475.325	475.325
856	7	0	37.180325	-47.389785	0.763515	2521	1355	475.825	475.825	475.825
857	7	0	37.541530	-47.044053	0.763515	2528	1348	476.325	476.325	476.325
858	7	0	37.902735	-46.698320	0.763515	2535	1342	476.825	476.825	476.825
859	7	0	38.263940	-46.352588	0.763515	2543	1335	477.325	477.325	477.325
860	7	0	38.625145	-46.006855	0.763515	2550	1328	477.825	477.825	477.825
861	7	0	38.986350	-45.661123	0.763515	2557	1321	478.325	478.325	478.325
862	7	0	39.347555	-45.315390	0.763515	2564	1314	478.825	478.825	478.825
863	7	0	39.708760	-44.969658	0.763515	2571	1307	479.325	479.325	479.325
864	7	0	40.069965	-44.623925	0.763515	2579	1300	479.825	479.825	479.825
865	7	0	40.431170	-44.278193	0.763515	2586	1293	480.325	480.325	480.325
866	7	0	40.792375	-43.932461	0.763515	2593	1286	480.825	480.825	480.825
867	7	0	41.153580	-43.586728	0.763515	2600	1279	481.325	481.325	481.325
868	7	0	41.514785	-43.240996	0.763515	2608	1272	481.825	481.825	481.825
869	7	0	41.875990	-42.895263	0.763515	2615	1266	482.325	482.325	482.325
870	7	0	42.237195	-42.549531	0.763515	2622	1259	482.825	482.825	482.825
871	7	0	42.598400	-42.203798	0.763515	2629	1252	483.325	483.325	483.325
872	7	0	42.959605	-41.858066	0.763515	2636	1245	483.825	483.825	483.825
873	7	0	43.320810	-41.512333	0.763515	2644	1238	484.325	484.325	484.325
874	7	0	43.682015	-41.166601	0.763515	2651	1231	484.825	484.825	484.825
875	7	0	44.043220	-40.820869	0.763515	2658	1224	485.325	485.325	485.325
876	7	0	44.404425	-40.475136	0.763515	2665	1217	485.825	485.825	485.825
877	7	0	44.765630	-40.129404	0.763515	2673	1210	486.325	486.325	486.325
878	7	0	45.126835	-39.783671	0.763515	2680	1203	486.825	486.825	486.825
879	7	0	45.488040	-39.437939	0.763515	2687	1196	487.325	487.325	487.325
880	7	0	45.849245	-39.092206	0.763515	2694	1189	487.825	487.825	487.825
881	7	0	46.210451	-38.746474	0.763515	2701	1183	488.325	488.325	488.325
882	7	0	46.571656	-38.400741	0.763515	2709	1176	488.825	488.825	488.825
883	7	0	46.932861	-38.055009	0.763515	2716	1169	489.325	489.325	489.325
884	7	0	47.294066	-37.709277	0.763515	2723	1162	489.825	489.825	489.825
885	7	0	47.655271	-37.363544	0.763515	2730	1155	490.325	490.325	490.325
886	7	0	48.016476	-37.017812	0.763515	2738	1148	490.825	490.825	490.825
887	7	0	48.377681	-36.672079	0.763515	2745	1141	491.325	491.325	491.325
888	7	0	48.738886	-36.326347	0.763515	2752	1134	491.825	491.825	491.825
889	7	0	49.100091	-35.980614	0.763515	2759	1127	492.325	492.325	492.325
890	7	0	49.461296	-35.634882	0.763515	2766	1120	492.825	492.825	492.825
891	7	0	50.037656	-35.157985	0.763515	2778	1111	493.573	493.573	493.573
892	7	0	50.442636	-34.597243	0.674741	2786	1100	494.265	494.265	494.265
893	7	0	50.801919	-34.284896	0.674741	2793	1093	494.741	494.741	494.741
894	7	0	51.036591	-33.723330	0.674741	2798	1082	495.350	495.350	495.350
895	7	0	51.427026	-33.410982	0.674741	2806	1076	495.850	495.850	495.850
896	7	0	51.817460	-33.098635	0.674741	2814	1070	496.350	496.350	496.350
897	7	0	52.207895	-32.786287	0.674741	2821	1063	496.850	496.850	496.850
898	7	0	52.598329	-32.473940	0.674741	2829	1057	497.350	497.350	497.350
899	7	0	52.988763	-32.161592	0.674741	2837	1051	497.850	497.850	497.850
900	7	0	53.379198	-31.849245	0.674741	2845	1045	498.350	498.350	498.350
901	7	0	53.769632	-31.536897	0.674741	2853	1038	498.850	498.850	498.850
902	7	0	54.160067	-31.224550	0.674741	2860	1032	499.350	499.350	499.350
903	7	0	54.550501	-30.912202	0.674741	2868	1026	499.850	499.850	499.850
904	7	0	54.940935	-30.599855	0.726355	2876	1020	500.350	500.350	500.350
905	7	0	55.869168	-29.740732	0.755595	2895	1002	501.614	501.614	501.614
906	7	0	56.225339	-29.389815	0.777969	2902	995	502.114	502.114	502.114
907	7	0	56.581509	-29.038898	0.777969	2909	988	502.614	502.614	502.614
908	7	0	56.937679	-28.687981	0.777969	2916	981	503.114	503.114	503.114
909	7	0	57.293849	-28.337064	0.777969	2923	974	503.614	503.614	503.614
910	7	0	57.650020	-27.986147	0.777969	2930	967	504.114	504.114	504.114
911	7	0	58.006190	-27.635230	0.777969	2937	960	504.614	504.614	504.614
912	7	0	58.362360	-27.284313	0.777969	2944	953	505.114	505.114	505.114
913	7	0	58.718530	-26.933396	0.777969	2952	946	505.614	505.614	505.614
914	7	0	59.074701	-26.582479	0.777969	2959	939	506.114	506.114	506.114
915	7	0	59.430871	-26.231562	0.777969	2966	932	506.614	506.614	506.614
916	7	0	59.787041	-25.880645	0.777969	2973	925	507.114	507.114	507.114
917	7	0	60.143211	-25.529728	0.777969	2980	918	507.614	507.614	507.614
918	7	0	60.499382	-25.178811	0.777969	2987	911	508.114	508.114	508.114
919	7	0	60.855552	-24.827894	0.777969	2994	904	508.614	508.614	508.614
920	7	0	61.211722	-24.476977	0.777969	3001	897	509.114	509.114	509.114
921	7	0	61.567892	-24.126060	0.777969	3009	890	509.614	509.614	509.614
922	7	0	61.924063	-23.775143	0.777969	3016	883	510.114	510.114	510.114
923	7	0	62.280233	-23.424226	0.777969	3023	876	510.614	510.614	510.614
924	7	0	62.636403	-23.073309	0.777969	3030	869	511.114	511.114	511.114
925	7	0	62.992573	-22.722392	0.777969	3037	862	511.614	511.614	511.614
926	7	0	63.348744	-22.371475	0.777969	3044	855	512.114	512.114	512.114
927	7	0	63.704914	-22.020558	0.777969	3051	848	512.614	512.614	512.614
928	7	0	64.061084	-21.669641	0.777969	3058	841	513.114	513.114	513.114
929	7	0	64.417254	-21.318724	0.777969	3066	834	513.614	513.614	513.614
930	7	0	64.773425	-20.967807	0.777969	3073	827	514.114	514.114	514.114
931	7	0	65.129595	-20.616890	0.777969	3080	820	514.614	514.614	514.614
932	7	0	65.485765	-20.265973	0.777969	3087	813	515.114	515.114	515.114
933	7	0	65.800730	-19.955653	0.777969	3093	807	515.556	515.556	515.556
934	7	0	66.149601	-19.660302	0.271999	3100	801	516.014	516.014	516.014
935	7	0	66.631219	-19.525973	0.271999	3110	798	516.514	516.514	516.514
936	7	0	67.112837	-19.391644	0.271999	3120	795	517.014	517.014	517.014
937	7	0	67.594455	-19.257316	0.271999	3129	793	517.514	517.514	517.514
938	7	0	68.076073	-19.122987	0.271999	3139	790	518.014	518.014	518.014
939	7	0	68.557691	-18.988658	0.271999	3148	787	518.514	518.514	518.514
940	7	0	69.039309	-18.854329	0.271999	3158	785	519.014	519.014	519.014
941	7	0	69.520927	-18.720000	0.271999	3168	782	519.514	519.514	519.514
942	7	0	70.002544	-18.585672	0.271999	3177	779	520.014	520.014	520.014
943	7	0	70.484162	-18.451343	0.271999	3187	777	520.514	520.514	520.514
944	7	0	70.965780	-18.317014	0.104790	3197	774	521.014	521.014	521.014
945	7	0	71.664082	-18.393324	-0.151856	3211	775	521.716	521.716	521.716
946	7	0	72.563655	-18.774534	0.116033	3229	783	522.693	522.693	522.693
947	7	0	73.282050	-18.716567	0.116033	3243	782	523.414	523.414	523.414
948	7	0	73.891604	-18.070468	0.738675	3255	769	524.302	524.302	524.302
949	7	0	74.173585	-17.657568	1.164524	3261	761	524.802	524.802	524.802
950	7	0	74.554871	-16.528727	1.278256	3268	738	525.994	525.994	525.994
951	7	0	74.660748	-16.040065	1.357428	3270	728	526.494	526.494	526.494
952	7	0	74.766625	-15.551403	1.536518	3273	719	526.994	526.994	526.994
953	7	0	74.711246	-14.567439	1.656827	3271	699	527.979	527.979	527.979
954	7	0	74.639093	-14.072673	1.998780	3270	689	528.479	528.479	528.479
955	7	0	73.983156	-12.971389	2.156722	3257	667	529.761	529.761	529.761
956	7	0	73.656801	-12.592585	2.281951	3250	659	530.261	530.261	530.261
957	7	0	73.330447	-12.213781	2.281951	3244	652	530.761	530.761	530.761
958	7	0	73.004092	-11.834976	2.281951	3237	644	531.261	531.261	531.261
959	7	0	72.677738	-11.456172	2.572622	3231	637	531.761	531.761	531.761
960	7	0	72.154187	-11.291447	2.952466	3220	633	532.310	532.310	532.310
961	7	0	71.190030	-11.131175	3.013244	3201	630	533.287	533.287	533.287
962	7	0	70.423564	-10.933286	3.061122	3186	626	534.079	534.079	534.079
963	7	0	70.179570	-11.258706	-0.470755	3181	633	534.485	534.485	534.485
964	7	0	70.636476	-11.461776	-0.269424	3190	637	534.985	534.985	534.985
965	7	0	71.494854	-11.621906	-0.367976	3207	640	535.859	535.859	535.859
966	7	0	72.693199	-12.254717	-0.531553	3231	653	537.214	537.214	537.214
967	7	0	73.089511	-12.559573	-0.908527	3239	659	537.714	537.714	537.714
968	7	0	73.570591	-13.379945	-1.082075	3249	675	538.665	538.665	538.665
969	7	0	73.769638	-13.838617	-1.161359	3253	684	539.165	539.165	539.165
970	7	0	73.968684	-14.297290	-1.390648	3257	694	539.665	539.665	539.665
971	7	0	74.028911	-15.262234	-1.546445	3258	713	540.632	540.632	540.632
972	7	0	74.004350	-15.761631	-1.619937	3257	723	541.132	541.132	541.132
973	7	0	73.979790	-16.261027	-1.861789	3257	733	541.632	541.632	541.632
974	7	0	73.530874	-17.342552	-2.005908	3248	754	542.803	542.803	542.803
975	7	0	73.276882	-17.773235	-2.705191	3243	763	543.303	543.303	543.303
976	7	0	73.024029	-18.214712	3.123066	3238	772	543.811	543.811	543.811
977	7	0	72.317601	-18.188102	3.123066	3224	771	544.518	544.518	544.518
978	7	0	72.200541	-17.815434	1.850347	3221	764	544.909	544.909	544.909
979	7	0	72.619615	-17.178765	1.060336	3230	751	545.671	545.671	545.671
980	7	0	72.912124	-16.695188	1.060336	3235	742	546.236	546.236	546.236
981	7	0	73.327840	-16.135409	1.108640	3244	730	546.934	546.934	546.934
982	7	0	73.379807	-15.493761	1.441741	3245	717	547.577	547.577	547.577
983	7	0	73.404240	-14.754820	1.606331	3245	703	548.317	548.317	548.317
984	7	0	73.253279	-14.190816	1.661456	3242	691	548.901	548.901	548.901
985	7	0	73.023049	-13.745716	1.661456	3238	683	549.402	549.402	549.402
986	7	0	72.977781	-13.247769	2.023107	3237	673	549.902	549.902	549.902
987	7	0	72.533576	-12.738381	-3.025853	3228	662	550.578	550.578	550.578
988	7	0	72.479886	-13.305654	-1.541011	3227	674	551.147	551.147	551.147
989	7	0	72.565157	-13.798329	-1.399417	3229	684	551.647	551.647	551.647
990	7	0	72.650428	-14.291004	-1.465117	3230	693	552.147	552.147	552.147
991	7	0	72.682766	-14.907072	-1.523933	3231	706	552.764	552.764	552.764
992	7	0	72.702750	-15.406673	-1.530818	3231	716	553.264	553.264	553.264
993	7	0	72.722734	-15.906273	-1.919253	3232	726	553.764	553.764	553.764
994	7	0	72.288105	-16.548062	-2.221575	3223	739	554.539	554.539	554.539
995	7	0	71.952110	-16.918342	-2.307689	3216	746	555.039	555.039	555.039
996	7	0	71.616115	-17.288622	-2.307689	3210	753	555.539	555.539	555.539
997	7	0	71.280120	-17.658902	-2.617469	3203	761	556.039	556.039	556.039
998	7	0	70.226492	-18.091894	-2.805161	3182	769	557.179	557.179	557.179
999	7	0	69.737934	-18.198247	-2.927250	3172	772	557.679	557.679	557.679
1000	7	0	69.249375	-18.304599	-2.927250	3162	774	558.179	558.179	558.179
1001	7	0	68.804037	-18.324808	2.857799	3153	774	558.624	558.624	558.624
1002	7	0	68.324037	-18.184808	2.857799	3144	771	559.124	559.124	559.124
1003	7	0	67.844037	-18.044808	2.797250	3134	769	559.624	559.624	559.624
1004	7	0	67.315700	-17.823188	2.740821	3124	764	560.197	560.197	560.197
1005	7	0	66.856128	-17.626228	2.454892	3114	760	560.697	560.697	560.697
1006	7	0	66.236328	-16.938314	2.258221	3102	746	561.623	561.623	561.623
1007	7	0	65.953064	-16.526293	1.959276	3096	738	562.123	562.123	562.123
1008	7	0	65.582157	-15.339963	1.837030	3089	714	563.366	563.366	563.366
1009	7	0	65.495264	-14.847572	1.745469	3087	705	563.866	563.866	563.866
1010	7	0	65.408371	-14.355180	1.480780	3085	695	564.366	564.366	564.366
1011	7	0	65.627786	-13.379362	1.082536	3090	675	565.366	565.366	565.366
1012	7	0	66.470373	-12.355764	0.840465	3107	655	566.692	566.692	566.692
1013	7	0	66.842994	-12.022367	0.729900	3114	648	567.192	567.192	567.192
1014	7	0	67.215614	-11.688970	1.914925	3122	641	567.692	567.692	567.692
1015	7	0	66.669309	-11.537740	-3.136592	3111	638	568.259	568.259	568.259
1016	7	0	65.564304	-11.697228	-2.636109	3089	642	569.375	569.375	569.375
1017	7	0	65.185295	-12.359059	-2.017892	3081	655	570.138	570.138	570.138
1018	7	0	65.020609	-12.831159	-1.906435	3078	664	570.638	570.638	570.638
1019	7	0	64.855923	-13.303259	-1.704577	3074	674	571.138	571.138	571.138
1020	7	0	64.831322	-14.237607	-1.564230	3074	692	572.073	572.073	572.073
1021	7	0	64.865334	-14.736449	-1.502720	3075	702	572.573	572.573	572.573
1022	7	0	64.899346	-15.235291	-1.446831	3075	712	573.073	573.073	573.073
1023	7	0	65.014559	-15.934040	-1.400579	3078	726	573.781	573.781	573.781
1024	7	0	65.104001	-16.425975	-1.165024	3079	736	574.281	574.281	574.281
1025	7	0	65.619585	-17.342344	-1.019910	3090	754	575.332	575.332	575.332
1026	7	0	65.914840	-17.745859	-0.939106	3096	763	575.832	575.832	575.832
1027	7	0	66.210095	-18.149374	-0.574064	3101	771	576.332	576.332	576.332
1028	7	0	67.201428	-18.577918	-0.345157	3121	779	577.412	577.412	577.412
1029	7	0	67.690545	-18.681670	-1.480004	3131	781	577.912	577.912	577.912
1030	7	0	67.232416	-18.918287	-2.911999	3122	786	578.428	578.428	578.428
1031	7	0	66.378868	-18.988228	-2.781616	3105	787	579.284	579.284	579.284
1032	7	0	65.210525	-19.679278	-2.540064	3081	801	580.642	580.642	580.642
1033	7	0	64.856972	-20.032832	-2.356194	3074	808	581.142	581.142	581.142
1034	7	0	64.503418	-20.386385	-2.356194	3067	815	581.642	581.642	581.642
1035	7	0	64.149865	-20.739939	-2.356194	3060	822	582.142	582.142	582.142
1036	7	0	63.796311	-21.093492	-2.356194	3053	829	582.642	582.642	582.642
1037	7	0	63.442758	-21.447045	-2.356194	3046	837	583.142	583.142	583.142
1038	7	0	63.089205	-21.800599	-2.356194	3039	844	583.642	583.642	583.642
1039	7	0	62.735651	-22.154152	-2.356194	3032	851	584.142	584.142	584.142
1040	7	0	62.382098	-22.507705	-2.356194	3025	858	584.642	584.642	584.642
1041	7	0	62.028545	-22.861259	-2.356194	3018	865	585.142	585.142	585.142
1042	7	0	61.674991	-23.214812	-2.356194	3011	872	585.642	585.642	585.642
1043	7	0	61.321438	-23.568366	-2.356194	3004	879	586.142	586.142	586.142
1044	7	0	60.967884	-23.921919	-2.356194	2997	886	586.642	586.642	586.642
1045	7	0	60.614331	-24.275472	-2.356194	2990	893	587.142	587.142	587.142
1046	7	0	60.260778	-24.629026	-2.356194	2982	900	587.642	587.642	587.642
1047	7	0	59.907224	-24.982579	-2.356194	2975	907	588.142	588.142	588.142
1048	7	0	59.553671	-25.336133	-2.356194	2968	914	588.642	588.642	588.642
1049	7	0	59.200117	-25.689686	-2.356194	2961	921	589.142	589.142	589.142
1050	7	0	58.846564	-26.043239	-2.356194	2954	928	589.642	589.642	589.642
1051	7	0	58.493011	-26.396793	-2.356194	2947	936	590.142	590.142	590.142
1052	7	0	58.139457	-26.750346	-2.356194	2940	943	590.642	590.642	590.642
1053	7	0	57.785904	-27.103900	-2.356194	2933	950	591.142	591.142	591.142
1054	7	0	57.432350	-27.457453	-2.356194	2926	957	591.642	591.642	591.642
1055	7	0	57.078797	-27.811006	-2.356194	2919	964	592.142	592.142	592.142
1056	7	0	56.725244	-28.164560	-2.356194	2912	971	592.642	592.642	592.642
1057	7	0	56.371690	-28.518113	-2.356194	2905	978	593.142	593.142	593.142
1058	7	0	56.018137	-28.871667	-2.356194	2898	985	593.642	593.642	593.642
1059	7	0	55.664583	-29.225220	-2.356194	2891	992	594.142	594.142	594.142
1060	7	0	55.311030	-29.578773	-2.356194	2883	999	594.642	594.642	594.642
1061	7	0	54.957477	-29.932327	-2.356194	2876	1006	595.142	595.142	595.142
1062	7	0	54.603923	-30.285880	-2.356194	2869	1013	595.642	595.642	595.642
1063	7	0	54.250370	-30.639433	-3.110821	2862	1020	596.142	596.142	596.142
1064	7	0	53.838163	-30.309451	1.654046	2854	1014	596.670	596.670	596.670
1065	7	0	54.193482	-29.957673	0.780390	2861	1007	597.170	597.170	597.170
1066	7	0	54.548802	-29.605895	0.780390	2868	1000	597.670	597.670	597.670
1067	7	0	54.904122	-29.254116	0.780390	2875	993	598.170	598.170	598.170
1068	7	0	55.259441	-28.902338	0.780390	2882	986	598.670	598.670	598.670
1069	7	0	55.614761	-28.550560	0.780390	2890	979	599.170	599.170	599.170
1070	7	0	55.970081	-28.198782	0.780390	2897	972	599.670	599.670	599.670
1071	7	0	56.325400	-27.847003	0.780390	2904	965	600.170	600.170	600.170
1072	7	0	56.680720	-27.495225	0.780390	2911	958	600.670	600.670	600.670
1073	7	0	57.036040	-27.143447	0.780390	2918	950	601.170	601.170	601.170
1074	7	0	57.391359	-26.791669	0.780390	2925	943	601.670	601.670	601.670
1075	7	0	57.746679	-26.439890	0.780390	2932	936	602.170	602.170	602.170
1076	7	0	58.101999	-26.088112	0.780390	2939	929	602.670	602.670	602.670
1077	7	0	58.457318	-25.736334	0.780390	2946	922	603.170	603.170	603.170
1078	7	0	58.812638	-25.384556	0.780390	2954	915	603.670	603.670	603.670
1079	7	0	59.167958	-25.032777	0.780390	2961	908	604.170	604.170	604.170
1080	7	0	59.523277	-24.680999	0.780390	2968	901	604.670	604.670	604.670
1081	7	0	59.878597	-24.329221	0.780390	2975	894	605.170	605.170	605.170
1082	7	0	60.233917	-23.977443	0.780390	2982	887	605.670	605.670	605.670
1083	7	0	60.589236	-23.625664	0.780390	2989	880	606.170	606.170	606.170
1084	7	0	60.944556	-23.273886	0.780390	2996	873	606.670	606.670	606.670
1085	7	0	61.299875	-22.922108	0.780390	3003	866	607.170	607.170	607.170
1086	7	0	61.655195	-22.570330	0.780390	3010	859	607.670	607.670	607.670
1087	7	0	62.010515	-22.218551	0.780390	3017	852	608.170	608.170	608.170
1088	7	0	62.365834	-21.866773	0.780390	3025	845	608.670	608.670	608.670
1089	7	0	62.721154	-21.514995	0.780390	3032	838	609.170	609.170	609.170
1090	7	0	63.076474	-21.163216	0.780390	3039	831	609.670	609.670	609.670
1091	7	0	63.431793	-20.811438	0.780390	3046	824	610.170	610.170	610.170
1092	7	0	63.787113	-20.459660	0.780390	3053	817	610.670	610.670	610.670
1093	7	0	64.142433	-20.107882	0.780390	3060	810	611.170	611.170	611.170
1094	7	0	64.497752	-19.756103	0.780390	3067	803	611.670	611.670	611.670
1095	7	0	64.853072	-19.404325	0.780390	3074	796	612.170	612.170	612.170
1096	7	0	65.208392	-19.052547	0.780390	3081	789	612.670	612.670	612.670
1097	7	0	65.648585	-18.822378	0.780390	3090	784	613.167	613.167	613.167
1098	7	0	66.018626	-18.484498	1.844335	3098	777	613.668	613.668	613.668
1099	7	0	65.637870	-18.186022	1.844335	3090	771	614.151	614.151	614.151
1100	7	0	65.286107	-17.883701	-3.126492	3083	765	614.615	614.615	614.615
1101	7	0	65.011430	-18.297886	-3.126492	3077	774	615.112	615.112	615.112
1102	7	0	64.671862	-18.714238	-2.313966	3071	782	615.650	615.650	615.650
1103	7	0	64.333550	-19.082401	-2.313966	3064	789	616.150	616.150	616.150
1104	7	0	63.995237	-19.450565	-2.313966	3057	797	616.650	616.650	616.650
1105	7	0	63.656924	-19.818729	-2.313966	3050	804	617.150	617.150	617.150
1106	7	0	63.318612	-20.186893	-2.313966	3044	811	617.650	617.650	617.650
1107	7	0	62.980299	-20.555056	2.553804	3037	819	618.150	618.150	618.150
1108	7	0	63.070720	-20.021708	1.109042	3039	808	618.691	618.691	618.691
1109	7	0	63.625797	-19.257926	0.921410	3050	793	619.635	619.635	619.635
1110	7	0	63.943650	-18.871961	0.881872	3056	785	620.135	620.135	620.135
1111	7	0	64.261504	-18.485996	0.881872	3062	777	620.635	620.635	620.635
1112	7	0	64.579358	-18.100031	0.881872	3069	770	621.135	621.135	621.135
1113	7	0	64.897211	-17.714066	1.299092	3075	762	621.635	621.635	621.635
1114	7	0	64.831838	-17.193764	1.705805	3074	751	622.159	622.159	622.159
1115	7	0	64.759336	-16.699048	1.716312	3072	742	622.659	622.659	622.659
1116	7	0	64.686835	-16.204332	1.716312	3071	732	623.159	623.159	623.159
1117	7	0	64.614334	-15.709617	1.716312	3070	722	623.659	623.659	623.659
1118	7	0	64.541832	-15.214901	1.716312	3068	712	624.159	624.159	624.159
1119	7	0	64.469331	-14.720185	1.716312	3067	702	624.659	624.659	624.659
1120	7	0	64.396829	-14.225470	1.716312	3065	692	625.159	625.159	625.159
1121	7	0	64.324328	-13.730754	1.716312	3064	682	625.659	625.659	625.659
1122	7	0	64.251826	-13.236039	1.430241	3062	672	626.159	626.159	626.159
1123	7	0	64.660001	-12.458599	1.702556	3070	657	627.037	627.037	627.037
1124	7	0	65.234499	-11.510201	1.702556	3082	638	628.146	628.146	628.146
1125	7	0	64.345717	-11.510201	1.702556	3064	638	629.035	629.035	629.035
1126	7	0	64.057115	-12.347676	2.858546	3058	655	629.921	629.921	629.921
1127	7	0	63.769210	-11.522211	2.858546	3053	638	630.795	630.795	630.795
1128	7	0	63.202011	-11.558036	-2.493867	3041	639	631.363	631.363	631.363
1129	7	0	63.270878	-12.247011	-1.392989	3043	653	632.056	632.056	632.056
1130	7	0	63.371606	-12.736760	-1.367951	3045	662	632.556	632.556	632.556
1131	7	0	63.472335	-13.226508	-1.367951	3047	672	633.056	633.056	633.056
1132	7	0	63.573063	-13.716257	-1.367951	3049	682	633.556	633.556	633.556
1133	7	0	63.673792	-14.206006	-1.367951	3051	692	634.056	634.056	634.056
1134	7	0	63.774520	-14.695754	-1.367951	3053	702	634.556	634.556	634.556
1135	7	0	63.875248	-15.185503	-1.367951	3055	711	635.056	635.056	635.056
1136	7	0	63.975977	-15.675252	-1.367951	3057	721	635.556	635.556	635.556
1137	7	0	64.076705	-16.165000	-1.367951	3059	731	636.056	636.056	636.056
1138	7	0	64.177434	-16.654749	-1.367951	3061	741	636.556	636.556	636.556
1139	7	0	64.344248	-17.222719	-1.367951	3064	752	637.148	637.148	637.148
1140	7	0	64.432907	-17.666763	-1.779499	3066	761	637.600	637.600	637.600
1141	7	0	63.819282	-18.345850	2.931553	3054	775	638.516	638.516	638.516
1142	7	0	63.556723	-17.723126	2.931553	3048	762	639.191	639.191	639.191
1143	7	0	63.372767	-16.951482	1.834628	3045	747	639.985	639.985	639.985
1144	7	0	63.308674	-16.455607	1.699335	3043	737	640.485	640.485	640.485
1145	7	0	63.244581	-15.959732	1.699335	3042	727	640.985	640.985	640.985
1146	7	0	62.817786	-14.974997	1.699335	3034	707	642.058	642.058	642.058
1147	7	0	62.498337	-14.205761	1.699335	3027	692	642.891	642.891	642.891
1148	7	0	62.197699	-13.457571	1.699335	3021	677	643.697	643.697	643.697
1149	7	0	62.259764	-12.709381	1.699335	3022	662	644.448	644.448	644.448
1150	7	0	62.767871	-11.536329	3.000448	3033	638	645.726	645.726	645.726
1151	7	0	62.087072	-11.567495	-1.868098	3019	639	646.408	646.408	646.408
1152	7	0	61.734980	-11.889404	-1.480136	3012	645	646.885	646.885	646.885
1153	7	0	61.573903	-12.336761	-1.480136	3009	654	647.360	647.360	647.360
1154	7	0	60.943117	-12.541767	-1.480136	2996	658	648.024	648.024	648.024
1155	7	0	60.251316	-11.927619	2.662232	2982	646	648.949	648.949	648.949
1156	7	0	59.751366	-11.920615	3.127585	2972	646	649.449	649.449	649.449
1157	7	0	59.251415	-11.913612	3.127585	2962	646	649.949	649.949	649.949
1158	7	0	58.751464	-11.906608	3.127585	2952	646	650.449	650.449	650.449
1159	7	0	58.251513	-11.899604	3.127585	2942	646	650.949	650.949	650.949
1160	7	0	57.751562	-11.892601	3.127585	2932	645	651.449	651.449	651.449
1161	7	0	57.251611	-11.885597	3.127585	2922	645	651.949	651.949	651.949
1162	7	0	56.751660	-11.878594	3.127585	2912	645	652.449	652.449	652.449
1163	7	0	56.251709	-11.871590	3.127585	2902	645	652.949	652.949	652.949
1164	7	0	55.751758	-11.864586	3.127585	2892	645	653.449	653.449	653.449
1165	7	0	55.251807	-11.857583	3.127585	2882	645	653.949	653.949	653.949
1166	7	0	54.751856	-11.850579	3.127585	2872	645	654.449	654.449	654.449
1167	7	0	54.251905	-11.843575	3.127585	2862	644	654.949	654.949	654.949
1168	7	0	53.751954	-11.836572	3.127585	2852	644	655.449	655.449	655.449
1169	7	0	53.252003	-11.829568	3.127585	2842	644	655.949	655.949	655.949
1170	7	0	52.752052	-11.822565	3.127585	2832	644	656.449	656.449	656.449
1171	7	0	52.252101	-11.815561	3.127585	2822	644	656.949	656.949	656.949
1172	7	0	51.752150	-11.808557	3.127585	2812	644	657.449	657.449	657.449
1173	7	0	51.252199	-11.801554	3.127585	2802	644	657.949	657.949	657.949
1174	7	0	50.752248	-11.794550	3.127585	2792	644	658.449	658.449	658.449
1175	7	0	50.252298	-11.787547	3.127585	2782	643	658.949	658.949	658.949
1176	7	0	49.752347	-11.780543	3.127585	2772	643	659.449	659.449	659.449
1177	7	0	49.252396	-11.773539	3.127585	2762	643	659.949	659.949	659.949
1178	7	0	48.752445	-11.766536	3.127585	2752	643	660.449	660.449	660.449
1179	7	0	48.252494	-11.759532	3.127585	2742	643	660.949	660.949	660.949
1180	7	0	47.752543	-11.752528	3.127585	2732	643	661.449	661.449	661.449
1181	7	0	47.252592	-11.745525	3.127585	2722	643	661.949	661.949	661.949
1182	7	0	46.752641	-11.738521	3.127585	2712	642	662.449	662.449	662.449
1183	7	0	46.252690	-11.731518	3.127585	2702	642	662.949	662.949	662.949
1184	7	0	45.752739	-11.724514	3.127585	2692	642	663.449	663.449	663.449
1185	7	0	45.252788	-11.717510	3.127585	2682	642	663.949	663.949	663.949
1186	7	0	44.752837	-11.710507	3.127585	2672	642	664.449	664.449	664.449
1187	7	0	44.252886	-11.703503	3.127585	2662	642	664.949	664.949	664.949
1188	7	0	43.752935	-11.696499	3.127585	2652	642	665.449	665.449	665.449
1189	7	0	43.252984	-11.689496	3.127585	2642	641	665.949	665.949	665.949
1190	7	0	42.753033	-11.682492	3.127585	2632	641	666.449	666.449	666.449
1191	7	0	42.253082	-11.675489	3.127585	2622	641	666.949	666.949	666.949
1192	7	0	41.753131	-11.668485	3.127585	2612	641	667.449	667.449	667.449
1193	7	0	41.253180	-11.661481	3.127585	2602	641	667.949	667.949	667.949
1194	7	0	40.753230	-11.654478	3.127585	2592	641	668.449	668.449	668.449
1195	7	0	40.253279	-11.647474	3.127585	2582	641	668.949	668.949	668.949
1196	7	0	39.753328	-11.640470	3.127585	2572	640	669.449	669.449	669.449
1197	7	0	39.253377	-11.633467	3.127585	2562	640	669.949	669.949	669.949
1198	7	0	38.753426	-11.626463	3.127585	2552	640	670.449	670.449	670.449
1199	7	0	38.253475	-11.619460	3.127585	2542	640	670.949	670.949	670.949
1200	7	0	37.753524	-11.612456	3.127585	2532	640	671.449	671.449	671.449
1201	7	0	37.253573	-11.605452	3.127585	2522	640	671.949	671.949	671.949
1202	7	0	36.753622	-11.598449	3.127585	2512	640	672.449	672.449	672.449
1203	7	0	36.253671	-11.591445	3.127585	2502	639	672.949	672.949	672.949
1204	7	0	35.753720	-11.584441	3.127585	2492	639	673.449	673.449	673.449
1205	7	0	35.253769	-11.577438	3.127585	2482	639	673.949	673.949	673.949
1206	7	0	34.753818	-11.570434	3.127585	2472	639	674.449	674.449	674.449
1207	7	0	34.253867	-11.563431	3.127585	2462	639	674.949	674.949	674.949
1208	7	0	33.753916	-11.556427	3.127585	2452	639	675.449	675.449	675.449
1209	7	0	33.253965	-11.549423	3.127585	2442	639	675.949	675.949	675.949
1210	7	0	32.754014	-11.542420	3.127585	2432	638	676.449	676.449	676.449
1211	7	0	32.254063	-11.535416	3.127585	2422	638	676.949	676.949	676.949
1212	7	0	31.754112	-11.528412	3.127585	2412	638	677.449	677.449	677.449
1213	7	0	31.254162	-11.521409	3.127585	2402	638	677.949	677.949	677.949
1214	7	0	30.754211	-11.514405	3.127585	2392	638	678.449	678.449	678.449
1215	7	0	30.254260	-11.507402	3.127585	2382	638	678.949	678.949	678.949
1216	7	0	29.754309	-11.500398	3.127585	2372	638	679.449	679.449	679.449
1217	7	0	29.254358	-11.493394	3.127585	2362	637	679.949	679.949	679.949
1218	7	0	28.754407	-11.486391	3.127585	2352	637	680.449	680.449	680.449
1219	7	0	28.254456	-11.479387	3.127585	2342	637	680.949	680.949	680.949
1220	7	0	27.754505	-11.472383	3.127585	2332	637	681.449	681.449	681.449
1221	7	0	27.254554	-11.465380	3.127585	2322	637	681.949	681.949	681.949
1222	7	0	26.754603	-11.458376	3.127585	2312	637	682.449	682.449	682.449
1223	7	0	26.254652	-11.451373	3.127585	2302	637	682.949	682.949	682.949
1224	7	0	25.754701	-11.444369	3.127585	2292	637	683.449	683.449	683.449
1225	7	0	25.254750	-11.437365	3.127585	2282	636	683.949	683.949	683.949
1226	7	0	24.754799	-11.430362	3.127585	2272	636	684.449	684.449	684.449
1227	7	0	24.254848	-11.423358	3.127585	2262	636	684.949	684.949	684.949
1228	7	0	23.754897	-11.416354	3.127585	2252	636	685.449	685.449	685.449
1229	7	0	23.254946	-11.409351	3.127585	2242	636	685.949	685.949	685.949
1230	7	0	22.754995	-11.402347	3.127585	2232	636	686.449	686.449	686.449
1231	7	0	22.613434	-11.400364	3.127585	2230	636	686.590	686.590	686.590
1232	7	0	21.908551	-11.483292	3.138314	2215	637	687.300	687.300	687.300
1233	7	0	21.408553	-11.481652	3.138314	2205	637	687.800	687.800	687.800
1234	7	0	20.908556	-11.480013	3.138314	2195	637	688.300	688.300	688.300
1235	7	0	20.408559	-11.478374	3.138314	2185	637	688.800	688.800	688.800
1236	7	0	19.908561	-11.476734	3.138314	2175	637	689.300	689.300	689.300
1237	7	0	19.408564	-11.475095	3.138314	2165	637	689.800	689.800	689.800
1238	7	0	18.908567	-11.473456	3.138314	2155	637	690.300	690.300	690.300
1239	7	0	18.408569	-11.471816	3.138314	2145	637	690.800	690.800	690.800
1240	7	0	17.908572	-11.470177	3.138314	2135	637	691.300	691.300	691.300
1241	7	0	17.408575	-11.468538	3.138314	2125	637	691.800	691.800	691.800
1242	7	0	16.908577	-11.466898	3.138314	2115	637	692.300	692.300	692.300
1243	7	0	16.408580	-11.465259	3.138314	2105	637	692.800	692.800	692.800
1244	7	0	15.908583	-11.463620	3.138314	2095	637	693.300	693.300	693.300
1245	7	0	15.408586	-11.461980	3.138314	2085	637	693.800	693.800	693.800
1246	7	0	14.908588	-11.460341	3.138314	2075	637	694.300	694.300	694.300
1247	7	0	14.408591	-11.458702	3.138314	2065	637	694.800	694.800	694.800
1248	7	0	13.908594	-11.457062	3.138314	2055	637	695.300	695.300	695.300
1249	7	0	13.408596	-11.455423	3.138314	2045	637	695.800	695.800	695.800
1250	7	0	12.908599	-11.453784	3.138314	2035	637	696.300	696.300	696.300
1251	7	0	12.408602	-11.452144	3.138314	2025	637	696.800	696.800	696.800
1252	7	0	11.908604	-11.450505	3.138314	2015	637	697.300	697.300	697.300
1253	7	0	11.408607	-11.448866	3.138314	2005	637	697.800	697.800	697.800
1254	7	0	10.908610	-11.447226	3.138314	1995	637	698.300	698.300	698.300
1255	7	0	10.408612	-11.445587	3.138314	1985	637	698.800	698.800	698.800
1256	7	0	9.908615	-11.443948	3.138314	1975	636	699.300	699.300	699.300
1257	7	0	9.408618	-11.442308	3.138314	1965	636	699.800	699.800	699.800
1258	7	0	8.908620	-11.440669	3.138314	1955	636	700.300	700.300	700.300
1259	7	0	8.408623	-11.439030	3.138314	1945	636	700.800	700.800	700.800
1260	7	0	7.908626	-11.437390	3.138314	1935	636	701.300	701.300	701.300
1261	7	0	7.408628	-11.435751	3.138314	1925	636	701.800	701.800	701.800
1262	7	0	6.908631	-11.434112	3.138314	1915	636	702.300	702.300	702.300
1263	7	0	6.408634	-11.432472	3.138314	1905	636	702.800	702.800	702.800
1264	7	0	5.908637	-11.430833	3.138314	1895	636	703.300	703.300	703.300
1265	7	0	5.408639	-11.429194	3.138314	1885	636	703.800	703.800	703.800
1266	7	0	4.908642	-11.427554	3.138314	1875	636	704.300	704.300	704.300
1267	7	0	4.408645	-11.425915	3.138314	1865	636	704.800	704.800	704.800
1268	7	0	3.908647	-11.424276	3.138314	1855	636	705.300	705.300	705.300
1269	7	0	3.408650	-11.422636	3.138314	1845	636	705.800	705.800	705.800
1270	7	0	2.908653	-11.420997	3.138314	1835	636	706.300	706.300	706.300
1271	7	0	2.408655	-11.419358	3.138314	1825	636	706.800	706.800	706.800
1272	7	0	1.908658	-11.417718	3.138314	1815	636	707.300	707.300	707.300
1273	7	0	1.408661	-11.416079	3.138314	1805	636	707.800	707.800	707.800
1274	7	0	0.908663	-11.414440	3.138314	1795	636	708.300	708.300	708.300
1275	7	0	0.408666	-11.412800	3.138314	1785	636	708.800	708.800	708.800
1276	7	0	-0.091331	-11.411161	3.138314	1775	636	709.300	709.300	709.300
1277	7	0	-0.591329	-11.409522	3.138314	1765	636	709.800	709.800	709.800
1278	7	0	-1.091326	-11.407882	3.138314	1755	636	710.300	710.300	710.300
1279	7	0	-1.591323	-11.406243	3.138314	1745	636	710.800	710.800	710.800
1280	7	0	-2.091320	-11.404604	3.138314	1735	636	711.300	711.300	711.300
1281	7	0	-2.591318	-11.402964	3.138314	1725	636	711.800	711.800	711.800
1282	7	0	-3.091315	-11.401325	-2.354582	1715	636	712.300	712.300	712.300
1283	7	0	-3.379171	-12.193363	-1.787611	1710	651	713.143	713.143	713.143
1284	7	0	-3.375919	-12.693352	-1.564292	1710	661	713.643	713.643	713.643
1285	7	0	-3.372667	-13.193342	-1.564292	1710	671	714.143	714.143	714.143
1286	7	0	-3.369415	-13.693331	-1.564292	1710	681	714.643	714.643	714.643
1287	7	0	-3.366163	-14.193321	-1.564292	1710	691	715.143	715.143	715.143
1288	7	0	-3.362911	-14.693310	-1.564292	1710	701	715.643	715.643	715.643
1289	7	0	-3.359659	-15.193299	-1.564292	1710	711	716.143	716.143	716.143
1290	7	0	-3.356407	-15.693289	-1.564292	1710	721	716.643	716.643	716.643
1291	7	0	-3.353156	-16.193278	-1.564292	1710	731	717.143	717.143	717.143
1292	7	0	-3.349904	-16.693268	-1.564292	1710	741	717.643	717.643	717.643
1293	7	0	-3.346652	-17.193257	-1.564292	1710	751	718.143	718.143	718.143
1294	7	0	-3.343400	-17.693247	-1.564292	1710	761	718.643	718.643	718.643
1295	7	0	-3.340148	-18.193236	-1.564292	1710	771	719.143	719.143	719.143
1296	7	0	-3.336896	-18.693225	-1.564292	1711	781	719.643	719.643	719.643
1297	7	0	-3.333644	-19.193215	-1.564292	1711	791	720.143	720.143	720.143
1298	7	0	-3.330392	-19.693204	-1.564292	1711	801	720.643	720.643	720.643
1299	7	0	-3.327140	-20.193194	-1.564292	1711	811	721.143	721.143	721.143
1300	7	0	-3.323888	-20.693183	-1.564292	1711	821	721.643	721.643	721.643
1301	7	0	-3.320636	-21.193172	-1.564292	1711	831	722.143	722.143	722.143
1302	7	0	-3.317384	-21.693162	-1.564292	1711	841	722.643	722.643	722.643
1303	7	0	-3.314132	-22.193151	-1.564292	1711	851	723.143	723.143	723.143
1304	7	0	-3.310880	-22.693141	-1.564292	1711	861	723.643	723.643	723.643
1305	7	0	-3.307628	-23.193130	-1.564292	1711	871	724.143	724.143	724.143
1306	7	0	-3.304376	-23.693120	-1.564292	1711	881	724.643	724.643	724.643
1307	7	0	-3.301124	-24.193109	-1.564292	1711	891	725.143	725.143	725.143
1308	7	0	-3.297872	-24.693098	-1.564292	1711	901	725.643	725.643	725.643
1309	7	0	-3.294620	-25.193088	-1.564292	1711	911	726.143	726.143	726.143
1310	7	0	-3.291368	-25.693077	-1.564292	1711	921	726.643	726.643	726.643
1311	7	0	-3.288116	-26.193067	-1.564292	1711	931	727.143	727.143	727.143
1312	7	0	-3.284864	-26.693056	-1.564292	1712	941	727.643	727.643	727.643
1313	7	0	-3.281612	-27.193046	-1.564292	1712	951	728.143	728.143	728.143
1314	7	0	-3.278360	-27.693035	-1.564292	1712	961	728.643	728.643	728.643
1315	7	0	-3.275108	-28.193024	-1.564292	1712	971	729.143	729.143	729.143
1316	7	0	-3.271856	-28.693014	-1.564292	1712	981	729.643	729.643	729.643
1317	7	0	-3.268604	-29.193003	-1.564292	1712	991	730.143	730.143	730.143
1318	7	0	-3.265352	-29.692993	-1.564292	1712	1001	730.643	730.643	730.643
1319	7	0	-3.262101	-30.192982	-1.564292	1712	1011	731.143	731.143	731.143
1320	7	0	-3.258849	-30.692972	-1.564292	1712	1021	731.643	731.643	731.643
1321	7	0	-3.255597	-31.192961	-1.564292	1712	1031	732.143	732.143	732.143
1322	7	0	-3.252345	-31.692950	-1.564292	1712	1041	732.643	732.643	732.643
1323	7	0	-3.249093	-32.192940	-1.564292	1712	1051	733.143	733.143	733.143
1324	7	0	-3.245841	-32.692929	-1.564292	1712	1061	733.643	733.643	733.643
1325	7	0	-3.242589	-33.192919	-1.564292	1712	1071	734.143	734.143	734.143
1326	7	0	-3.239337	-33.692908	-1.564292	1712	1081	734.643	734.643	734.643
1327	7	0	-3.236085	-34.192898	-1.564292	1713	1091	735.143	735.143	735.143
1328	7	0	-3.232833	-34.692887	-1.564292	1713	1101	735.643	735.643	735.643
1329	7	0	-3.229581	-35.192876	-1.564292	1713	1111	736.143	736.143	736.143
1330	7	0	-3.226329	-35.692866	-1.564292	1713	1121	736.643	736.643	736.643
1331	7	0	-3.223077	-36.192855	-1.564292	1713	1131	737.143	737.143	737.143
1332	7	0	-3.219825	-36.692845	-1.394367	1713	1141	737.643	737.643	737.643
1333	7	0	-2.978223	-37.566258	-1.273736	1718	1159	738.549	738.549	738.549
1334	7	0	-2.808488	-38.036566	-1.224442	1721	1168	739.049	739.049	739.049
1335	7	0	-2.638752	-38.506874	-1.224442	1724	1178	739.549	739.549	739.549
1336	7	0	-2.469017	-38.977182	-1.224442	1728	1187	740.049	740.049	740.049
1337	7	0	-2.299282	-39.447491	-1.224442	1731	1197	740.549	740.549	740.549
1338	7	0	-2.129546	-39.917799	-1.224442	1735	1206	741.049	741.049	741.049
1339	7	0	-1.959811	-40.388107	-1.224442	1738	1215	741.549	741.549	741.549
1340	7	0	-1.790076	-40.858416	-1.224442	1741	1225	742.049	742.049	742.049
1341	7	0	-1.620340	-41.328724	-1.224442	1745	1234	742.549	742.549	742.549
1342	7	0	-1.450605	-41.799032	-1.224442	1748	1244	743.049	743.049	743.049
1343	7	0	-1.280870	-42.269341	-1.224442	1752	1253	743.549	743.549	743.549
1344	7	0	-1.228215	-42.415239	-1.224442	1753	1256	743.704	743.704	743.704
1345	7	0	-1.062360	-42.912804	-1.118018	1756	1266	744.229	744.229	744.229
1346	7	0	-0.843627	-43.362422	-1.118018	1760	1275	744.729	744.729	744.729
1347	7	0	-0.624894	-43.812039	-1.118018	1765	1284	745.229	745.229	745.229
1348	7	0	-0.406161	-44.261657	-1.118018	1769	1293	745.729	745.729	745.729
1349	7	0	-0.187428	-44.711274	-1.118018	1774	1302	746.229	746.229	746.229
1350	7	0	0.031305	-45.160892	-1.118018	1778	1311	746.729	746.729	746.729
1351	7	0	0.250037	-45.610509	-1.118018	1782	1320	747.229	747.229	747.229
1352	7	0	0.468770	-46.060127	-1.118018	1787	1329	747.729	747.729	747.729
1353	7	0	0.687503	-46.509745	-1.118018	1791	1338	748.229	748.229	748.229
1354	7	0	0.906236	-46.959362	-1.118018	1795	1347	748.729	748.729	748.729
1355	7	0	1.124969	-47.408980	-1.118018	1800	1356	749.229	749.229	749.229
1356	7	0	1.343702	-47.858597	-1.118018	1804	1365	749.729	749.729	749.729
1357	7	0	1.562435	-48.308215	-1.118018	1809	1374	750.229	750.229	750.229
1358	7	0	1.781167	-48.757832	-1.118018	1813	1383	750.729	750.729	750.729
1359	7	0	2.424791	-49.264478	-1.118018	1826	1393	751.548	751.548	751.548
