========================================
覆盖路径点统计信息
========================================
总路径点数: 1317

总路径距离: 700.180 米

----------------------------------------
按房间统计
----------------------------------------
房间 5: 1317 个点, 距离: 700.180 米

----------------------------------------
按房间+Segment统计
----------------------------------------
房间 5, Segment 0: 1317 个点, 距离: 700.180 米

----------------------------------------
详细路径点信息
----------------------------------------
ID	Room	Segment	X(m)	Y(m)	Yaw(rad)	U(px)	V(px)	Acc_Dist	Room_Dist	Seg_Dist
0	5	0	55.601177	-32.601101	0.262159	2889	1060	0.000	0.000	0.000
1	5	0	55.955634	-32.740182	0.257324	2896	1062	0.381	0.381	0.381
2	5	0	56.398412	-33.082023	-0.573697	2905	1069	0.940	0.940	0.940
3	5	0	56.788404	-33.394923	-0.676157	2913	1076	1.440	1.440	1.440
4	5	0	57.178395	-33.707823	-0.676157	2921	1082	1.940	1.940	1.940
5	5	0	57.568387	-34.020723	-0.676157	2929	1088	2.440	2.440	2.440
6	5	0	57.958378	-34.333623	-0.676157	2936	1094	2.940	2.940	2.940
7	5	0	58.348370	-34.646524	-0.676157	2944	1101	3.440	3.440	3.440
8	5	0	58.575166	-34.902056	-0.676157	2949	1106	3.782	3.782	3.782
9	5	0	59.035045	-35.487157	-0.765983	2958	1117	4.526	4.526	4.526
10	5	0	59.395396	-35.833780	-0.765983	2965	1124	5.026	5.026	5.026
11	5	0	59.755747	-36.180403	-0.765983	2972	1131	5.526	5.526	5.526
12	5	0	60.116097	-36.527026	-0.765983	2980	1138	6.026	6.026	6.026
13	5	0	60.476448	-36.873649	-0.765983	2987	1145	6.526	6.526	6.526
14	5	0	60.836798	-37.220272	-0.765983	2994	1152	7.026	7.026	7.026
15	5	0	61.197149	-37.566895	-0.765983	3001	1159	7.526	7.526	7.526
16	5	0	61.557499	-37.913518	-0.765983	3008	1166	8.026	8.026	8.026
17	5	0	61.917850	-38.260141	-0.765983	3016	1173	8.526	8.526	8.526
18	5	0	62.278201	-38.606764	-0.765983	3023	1180	9.026	9.026	9.026
19	5	0	62.638551	-38.953387	-0.765983	3030	1187	9.526	9.526	9.526
20	5	0	62.998902	-39.300009	-0.765983	3037	1194	10.026	10.026	10.026
21	5	0	63.359252	-39.646632	-0.765983	3044	1201	10.526	10.526	10.526
22	5	0	63.719603	-39.993255	-0.765983	3052	1207	11.026	11.026	11.026
23	5	0	64.079954	-40.339878	-0.765983	3059	1214	11.526	11.526	11.526
24	5	0	64.440304	-40.686501	-0.765983	3066	1221	12.026	12.026	12.026
25	5	0	64.800655	-41.033124	-0.765983	3073	1228	12.526	12.526	12.526
26	5	0	65.161005	-41.379747	-0.765983	3080	1235	13.026	13.026	13.026
27	5	0	65.521356	-41.726370	-0.765983	3088	1242	13.526	13.526	13.526
28	5	0	65.881706	-42.072993	-0.916753	3095	1249	14.026	14.026	14.026
29	5	0	66.706283	-43.272052	-0.993720	3111	1273	15.481	15.481	15.481
30	5	0	66.947431	-43.710056	-1.067522	3116	1282	15.981	15.981	15.981
31	5	0	67.188580	-44.148060	-1.067522	3121	1291	16.481	16.481	16.481
32	5	0	67.429728	-44.586064	-1.067522	3126	1299	16.981	16.981	16.981
33	5	0	67.670876	-45.024068	-1.011828	3131	1308	17.481	17.481	17.481
34	5	0	68.485012	-46.273131	-0.983861	3147	1333	18.972	18.972	18.972
35	5	0	68.773353	-46.681615	-0.956133	3153	1341	19.472	19.472	19.472
36	5	0	69.061695	-47.090099	-0.956133	3158	1349	19.972	19.972	19.972
37	5	0	69.350037	-47.498583	-0.956133	3164	1358	20.472	20.472	20.472
38	5	0	69.638378	-47.907067	-0.956133	3170	1366	20.972	20.972	20.972
39	5	0	69.926720	-48.315551	-0.956133	3176	1374	21.472	21.472	21.472
40	5	0	70.215061	-48.724035	-0.805915	3182	1382	21.972	21.972	21.972
41	5	0	70.997325	-49.431013	-0.851812	3197	1396	23.027	23.027	23.027
42	5	0	71.666266	-50.382038	-0.939566	3211	1415	24.189	24.189	24.189
43	5	0	72.266525	-51.167263	-0.283336	3223	1431	25.178	25.178	25.178
44	5	0	72.686619	-50.679134	1.429683	3231	1421	25.822	25.822	25.822
45	5	0	72.393401	-50.274136	2.197449	3225	1413	26.322	26.322	26.322
46	5	0	72.100183	-49.869139	2.197449	3219	1405	26.822	26.822	26.822
47	5	0	71.806964	-49.464141	2.197449	3213	1397	27.322	27.322	27.322
48	5	0	71.513746	-49.059144	2.197449	3208	1389	27.822	27.822	27.822
49	5	0	71.220528	-48.654146	2.197449	3202	1381	28.322	28.322	28.322
50	5	0	70.927310	-48.249148	2.197449	3196	1373	28.822	28.822	28.822
51	5	0	70.634091	-47.844151	2.197449	3190	1364	29.322	29.322	29.322
52	5	0	70.340873	-47.439153	2.197449	3184	1356	29.822	29.822	29.822
53	5	0	70.047655	-47.034156	2.197449	3178	1348	30.322	30.322	30.322
54	5	0	69.754437	-46.629158	2.197449	3172	1340	30.822	30.822	30.822
55	5	0	69.461218	-46.224160	2.197449	3166	1332	31.322	31.322	31.322
56	5	0	69.168000	-45.819163	2.197449	3161	1324	31.822	31.822	31.822
57	5	0	68.874782	-45.414165	2.197449	3155	1316	32.322	32.322	32.322
58	5	0	68.581564	-45.009168	2.197449	3149	1308	32.822	32.822	32.822
59	5	0	68.288345	-44.604170	2.197449	3143	1300	33.322	33.322	33.322
60	5	0	67.995127	-44.199172	2.197449	3137	1292	33.822	33.822	33.822
61	5	0	67.701909	-43.794175	2.197449	3131	1283	34.322	34.322	34.322
62	5	0	67.408691	-43.389177	2.197449	3125	1275	34.822	34.822	34.822
63	5	0	67.115472	-42.984180	2.280796	3120	1267	35.322	35.322	35.322
64	5	0	66.166689	-41.944196	2.324460	3101	1246	36.729	36.729	36.729
65	5	0	65.810336	-41.593464	2.364143	3093	1239	37.229	37.229	37.229
66	5	0	65.453984	-41.242733	2.364143	3086	1232	37.729	37.729	37.729
67	5	0	65.097631	-40.892001	2.364143	3079	1225	38.229	38.229	38.229
68	5	0	64.741278	-40.541269	2.364143	3072	1218	38.729	38.729	38.729
69	5	0	64.384926	-40.190537	2.364143	3065	1211	39.229	39.229	39.229
70	5	0	64.028573	-39.839805	2.364143	3058	1204	39.729	39.729	39.729
71	5	0	63.672221	-39.489073	2.364143	3051	1197	40.229	40.229	40.229
72	5	0	63.315868	-39.138341	2.364143	3044	1190	40.729	40.729	40.729
73	5	0	62.959516	-38.787609	2.364143	3036	1183	41.229	41.229	41.229
74	5	0	62.603163	-38.436878	2.364143	3029	1176	41.729	41.729	41.729
75	5	0	62.246810	-38.086146	2.364143	3022	1169	42.229	42.229	42.229
76	5	0	61.890458	-37.735414	2.364143	3015	1162	42.729	42.729	42.729
77	5	0	61.534105	-37.384682	2.364143	3008	1155	43.229	43.229	43.229
78	5	0	61.177753	-37.033950	2.364143	3001	1148	43.729	43.729	43.729
79	5	0	60.821400	-36.683218	2.364143	2994	1141	44.229	44.229	44.229
80	5	0	60.465048	-36.332486	2.364143	2987	1134	44.729	44.729	44.729
81	5	0	60.108695	-35.981755	2.364143	2979	1127	45.229	45.229	45.229
82	5	0	59.752342	-35.631023	2.364143	2972	1120	45.729	45.729	45.729
83	5	0	59.395990	-35.280291	2.364143	2965	1113	46.229	46.229	46.229
84	5	0	59.039637	-34.929559	2.364143	2958	1106	46.729	46.729	46.729
85	5	0	58.683285	-34.578827	2.364143	2951	1099	47.229	47.229	47.229
86	5	0	58.326932	-34.228095	2.364143	2944	1092	47.729	47.729	47.729
87	5	0	57.970580	-33.877363	2.364143	2937	1085	48.229	48.229	48.229
88	5	0	57.614227	-33.526631	2.364143	2930	1078	48.729	48.729	48.729
89	5	0	57.257874	-33.175900	2.364143	2922	1071	49.229	49.229	49.229
90	5	0	56.901522	-32.825168	2.364143	2915	1064	49.729	49.729	49.729
91	5	0	56.545169	-32.474436	2.364143	2908	1057	50.229	50.229	50.229
92	5	0	56.188817	-32.123704	1.641932	2901	1050	50.729	50.729	50.729
93	5	0	56.603546	-31.369490	0.549696	2909	1035	51.590	51.590	51.590
94	5	0	56.963451	-31.649096	-0.696575	2917	1041	52.046	52.046	52.046
95	5	0	57.310711	-32.008833	-0.803043	2923	1048	52.546	52.546	52.546
96	5	0	57.657971	-32.368569	-0.803043	2930	1055	53.046	53.046	53.046
97	5	0	58.005231	-32.728306	-0.803043	2937	1062	53.546	53.546	53.546
98	5	0	58.352491	-33.088043	-0.803043	2944	1069	54.046	54.046	54.046
99	5	0	58.699751	-33.447779	-0.803043	2951	1077	54.546	54.546	54.546
100	5	0	59.047011	-33.807516	-0.803043	2958	1084	55.046	55.046	55.046
101	5	0	59.394272	-34.167252	-0.803043	2965	1091	55.546	55.546	55.546
102	5	0	59.741532	-34.526989	-0.803043	2972	1098	56.046	56.046	56.046
103	5	0	60.088792	-34.886725	-0.803043	2979	1105	56.546	56.546	56.546
104	5	0	60.436052	-35.246462	-0.803043	2986	1113	57.046	57.046	57.046
105	5	0	60.783312	-35.606198	-0.803043	2993	1120	57.546	57.546	57.546
106	5	0	61.130572	-35.965935	-0.803043	3000	1127	58.046	58.046	58.046
107	5	0	61.477832	-36.325672	-0.803043	3007	1134	58.546	58.546	58.546
108	5	0	61.825093	-36.685408	-0.803043	3014	1141	59.046	59.046	59.046
109	5	0	62.172353	-37.045145	-0.803043	3021	1149	59.546	59.546	59.546
110	5	0	62.519613	-37.404881	-0.803043	3028	1156	60.046	60.046	60.046
111	5	0	62.866873	-37.764618	-0.803043	3035	1163	60.546	60.546	60.546
112	5	0	63.214133	-38.124354	-0.803043	3042	1170	61.046	61.046	61.046
113	5	0	63.561393	-38.484091	-0.803043	3048	1177	61.546	61.546	61.546
114	5	0	63.908653	-38.843828	-0.803043	3055	1184	62.046	62.046	62.046
115	5	0	64.255914	-39.203564	-0.803043	3062	1192	62.546	62.546	62.546
116	5	0	64.603174	-39.563301	-0.803043	3069	1199	63.046	63.046	63.046
117	5	0	64.950434	-39.923037	-0.803043	3076	1206	63.546	63.546	63.546
118	5	0	65.297694	-40.282774	-0.803043	3083	1213	64.046	64.046	64.046
119	5	0	65.644954	-40.642510	-0.803043	3090	1220	64.546	64.546	64.546
120	5	0	65.992214	-41.002247	-0.803043	3097	1228	65.046	65.046	65.046
121	5	0	66.339474	-41.361983	-0.803043	3104	1235	65.546	65.546	65.546
122	5	0	66.686735	-41.721720	-0.803043	3111	1242	66.046	66.046	66.046
123	5	0	67.033995	-42.081457	-0.803043	3118	1249	66.546	66.546	66.546
124	5	0	67.381255	-42.441193	-0.803043	3125	1256	67.046	67.046	67.046
125	5	0	67.728515	-42.800930	-0.877424	3132	1264	67.546	67.546	67.546
126	5	0	68.478140	-43.761116	-0.920696	3147	1283	68.764	68.764	68.764
127	5	0	68.768248	-44.168348	-0.951804	3153	1291	69.264	69.264	69.264
128	5	0	69.058355	-44.575579	-0.951804	3158	1299	69.764	69.764	69.764
129	5	0	69.348463	-44.982811	-0.951804	3164	1307	70.264	70.264	70.264
130	5	0	69.638570	-45.390043	-0.951804	3170	1315	70.764	70.764	70.764
131	5	0	69.928678	-45.797274	-0.951804	3176	1324	71.264	71.264	71.264
132	5	0	70.218785	-46.204506	-0.951804	3182	1332	71.764	71.764	71.764
133	5	0	70.508893	-46.611738	-0.951804	3187	1340	72.264	72.264	72.264
134	5	0	70.799000	-47.018969	-0.951804	3193	1348	72.764	72.764	72.764
135	5	0	71.089108	-47.426201	-0.951804	3199	1356	73.264	73.264	73.264
136	5	0	71.379215	-47.833433	-0.951804	3205	1364	73.764	73.764	73.764
137	5	0	71.669323	-48.240664	-0.951804	3211	1372	74.264	74.264	74.264
138	5	0	71.959430	-48.647896	-0.951804	3216	1381	74.764	74.764	74.764
139	5	0	72.249538	-49.055128	-0.951804	3222	1389	75.264	75.264	75.264
140	5	0	72.539645	-49.462359	-0.951804	3228	1397	75.764	75.764	75.764
141	5	0	72.829753	-49.869591	-0.951804	3234	1405	76.264	76.264	76.264
142	5	0	73.119860	-50.276823	-0.951804	3240	1413	76.764	76.764	76.764
143	5	0	73.409968	-50.684054	1.121755	3245	1421	77.264	77.264	77.264
144	5	0	73.434993	-49.622848	1.749774	3246	1400	78.326	78.326	78.326
145	5	0	73.144374	-49.215981	2.191046	3240	1392	78.826	78.826	78.826
146	5	0	72.853755	-48.809115	2.191046	3234	1384	79.326	79.326	79.326
147	5	0	72.563136	-48.402248	2.191046	3229	1376	79.826	79.826	79.826
148	5	0	72.272517	-47.995381	2.191046	3223	1368	80.326	80.326	80.326
149	5	0	71.981897	-47.588514	2.191046	3217	1359	80.826	80.826	80.826
150	5	0	71.691278	-47.181648	2.191046	3211	1351	81.326	81.326	81.326
151	5	0	71.400659	-46.774781	2.191046	3205	1343	81.826	81.826	81.826
152	5	0	71.110040	-46.367914	2.191046	3199	1335	82.326	82.326	82.326
153	5	0	70.819421	-45.961048	2.191046	3194	1327	82.826	82.826	82.826
154	5	0	70.528802	-45.554181	2.191046	3188	1319	83.326	83.326	83.326
155	5	0	70.238183	-45.147314	2.191046	3182	1311	83.826	83.826	83.826
156	5	0	69.947564	-44.740447	1.586184	3176	1302	84.326	84.326	84.326
157	5	0	70.229603	-44.589755	-0.347975	3182	1299	84.645	84.645	84.645
158	5	0	70.561955	-44.963309	-0.843698	3188	1307	85.145	85.145	85.145
159	5	0	70.894308	-45.336862	-0.843698	3195	1314	85.645	85.645	85.645
160	5	0	71.226660	-45.710415	-0.843698	3202	1322	86.145	86.145	86.145
161	5	0	71.559012	-46.083968	-0.843698	3208	1329	86.645	86.645	86.645
162	5	0	71.891365	-46.457521	-0.843698	3215	1337	87.145	87.145	87.145
163	5	0	72.223717	-46.831074	-0.843698	3222	1344	87.645	87.645	87.645
164	5	0	72.556069	-47.204627	-0.843698	3228	1352	88.145	88.145	88.145
165	5	0	72.888422	-47.578180	-0.843698	3235	1359	88.645	88.645	88.645
166	5	0	73.220774	-47.951733	-0.843698	3242	1367	89.145	89.145	89.145
167	5	0	73.553127	-48.325286	-0.843698	3248	1374	89.645	89.645	89.645
168	5	0	73.885479	-48.698839	-1.151918	3255	1382	90.145	90.145	90.145
169	5	0	74.205745	-49.791095	-1.338780	3261	1403	91.284	91.284	91.284
170	5	0	74.260960	-50.288037	-1.460139	3262	1413	91.784	91.784	91.784
171	5	0	74.316176	-50.784979	-1.460139	3264	1423	92.284	92.284	92.284
172	5	0	74.352641	-51.113160	-1.460139	3264	1430	92.614	92.614	92.614
173	5	0	74.900922	-52.038384	-0.649401	3275	1448	93.689	93.689	93.689
174	5	0	75.299145	-52.340739	-0.649401	3283	1454	94.189	94.189	94.189
175	5	0	75.697368	-52.643094	-0.649401	3291	1460	94.689	94.689	94.689
176	5	0	76.095591	-52.945448	-0.649401	3299	1467	95.189	95.189	95.189
177	5	0	76.493814	-53.247803	-0.649401	3307	1473	95.689	95.689	95.689
178	5	0	76.892037	-53.550157	-0.649401	3315	1479	96.189	96.189	96.189
179	5	0	77.290261	-53.852512	-0.649401	3323	1485	96.689	96.689	96.689
180	5	0	77.688484	-54.154867	-0.649401	3331	1491	97.189	97.189	97.189
181	5	0	78.086707	-54.457221	-0.649401	3339	1497	97.689	97.689	97.689
182	5	0	78.484930	-54.759576	-0.415202	3347	1503	98.189	98.189	98.189
183	5	0	79.238012	-54.964751	-0.232812	3362	1507	98.970	98.970	98.970
184	5	0	79.729844	-55.054760	-0.181004	3372	1509	99.470	99.470	99.470
185	5	0	80.221676	-55.144768	-0.181004	3382	1511	99.970	99.970	99.970
186	5	0	80.713507	-55.234777	-0.181004	3392	1512	100.470	100.470	100.470
187	5	0	81.205339	-55.324785	-0.181004	3401	1514	100.970	100.970	100.970
188	5	0	81.697171	-55.414794	-0.181004	3411	1516	101.470	101.470	101.470
189	5	0	82.189003	-55.504802	-0.181004	3421	1518	101.970	101.970	101.970
190	5	0	82.680834	-55.594810	-0.181004	3431	1520	102.470	102.470	102.470
191	5	0	83.172666	-55.684819	-0.181004	3441	1521	102.970	102.970	102.970
192	5	0	83.664498	-55.774827	-0.084733	3451	1523	103.470	103.470	103.470
193	5	0	84.527955	-55.799932	-0.014181	3468	1524	104.334	104.334	104.334
194	5	0	85.027922	-55.794163	0.011538	3478	1523	104.834	104.834	104.834
195	5	0	85.527889	-55.788394	0.011538	3488	1523	105.334	105.334	105.334
196	5	0	86.027855	-55.782625	0.011538	3498	1523	105.834	105.834	105.834
197	5	0	86.527822	-55.776856	0.011538	3508	1523	106.334	106.334	106.334
198	5	0	87.027789	-55.771088	0.011538	3518	1523	106.834	106.834	106.834
199	5	0	87.527755	-55.765319	0.011538	3528	1523	107.334	107.334	107.334
200	5	0	88.027722	-55.759550	0.011538	3538	1523	107.834	107.834	107.834
201	5	0	88.527689	-55.753781	0.011538	3548	1523	108.334	108.334	108.334
202	5	0	89.027656	-55.748012	0.011538	3558	1523	108.834	108.834	108.834
203	5	0	89.527622	-55.742243	0.011538	3568	1522	109.334	109.334	109.334
204	5	0	90.027589	-55.736475	0.011538	3578	1522	109.834	109.834	109.834
205	5	0	90.527556	-55.730706	0.011538	3588	1522	110.334	110.334	110.334
206	5	0	91.027522	-55.724937	0.011538	3598	1522	110.834	110.834	110.834
207	5	0	91.527489	-55.719168	0.011538	3608	1522	111.334	111.334	111.334
208	5	0	92.027456	-55.713399	0.011538	3618	1522	111.834	111.834	111.834
209	5	0	92.527423	-55.707630	0.039238	3628	1522	112.334	112.334	112.334
210	5	0	93.479596	-55.656390	0.058295	3647	1521	113.287	113.287	113.287
211	5	0	93.978476	-55.622946	0.066939	3657	1520	113.787	113.787	113.787
212	5	0	94.477357	-55.589501	0.066939	3667	1519	114.287	114.287	114.287
213	5	0	94.976237	-55.556057	0.066939	3677	1519	114.787	114.787	114.787
214	5	0	95.475117	-55.522612	0.066939	3687	1518	115.287	115.287	115.287
215	5	0	95.973997	-55.489168	0.066939	3697	1517	115.787	115.787	115.787
216	5	0	96.472877	-55.455723	0.066939	3707	1517	116.287	116.287	116.287
217	5	0	96.971758	-55.422279	0.066939	3717	1516	116.787	116.787	116.787
218	5	0	97.470638	-55.388834	0.066939	3727	1515	117.287	117.287	117.287
219	5	0	97.969518	-55.355390	0.066939	3737	1515	117.787	117.787	117.787
220	5	0	98.468398	-55.321945	0.173695	3747	1514	118.287	118.287	118.287
221	5	0	99.838150	-55.104111	0.231823	3774	1510	119.674	119.674	119.674
222	5	0	100.318615	-54.965716	0.280452	3784	1507	120.174	120.174	120.174
223	5	0	100.799080	-54.827321	0.280452	3793	1504	120.674	120.674	120.674
224	5	0	101.279545	-54.688926	0.280452	3803	1501	121.174	121.174	121.174
225	5	0	101.760011	-54.550531	0.280452	3812	1499	121.674	121.674	121.674
226	5	0	102.240476	-54.412137	0.280452	3822	1496	122.174	122.174	122.174
227	5	0	102.720941	-54.273742	0.280452	3832	1493	122.674	122.674	122.674
228	5	0	103.201406	-54.135347	0.280452	3841	1490	123.174	123.174	123.174
229	5	0	103.681872	-53.996952	0.280452	3851	1488	123.674	123.674	123.674
230	5	0	104.162337	-53.858557	0.280452	3860	1485	124.174	124.174	124.174
231	5	0	104.642802	-53.720162	0.280452	3870	1482	124.674	124.674	124.674
232	5	0	105.123267	-53.581767	0.392950	3880	1479	125.174	125.174	125.174
233	5	0	105.819305	-53.232493	0.480870	3894	1472	125.953	125.953	125.953
234	5	0	106.256784	-52.990393	0.505448	3902	1467	126.453	126.453	126.453
235	5	0	106.694262	-52.748293	0.505448	3911	1463	126.953	126.953	126.953
236	5	0	107.131741	-52.506193	0.505448	3920	1458	127.453	127.453	127.453
237	5	0	107.569220	-52.264093	0.505448	3929	1453	127.953	127.953	127.953
238	5	0	108.006699	-52.021993	0.505448	3937	1448	128.453	128.453	128.453
239	5	0	108.444177	-51.779894	0.656291	3946	1443	128.953	128.953	128.953
240	5	0	109.405829	-50.944412	0.741178	3965	1427	130.227	130.227	130.227
241	5	0	109.751615	-50.583258	0.807134	3972	1419	130.727	130.727	130.727
242	5	0	110.097401	-50.222104	0.041342	3979	1412	131.227	131.227	131.227
243	5	0	110.260984	-50.562188	-1.838117	3982	1419	131.604	131.604	131.604
244	5	0	109.907430	-50.915741	-2.356194	3975	1426	132.104	132.104	132.104
245	5	0	109.553877	-51.269295	-2.356194	3968	1433	132.604	132.604	132.604
246	5	0	109.200324	-51.622848	-2.356194	3961	1440	133.104	133.104	133.104
247	5	0	108.846770	-51.976401	-2.514722	3954	1447	133.604	133.604	133.604
248	5	0	107.880482	-52.578852	-2.611288	3935	1459	134.743	134.743	134.743
249	5	0	107.434323	-52.804555	-2.673250	3926	1464	135.243	135.243	135.243
250	5	0	106.988164	-53.030259	-2.673250	3917	1468	135.743	135.743	135.743
251	5	0	106.542006	-53.255963	-2.673250	3908	1473	136.243	136.243	136.243
252	5	0	106.095847	-53.481667	-2.755020	3899	1477	136.743	136.743	136.743
253	5	0	104.808318	-53.961668	-2.798628	3873	1487	138.117	138.117	138.117
254	5	0	104.331365	-54.111721	-2.836790	3864	1490	138.617	138.617	138.617
255	5	0	103.854412	-54.261773	-2.836790	3854	1493	139.117	139.117	139.117
256	5	0	103.377459	-54.411826	-2.836790	3845	1496	139.617	139.617	139.617
257	5	0	102.900506	-54.561879	-2.836790	3835	1499	140.117	140.117	140.117
258	5	0	102.423553	-54.711931	-2.836790	3826	1502	140.617	140.617	140.617
259	5	0	101.946600	-54.861984	-2.836790	3816	1505	141.117	141.117	141.117
260	5	0	101.469647	-55.012037	-2.836790	3807	1508	141.617	141.617	141.617
261	5	0	100.992694	-55.162089	-2.836790	3797	1511	142.117	142.117	142.117
262	5	0	100.515741	-55.312142	-2.836790	3788	1514	142.617	142.617	142.617
263	5	0	100.038788	-55.462194	-2.932676	3778	1517	143.117	143.117	143.117
264	5	0	98.590067	-55.641424	-2.982974	3749	1520	144.577	144.577	144.577
265	5	0	98.093257	-55.697819	-3.028563	3739	1522	145.077	145.077	145.077
266	5	0	97.596448	-55.754214	-3.028563	3729	1523	145.577	145.577	145.577
267	5	0	97.099638	-55.810608	-3.028563	3719	1524	146.077	146.077	146.077
268	5	0	96.602829	-55.867003	-3.028563	3709	1525	146.577	146.577	146.577
269	5	0	96.106019	-55.923397	-3.028563	3699	1526	147.077	147.077	147.077
270	5	0	95.609210	-55.979792	-3.028563	3689	1527	147.577	147.577	147.577
271	5	0	95.112400	-56.036186	-3.028563	3679	1528	148.077	148.077	148.077
272	5	0	94.615591	-56.092581	-3.028563	3670	1529	148.577	148.577	148.577
273	5	0	94.118781	-56.148976	-3.028563	3660	1531	149.077	149.077	149.077
274	5	0	93.621972	-56.205370	-3.081276	3650	1532	149.577	149.577	149.577
275	5	0	92.274932	-56.260326	-3.109791	3623	1533	150.925	150.925	150.925
276	5	0	91.774946	-56.264128	-3.133988	3613	1533	151.425	151.425	151.425
277	5	0	91.274960	-56.267931	-3.133988	3603	1533	151.925	151.925	151.925
278	5	0	90.774975	-56.271733	-3.133988	3593	1533	152.425	152.425	152.425
279	5	0	90.274989	-56.275535	-3.133988	3583	1533	152.925	152.925	152.925
280	5	0	89.775004	-56.279337	-3.133988	3573	1533	153.425	153.425	153.425
281	5	0	89.275018	-56.283139	-3.133988	3563	1533	153.925	153.925	153.925
282	5	0	88.775033	-56.286942	-3.133988	3553	1533	154.425	154.425	154.425
283	5	0	88.275047	-56.290744	-3.133988	3543	1533	154.925	154.925	154.925
284	5	0	87.775062	-56.294546	-3.133988	3533	1534	155.425	155.425	155.425
285	5	0	87.275076	-56.298348	-3.133988	3523	1534	155.925	155.925	155.925
286	5	0	86.775091	-56.302150	-3.133988	3513	1534	156.425	156.425	156.425
287	5	0	86.275105	-56.305952	-3.133988	3503	1534	156.925	156.925	156.925
288	5	0	85.775119	-56.309755	-3.133988	3493	1534	157.425	157.425	157.425
289	5	0	85.275134	-56.313557	-3.133988	3483	1534	157.925	157.925	157.925
290	5	0	84.775148	-56.317359	-3.133988	3473	1534	158.425	158.425	158.425
291	5	0	84.275163	-56.321161	3.053625	3463	1534	158.925	158.925	158.925
292	5	0	83.609562	-56.214560	2.972252	3449	1532	159.599	159.599	159.599
293	5	0	83.117960	-56.123304	2.958053	3440	1530	160.099	160.099	160.099
294	5	0	82.626358	-56.032049	2.958053	3430	1528	160.599	160.599	160.599
295	5	0	82.134757	-55.940793	2.958053	3420	1526	161.099	161.099	161.099
296	5	0	81.643155	-55.849538	2.958053	3410	1525	161.599	161.599	161.599
297	5	0	81.151553	-55.758283	2.958053	3400	1523	162.099	162.099	162.099
298	5	0	80.659951	-55.667027	2.958053	3390	1521	162.599	162.599	162.599
299	5	0	80.168349	-55.575772	2.958053	3381	1519	163.099	163.099	163.099
300	5	0	79.676747	-55.484516	2.958053	3371	1517	163.599	163.599	163.599
301	5	0	79.185145	-55.393261	2.958053	3361	1515	164.099	164.099	164.099
302	5	0	78.693543	-55.302005	2.718610	3351	1514	164.599	164.599	164.599
303	5	0	77.887008	-54.808897	2.553533	3335	1504	165.544	165.544	165.544
304	5	0	77.492756	-54.501382	2.479166	3327	1498	166.044	166.044	166.044
305	5	0	77.098505	-54.193866	2.479166	3319	1491	166.544	166.544	166.544
306	5	0	76.704254	-53.886350	2.479166	3311	1485	167.044	167.044	167.044
307	5	0	76.310003	-53.578834	2.479166	3303	1479	167.544	167.544	167.544
308	5	0	75.915752	-53.271318	2.479166	3296	1473	168.044	168.044	168.044
309	5	0	75.521501	-52.963802	2.479166	3288	1467	168.544	168.544	168.544
310	5	0	75.127249	-52.656286	2.479166	3280	1461	169.044	169.044	169.044
311	5	0	74.732998	-52.348770	2.479166	3272	1455	169.544	169.544	169.544
312	5	0	74.338747	-52.041254	2.479166	3264	1448	170.044	170.044	170.044
313	5	0	73.944496	-51.733738	2.479166	3256	1442	170.544	170.544	170.544
314	5	0	73.396221	-51.343287	-2.836097	3245	1434	171.217	171.217	171.217
315	5	0	73.135525	-51.951592	-1.171354	3240	1447	171.879	171.879	171.879
316	5	0	73.730191	-52.378867	-0.665673	3252	1455	172.611	172.611	172.611
317	5	0	74.206378	-52.770597	-0.665673	3261	1463	173.228	173.228	173.228
318	5	0	74.540389	-53.114935	-0.665673	3268	1470	173.708	173.708	173.708
319	5	0	74.945487	-53.411881	-0.665673	3276	1476	174.210	174.210	174.210
320	5	0	75.409826	-53.720675	-0.665673	3285	1482	174.768	174.768	174.768
321	5	0	75.814925	-54.088709	-0.665673	3294	1489	175.315	175.315	175.315
322	5	0	76.279263	-54.373808	-0.665673	3303	1495	175.860	175.860	175.860
323	5	0	76.684362	-54.611514	-0.665673	3311	1500	176.330	176.330	176.330
324	5	0	77.089461	-54.884764	-0.665673	3319	1505	176.818	176.818	176.818
325	5	0	77.470863	-55.205406	-0.665673	3327	1512	177.317	177.317	177.317
326	5	0	77.982594	-55.478657	-0.455326	3337	1517	177.897	177.897	177.897
327	5	0	78.921866	-55.707923	-0.331788	3356	1522	178.863	178.863	178.863
328	5	0	79.406938	-55.829190	-0.244979	3365	1524	179.363	179.363	179.363
329	5	0	79.892009	-55.950458	-0.244979	3375	1527	179.863	179.863	179.863
330	5	0	80.377080	-56.071726	-0.244979	3385	1529	180.363	180.363	180.363
331	5	0	80.862151	-56.192994	-0.244979	3394	1531	180.863	180.863	180.863
332	5	0	81.347223	-56.314262	-0.244979	3404	1534	181.363	181.363	181.363
333	5	0	81.832294	-56.435529	-0.244979	3414	1536	181.863	181.863	181.863
334	5	0	82.317365	-56.556797	-0.244979	3424	1539	182.363	182.363	182.363
335	5	0	82.802436	-56.678065	-0.244979	3433	1541	182.863	182.863	182.863
336	5	0	83.287508	-56.799333	-0.244979	3443	1544	183.363	183.363	183.363
337	5	0	83.772579	-56.920601	-0.118826	3453	1546	183.863	183.863	183.863
338	5	0	84.697487	-56.967669	-0.030453	3471	1547	184.790	184.790	184.790
339	5	0	85.197474	-56.964006	0.007326	3481	1547	185.290	185.290	185.290
340	5	0	85.697460	-56.960343	0.007326	3491	1547	185.790	185.790	185.790
341	5	0	86.197447	-56.956680	0.007326	3501	1547	186.290	186.290	186.290
342	5	0	86.697433	-56.953017	0.007326	3511	1547	186.790	186.790	186.790
343	5	0	87.197420	-56.949354	0.007326	3521	1547	187.290	187.290	187.290
344	5	0	87.697407	-56.945691	0.007326	3531	1547	187.790	187.790	187.790
345	5	0	88.197393	-56.942028	0.007326	3541	1546	188.290	188.290	188.290
346	5	0	88.697380	-56.938365	0.007326	3551	1546	188.790	188.790	188.790
347	5	0	89.197366	-56.934703	0.007326	3561	1546	189.290	189.290	189.290
348	5	0	89.697353	-56.931040	0.007326	3571	1546	189.790	189.790	189.790
349	5	0	90.197340	-56.927377	0.007326	3581	1546	190.290	190.290	190.290
350	5	0	90.697326	-56.923714	0.007326	3591	1546	190.790	190.790	190.790
351	5	0	91.197313	-56.920051	0.007326	3601	1546	191.290	191.290	191.290
352	5	0	91.697299	-56.916388	0.007326	3611	1546	191.790	191.790	191.790
353	5	0	92.197286	-56.912725	0.007326	3621	1546	192.290	192.290	192.290
354	5	0	92.697272	-56.909062	0.007326	3631	1546	192.790	192.790	192.790
355	5	0	93.197259	-56.905399	0.073476	3641	1546	193.290	193.290	193.290
356	5	0	93.970248	-56.815360	0.125217	3657	1544	194.068	194.068	194.068
357	5	0	94.465382	-56.745774	0.139626	3667	1543	194.568	194.568	194.568
358	5	0	94.960516	-56.676188	0.139626	3676	1541	195.068	195.068	195.068
359	5	0	95.455651	-56.606601	0.139626	3686	1540	195.568	195.568	195.568
360	5	0	95.950785	-56.537015	0.139626	3696	1538	196.068	196.068	196.068
361	5	0	96.445919	-56.467428	0.139626	3706	1537	196.568	196.568	196.568
362	5	0	96.941053	-56.397842	0.139626	3716	1536	197.068	197.068	197.068
363	5	0	97.436187	-56.328256	0.139626	3726	1534	197.568	197.568	197.568
364	5	0	97.931321	-56.258669	0.139626	3736	1533	198.068	198.068	198.068
365	5	0	98.426455	-56.189083	0.139626	3746	1531	198.568	198.568	198.568
366	5	0	98.921589	-56.119496	0.139626	3756	1530	199.068	199.068	199.068
367	5	0	99.416723	-56.049910	0.225672	3766	1529	199.568	199.568	199.568
368	5	0	100.466983	-55.844825	0.282198	3787	1525	200.638	200.638	200.638
369	5	0	100.942888	-55.691478	0.311717	3796	1521	201.138	201.138	201.138
370	5	0	101.418792	-55.538132	0.311717	3806	1518	201.638	201.638	201.638
371	5	0	101.894696	-55.384785	0.311717	3815	1515	202.138	202.138	202.138
372	5	0	102.370600	-55.231438	0.311717	3825	1512	202.638	202.638	202.638
373	5	0	102.846504	-55.078091	0.311717	3834	1509	203.138	203.138	203.138
374	5	0	103.322408	-54.924744	0.311717	3844	1506	203.638	203.638	203.638
375	5	0	103.798312	-54.771397	0.311717	3853	1503	204.138	204.138	204.138
376	5	0	104.274216	-54.618050	0.311717	3863	1500	204.638	204.638	204.638
377	5	0	104.750121	-54.464703	0.311717	3872	1497	205.138	205.138	205.138
378	5	0	105.226025	-54.311356	0.311717	3882	1494	205.638	205.638	205.638
379	5	0	105.701929	-54.158010	0.405143	3891	1491	206.138	206.138	206.138
380	5	0	106.540522	-53.747610	0.470275	3908	1483	207.072	207.072	207.072
381	5	0	106.979656	-53.508526	0.498568	3917	1478	207.572	207.572	207.572
382	5	0	107.418790	-53.269442	0.498568	3926	1473	208.072	208.072	208.072
383	5	0	107.857924	-53.030358	0.498568	3934	1468	208.572	208.572	208.572
384	5	0	108.297058	-52.791274	0.498568	3943	1463	209.072	209.072	209.072
385	5	0	108.736192	-52.552190	0.616581	3952	1459	209.572	209.572	209.572
386	5	0	109.582453	-51.880237	0.691174	3969	1445	210.652	210.652	210.652
387	5	0	109.953504	-51.545094	0.734594	3976	1439	211.152	211.152	211.152
388	5	0	110.324556	-51.209951	0.734594	3984	1432	211.652	211.652	211.652
389	5	0	110.695607	-50.874808	0.734594	3991	1425	212.152	212.152	212.152
390	5	0	111.053188	-50.427809	0.734594	3998	1416	212.725	212.725	212.725
391	5	0	111.282781	-49.814763	1.212026	4003	1404	213.379	213.379	213.379
392	5	0	111.458342	-49.346598	1.212026	4006	1395	213.879	213.879	213.879
393	5	0	111.633904	-48.878434	1.391411	4010	1385	214.379	214.379	214.379
394	5	0	111.655954	-48.256834	1.551139	4010	1373	215.001	215.001	215.001
395	5	0	111.655954	-47.756834	1.570796	4010	1363	215.501	215.501	215.501
396	5	0	111.655954	-47.256834	1.570796	4010	1353	216.001	216.001	216.001
397	5	0	111.655954	-46.756834	1.570796	4010	1343	216.501	216.501	216.501
398	5	0	111.655954	-46.256834	1.570796	4010	1333	217.001	217.001	217.001
399	5	0	111.655954	-45.756834	1.570796	4010	1323	217.501	217.501	217.501
400	5	0	111.655954	-45.256834	1.570796	4010	1313	218.001	218.001	218.001
401	5	0	111.655954	-44.756834	1.570796	4010	1303	218.501	218.501	218.501
402	5	0	111.655954	-44.256834	1.570796	4010	1293	219.001	219.001	219.001
403	5	0	111.655954	-43.756834	1.570796	4010	1283	219.501	219.501	219.501
404	5	0	111.655954	-43.256834	1.570796	4010	1273	220.001	220.001	220.001
405	5	0	111.655954	-42.756834	1.570796	4010	1263	220.501	220.501	220.501
406	5	0	111.655954	-42.256834	1.570796	4010	1253	221.001	221.001	221.001
407	5	0	111.655954	-41.756834	1.570796	4010	1243	221.501	221.501	221.501
408	5	0	111.655954	-41.256834	1.570796	4010	1233	222.001	222.001	222.001
409	5	0	111.655954	-40.756834	1.570796	4010	1223	222.501	222.501	222.501
410	5	0	111.655954	-40.256834	1.570796	4010	1213	223.001	223.001	223.001
411	5	0	111.655954	-39.756834	1.570796	4010	1203	223.501	223.501	223.501
412	5	0	111.655954	-39.256834	1.570796	4010	1193	224.001	224.001	224.001
413	5	0	111.655954	-38.756834	1.570796	4010	1183	224.501	224.501	224.501
414	5	0	111.655954	-38.256834	1.570796	4010	1173	225.001	225.001	225.001
415	5	0	111.655954	-37.756834	1.570796	4010	1163	225.501	225.501	225.501
416	5	0	111.655954	-37.256834	1.570796	4010	1153	226.001	226.001	226.001
417	5	0	111.655954	-36.756834	1.570796	4010	1143	226.501	226.501	226.501
418	5	0	111.655954	-36.256834	1.570796	4010	1133	227.001	227.001	227.001
419	5	0	111.655954	-35.756834	1.570796	4010	1123	227.501	227.501	227.501
420	5	0	111.655954	-35.256834	1.570796	4010	1113	228.001	228.001	228.001
421	5	0	111.655954	-34.756834	1.570796	4010	1103	228.501	228.501	228.501
422	5	0	111.655954	-34.256834	1.570796	4010	1093	229.001	229.001	229.001
423	5	0	111.655954	-33.756834	1.570796	4010	1083	229.501	229.501	229.501
424	5	0	111.655954	-33.256834	1.570796	4010	1073	230.001	230.001	230.001
425	5	0	111.655954	-32.756834	1.570796	4010	1063	230.501	230.501	230.501
426	5	0	111.655954	-32.256834	1.570796	4010	1053	231.001	231.001	231.001
427	5	0	111.655954	-31.756834	1.570796	4010	1043	231.501	231.501	231.501
428	5	0	111.655954	-31.256834	1.570796	4010	1033	232.001	232.001	232.001
429	5	0	111.655954	-30.756834	1.570796	4010	1023	232.501	232.501	232.501
430	5	0	111.655954	-30.256834	1.570796	4010	1013	233.001	233.001	233.001
431	5	0	111.655954	-29.756834	1.570796	4010	1003	233.501	233.501	233.501
432	5	0	111.655954	-29.256834	1.570796	4010	993	234.001	234.001	234.001
433	5	0	111.655954	-28.756834	1.570796	4010	983	234.501	234.501	234.501
434	5	0	111.655954	-28.256834	1.570796	4010	973	235.001	235.001	235.001
435	5	0	111.655954	-27.756834	1.570796	4010	963	235.501	235.501	235.501
436	5	0	111.655954	-27.256834	1.570796	4010	953	236.001	236.001	236.001
437	5	0	111.655954	-26.756834	1.570796	4010	943	236.501	236.501	236.501
438	5	0	111.655954	-26.256834	1.570796	4010	933	237.001	237.001	237.001
439	5	0	111.655954	-25.756834	1.570796	4010	923	237.501	237.501	237.501
440	5	0	111.655954	-25.256834	1.570796	4010	913	238.001	238.001	238.001
441	5	0	111.655954	-24.756834	1.570796	4010	903	238.501	238.501	238.501
442	5	0	111.655954	-24.256834	1.570796	4010	893	239.001	239.001	239.001
443	5	0	111.655954	-23.756834	1.570796	4010	883	239.501	239.501	239.501
444	5	0	111.655954	-23.256834	1.570796	4010	873	240.001	240.001	240.001
445	5	0	111.655954	-22.756834	1.570796	4010	863	240.501	240.501	240.501
446	5	0	111.655954	-22.256834	1.570796	4010	853	241.001	241.001	241.001
447	5	0	111.655954	-21.756834	1.570796	4010	843	241.501	241.501	241.501
448	5	0	111.655954	-21.256834	1.570796	4010	833	242.001	242.001	242.001
449	5	0	111.655954	-20.756834	1.570796	4010	823	242.501	242.501	242.501
450	5	0	111.655954	-20.256834	1.570796	4010	813	243.001	243.001	243.001
451	5	0	111.655954	-19.756834	1.570796	4010	803	243.501	243.501	243.501
452	5	0	111.655954	-19.256834	1.570796	4010	793	244.001	244.001	244.001
453	5	0	111.655954	-18.756834	1.570796	4010	783	244.501	244.501	244.501
454	5	0	111.655954	-18.256834	1.570796	4010	773	245.001	245.001	245.001
455	5	0	111.655954	-17.599029	1.570796	4010	760	245.659	245.659	245.659
456	5	0	111.655954	-17.099029	1.570796	4010	750	246.159	246.159	246.159
457	5	0	111.655954	-16.768165	1.570796	4010	743	246.490	246.490	246.490
458	5	0	111.626930	-15.959622	1.570796	4010	727	247.299	247.299	247.299
459	5	0	111.626930	-15.459622	1.570796	4010	717	247.799	247.799	247.799
460	5	0	111.626930	-14.959622	1.570796	4010	707	248.299	248.299	248.299
461	5	0	111.626930	-14.459622	1.923580	4010	697	248.799	248.799	248.799
462	5	0	111.092331	-13.507645	2.143281	3999	678	249.891	249.891	249.891
463	5	0	110.768098	-13.127023	2.652083	3993	670	250.391	250.391	250.391
464	5	0	109.789719	-12.813667	2.895757	3973	664	251.418	251.418	251.418
465	5	0	109.292953	-12.756894	-2.825011	3963	663	251.918	251.918	251.918
466	5	0	108.456356	-13.374312	-2.549980	3946	675	252.958	252.958	252.958
467	5	0	108.089475	-13.714016	-2.383748	3939	682	253.458	253.458	253.458
468	5	0	107.200091	-14.563186	-2.377453	3921	699	254.687	254.687	254.687
469	5	0	106.840695	-14.910799	-2.372860	3914	706	255.187	255.187	255.187
470	5	0	106.481299	-15.258411	-2.372860	3907	713	255.687	255.687	255.687
471	5	0	106.121903	-15.606024	-2.372860	3900	720	256.187	256.187	256.187
472	5	0	105.762507	-15.953636	-2.372860	3893	727	256.687	256.687	256.687
473	5	0	105.403111	-16.301249	-2.372860	3885	734	257.187	257.187	257.187
474	5	0	105.043715	-16.648861	-2.372860	3878	741	257.687	257.687	257.687
475	5	0	104.684319	-16.996474	-2.372860	3871	748	258.187	258.187	258.187
476	5	0	104.324923	-17.344087	-2.372860	3864	754	258.687	258.687	258.687
477	5	0	103.965527	-17.691699	-2.372860	3857	761	259.187	259.187	259.187
478	5	0	103.606131	-18.039312	-2.372860	3849	768	259.687	259.687	259.687
479	5	0	103.246735	-18.386924	-2.372860	3842	775	260.187	260.187	260.187
480	5	0	102.887339	-18.734537	-2.372860	3835	782	260.687	260.687	260.687
481	5	0	102.527943	-19.082149	-2.372860	3828	789	261.187	261.187	261.187
482	5	0	102.168547	-19.429762	-2.372860	3821	796	261.687	261.687	261.687
483	5	0	101.809151	-19.777374	-2.372860	3813	803	262.187	262.187	262.187
484	5	0	101.449755	-20.124987	-2.372860	3806	810	262.687	262.687	262.687
485	5	0	101.090359	-20.472600	-2.372860	3799	817	263.187	263.187	263.187
486	5	0	100.730963	-20.820212	-2.372860	3792	824	263.687	263.687	263.687
487	5	0	100.371567	-21.167825	-2.372860	3785	831	264.187	264.187	264.187
488	5	0	100.012171	-21.515437	-2.372860	3777	838	264.687	264.687	264.687
489	5	0	99.652775	-21.863050	-2.372860	3770	845	265.187	265.187	265.187
490	5	0	99.293379	-22.210662	-2.372860	3763	852	265.687	265.687	265.687
491	5	0	98.933983	-22.558275	-2.372860	3756	859	266.187	266.187	266.187
492	5	0	98.574587	-22.905887	-2.372860	3749	866	266.687	266.687	266.687
493	5	0	98.215190	-23.253500	-2.372860	3742	873	267.187	267.187	267.187
494	5	0	97.855794	-23.601113	-2.372860	3734	880	267.687	267.687	267.687
495	5	0	97.496398	-23.948725	-2.372860	3727	887	268.187	268.187	268.187
496	5	0	97.137002	-24.296338	-2.372860	3720	894	268.687	268.687	268.687
497	5	0	96.777606	-24.643950	-2.372860	3713	900	269.187	269.187	269.187
498	5	0	96.418210	-24.991563	-2.372860	3706	907	269.687	269.687	269.687
499	5	0	96.058814	-25.339175	-2.372860	3698	914	270.187	270.187	270.187
500	5	0	95.699418	-25.686788	-2.372860	3691	921	270.687	270.687	270.687
501	5	0	95.340022	-26.034400	-2.372860	3684	928	271.187	271.187	271.187
502	5	0	94.980626	-26.382013	-2.372860	3677	935	271.687	271.687	271.687
503	5	0	94.621230	-26.729626	-2.372860	3670	942	272.187	272.187	272.187
504	5	0	94.261834	-27.077238	-1.783028	3662	949	272.687	272.687	272.687
505	5	0	94.473291	-27.416194	0.009260	3667	956	273.087	273.087	273.087
506	5	0	94.835889	-27.071922	0.759478	3674	949	273.587	273.587	273.587
507	5	0	95.198486	-26.727651	0.759478	3681	942	274.087	274.087	274.087
508	5	0	95.561084	-26.383379	0.759478	3688	935	274.587	274.587	274.587
509	5	0	95.923682	-26.039108	0.759478	3696	928	275.087	275.087	275.087
510	5	0	96.286280	-25.694836	0.759478	3703	922	275.587	275.587	275.587
511	5	0	96.648877	-25.350565	0.759478	3710	915	276.087	276.087	276.087
512	5	0	97.011475	-25.006293	0.759478	3717	908	276.587	276.587	276.587
513	5	0	97.374073	-24.662022	0.759478	3725	901	277.087	277.087	277.087
514	5	0	97.736671	-24.317750	0.759478	3732	894	277.587	277.587	277.587
515	5	0	98.099268	-23.973479	0.759478	3739	887	278.087	278.087	278.087
516	5	0	98.461866	-23.629207	0.759478	3746	880	278.587	278.587	278.587
517	5	0	98.824464	-23.284936	0.759478	3754	873	279.087	279.087	279.087
518	5	0	99.187062	-22.940664	0.759478	3761	866	279.587	279.587	279.587
519	5	0	99.549659	-22.596393	0.759478	3768	860	280.087	280.087	280.087
520	5	0	99.912257	-22.252121	0.759478	3775	853	280.587	280.587	280.587
521	5	0	100.274855	-21.907850	0.759478	3783	846	281.087	281.087	281.087
522	5	0	100.637453	-21.563578	0.759478	3790	839	281.587	281.587	281.587
523	5	0	101.000050	-21.219307	0.759478	3797	832	282.087	282.087	282.087
524	5	0	101.362648	-20.875035	0.759478	3805	825	282.587	282.587	282.587
525	5	0	101.725246	-20.530763	0.759478	3812	818	283.087	283.087	283.087
526	5	0	102.087844	-20.186492	0.759478	3819	811	283.587	283.587	283.587
527	5	0	102.450441	-19.842220	0.759478	3826	804	284.087	284.087	284.087
528	5	0	102.813039	-19.497949	0.759478	3834	798	284.587	284.587	284.587
529	5	0	103.175637	-19.153677	0.759478	3841	791	285.087	285.087	285.087
530	5	0	103.538235	-18.809406	0.759478	3848	784	285.587	285.587	285.587
531	5	0	103.900832	-18.465134	0.759478	3855	777	286.087	286.087	286.087
532	5	0	104.263430	-18.120863	0.759478	3863	770	286.587	286.587	286.587
533	5	0	104.626028	-17.776591	0.759478	3870	763	287.087	287.087	287.087
534	5	0	104.988626	-17.432320	0.759478	3877	756	287.587	287.587	287.587
535	5	0	105.351223	-17.088048	0.759478	3884	749	288.087	288.087	288.087
536	5	0	105.713821	-16.743777	0.759478	3892	742	288.587	288.587	288.587
537	5	0	106.076419	-16.399505	0.759478	3899	736	289.087	289.087	289.087
538	5	0	106.439017	-16.055234	0.759478	3906	729	289.587	289.587	289.587
539	5	0	106.801614	-15.710962	0.754798	3913	722	290.087	290.087	290.087
540	5	0	107.200994	-15.338519	0.750325	3921	714	290.633	290.633	290.633
541	5	0	107.566798	-14.997656	0.750119	3929	708	291.133	291.133	291.133
542	5	0	107.932602	-14.656793	0.750119	3936	701	291.633	291.633	291.633
543	5	0	108.298406	-14.315930	0.750119	3943	694	292.133	292.133	292.133
544	5	0	108.664210	-13.975067	0.557049	3951	687	292.633	292.633	292.633
545	5	0	109.426336	-13.468405	-0.054120	3966	677	293.548	293.548	293.548
546	5	0	110.243075	-13.964130	-0.649495	3982	687	294.504	294.504	294.504
547	5	0	110.573389	-14.339487	-1.140966	3989	694	295.004	295.004	295.004
548	5	0	110.812944	-15.207256	-1.348323	3994	712	295.904	295.904	295.904
549	5	0	110.881728	-15.702502	-1.501103	3995	722	296.404	296.404	296.404
550	5	0	111.096732	-17.009516	-1.537334	3999	748	297.728	297.728	297.728
551	5	0	111.097423	-17.509515	-1.569415	3999	758	298.228	298.228	298.228
552	5	0	111.098113	-18.009515	-1.569415	3999	768	298.728	298.728	298.728
553	5	0	111.098804	-18.509514	-1.569415	3999	778	299.228	299.228	299.228
554	5	0	111.099494	-19.009514	-1.569415	3999	788	299.728	299.728	299.728
555	5	0	111.100185	-19.509514	-1.569415	3999	798	300.228	300.228	300.228
556	5	0	111.100876	-20.009513	-1.569415	3999	808	300.728	300.728	300.728
557	5	0	111.101566	-20.509513	-1.569415	3999	818	301.228	301.228	301.228
558	5	0	111.102257	-21.009512	-1.569415	3999	828	301.728	301.728	301.728
559	5	0	111.102947	-21.509512	-1.569415	3999	838	302.228	302.228	302.228
560	5	0	111.103638	-22.009511	-1.569415	3999	848	302.728	302.728	302.728
561	5	0	111.104329	-22.509511	-1.569415	3999	858	303.228	303.228	303.228
562	5	0	111.105019	-23.009510	-1.569415	3999	868	303.728	303.728	303.728
563	5	0	111.105710	-23.509510	-1.569415	3999	878	304.228	304.228	304.228
564	5	0	111.106400	-24.009509	-1.569415	3999	888	304.728	304.728	304.728
565	5	0	111.107091	-24.509509	-1.569415	3999	898	305.228	305.228	305.228
566	5	0	111.107782	-25.009508	-1.569415	3999	908	305.728	305.728	305.728
567	5	0	111.108472	-25.509508	-1.569415	3999	918	306.228	306.228	306.228
568	5	0	111.109163	-26.009507	-1.569415	3999	928	306.728	306.728	306.728
569	5	0	111.109853	-26.509507	-1.569415	3999	938	307.228	307.228	307.228
570	5	0	111.110544	-27.009506	-1.569415	3999	948	307.728	307.728	307.728
571	5	0	111.111235	-27.509506	-1.569415	3999	958	308.228	308.228	308.228
572	5	0	111.111925	-28.009505	-1.569415	3999	968	308.728	308.728	308.728
573	5	0	111.112616	-28.509505	-1.569415	4000	978	309.228	309.228	309.228
574	5	0	111.113307	-29.009504	-1.569415	4000	988	309.728	309.728	309.728
575	5	0	111.113997	-29.509504	-1.569415	4000	998	310.228	310.228	310.228
576	5	0	111.114688	-30.009503	-1.569415	4000	1008	310.728	310.728	310.728
577	5	0	111.115378	-30.509503	-1.569415	4000	1018	311.228	311.228	311.228
578	5	0	111.116069	-31.009503	-1.569415	4000	1028	311.728	311.728	311.728
579	5	0	111.116760	-31.509502	-1.569415	4000	1038	312.228	312.228	312.228
580	5	0	111.117450	-32.009502	-1.569415	4000	1048	312.728	312.728	312.728
581	5	0	111.118141	-32.509501	-1.569415	4000	1058	313.228	313.228	313.228
582	5	0	111.118831	-33.009501	-1.569415	4000	1068	313.728	313.728	313.728
583	5	0	111.119522	-33.509500	-1.569415	4000	1078	314.228	314.228	314.228
584	5	0	111.120213	-34.009500	-1.569415	4000	1088	314.728	314.728	314.728
585	5	0	111.120903	-34.509499	-1.569415	4000	1098	315.228	315.228	315.228
586	5	0	111.121594	-35.009499	-1.569415	4000	1108	315.728	315.728	315.728
587	5	0	111.122284	-35.509498	-1.569415	4000	1118	316.228	316.228	316.228
588	5	0	111.122975	-36.009498	-1.569415	4000	1128	316.728	316.728	316.728
589	5	0	111.123666	-36.509497	-1.569415	4000	1138	317.228	317.228	317.228
590	5	0	111.124356	-37.009497	-1.569415	4000	1148	317.728	317.728	317.728
591	5	0	111.125047	-37.509496	-1.569415	4000	1158	318.228	318.228	318.228
592	5	0	111.125737	-38.009496	-1.569415	4000	1168	318.728	318.728	318.728
593	5	0	111.088265	-38.604902	-1.569415	3999	1180	319.325	319.325	319.325
594	5	0	111.088956	-39.104901	-1.569415	3999	1190	319.825	319.825	319.825
595	5	0	111.089647	-39.604901	-1.569415	3999	1200	320.325	320.325	320.325
596	5	0	111.090337	-40.104900	-1.569415	3999	1210	320.825	320.825	320.825
597	5	0	111.091028	-40.604900	-1.569415	3999	1220	321.325	321.325	321.325
598	5	0	111.091719	-41.104899	-1.569415	3999	1230	321.825	321.825	321.825
599	5	0	111.092409	-41.604899	-1.569415	3999	1240	322.325	322.325	322.325
600	5	0	111.093100	-42.104899	-1.569415	3999	1250	322.825	322.825	322.825
601	5	0	111.093790	-42.604898	-1.569415	3999	1260	323.325	323.325	323.325
602	5	0	111.094481	-43.104898	-1.569415	3999	1270	323.825	323.825	323.825
603	5	0	111.095172	-43.604897	-1.569415	3999	1280	324.325	324.325	324.325
604	5	0	111.095862	-44.104897	-1.569415	3999	1290	324.825	324.825	324.825
605	5	0	111.096553	-44.604896	-1.569415	3999	1300	325.325	325.325	325.325
606	5	0	111.097243	-45.104896	-1.569415	3999	1310	325.825	325.825	325.825
607	5	0	111.097934	-45.604895	-1.569415	3999	1320	326.325	326.325	326.325
608	5	0	111.098625	-46.104895	-1.569415	3999	1330	326.825	326.825	326.825
609	5	0	111.099315	-46.604894	-1.569415	3999	1340	327.325	327.325	327.325
610	5	0	111.100006	-47.104894	-1.569415	3999	1350	327.825	327.825	327.825
611	5	0	111.100696	-47.604893	-1.569415	3999	1360	328.325	328.325	328.325
612	5	0	111.101387	-48.104893	-1.569415	3999	1370	328.825	328.825	328.825
613	5	0	111.102078	-48.604892	-1.569415	3999	1380	329.325	329.325	329.325
614	5	0	111.102768	-49.104892	-1.724132	3999	1390	329.825	329.825	329.825
615	5	0	110.927633	-49.733628	-2.667827	3996	1402	330.478	330.478	330.478
616	5	0	110.505026	-49.411362	1.774213	3987	1396	331.009	331.009	331.009
617	5	0	110.604747	-48.168273	1.512482	3989	1371	332.256	332.256	332.256
618	5	0	110.606788	-47.668278	1.566715	3989	1361	332.756	332.756	332.756
619	5	0	110.608829	-47.168282	1.566715	3989	1351	333.256	333.256	333.256
620	5	0	110.610870	-46.668286	1.566715	3989	1341	333.756	333.756	333.756
621	5	0	110.612911	-46.168290	1.566715	3990	1331	334.256	334.256	334.256
622	5	0	110.614951	-45.668294	1.566715	3990	1321	334.756	334.756	334.756
623	5	0	110.616992	-45.168298	1.566715	3990	1311	335.256	335.256	335.256
624	5	0	110.619033	-44.668303	1.566715	3990	1301	335.756	335.756	335.756
625	5	0	110.621074	-44.168307	1.566715	3990	1291	336.256	336.256	336.256
626	5	0	110.623115	-43.668311	1.566715	3990	1281	336.756	336.756	336.756
627	5	0	110.625155	-43.168315	1.566715	3990	1271	337.256	337.256	337.256
628	5	0	110.627196	-42.668319	1.566715	3990	1261	337.756	337.756	337.756
629	5	0	110.629237	-42.168323	1.566715	3990	1251	338.256	338.256	338.256
630	5	0	110.631278	-41.668328	1.566715	3990	1241	338.756	338.756	338.756
631	5	0	110.633319	-41.168332	1.566715	3990	1231	339.256	339.256	339.256
632	5	0	110.635359	-40.668336	1.566715	3990	1221	339.756	339.756	339.756
633	5	0	110.637400	-40.168340	1.566715	3990	1211	340.256	340.256	340.256
634	5	0	110.639441	-39.668344	1.566715	3990	1201	340.756	340.756	340.756
635	5	0	110.641482	-39.168348	1.566715	3990	1191	341.256	341.256	341.256
636	5	0	110.643523	-38.668353	1.566715	3990	1181	341.756	341.756	341.756
637	5	0	110.683726	-38.072950	1.566715	3991	1169	342.353	342.353	342.353
638	5	0	110.685767	-37.572954	1.566715	3991	1159	342.853	342.853	342.853
639	5	0	110.687808	-37.072959	1.566715	3991	1149	343.353	343.353	343.353
640	5	0	110.689848	-36.572963	1.566715	3991	1139	343.853	343.853	343.853
641	5	0	110.691889	-36.072967	1.566715	3991	1129	344.353	344.353	344.353
642	5	0	110.693930	-35.572971	1.566715	3991	1119	344.853	344.853	344.853
643	5	0	110.695971	-35.072975	1.566715	3991	1109	345.353	345.353	345.353
644	5	0	110.698012	-34.572979	1.566715	3991	1099	345.853	345.853	345.853
645	5	0	110.700052	-34.072984	1.566715	3991	1089	346.353	346.353	346.353
646	5	0	110.702093	-33.572988	1.566715	3991	1079	346.853	346.853	346.853
647	5	0	110.704134	-33.072992	1.566715	3991	1069	347.353	347.353	347.353
648	5	0	110.706175	-32.572996	1.566715	3991	1059	347.853	347.853	347.853
649	5	0	110.708216	-32.073000	1.566715	3991	1049	348.353	348.353	348.353
650	5	0	110.710256	-31.573004	1.566715	3991	1039	348.853	348.853	348.853
651	5	0	110.712297	-31.073009	1.566715	3991	1029	349.353	349.353	349.353
652	5	0	110.714338	-30.573013	1.566715	3992	1019	349.853	349.853	349.853
653	5	0	110.716379	-30.073017	1.566715	3992	1009	350.353	350.353	350.353
654	5	0	110.718420	-29.573021	1.566715	3992	999	350.853	350.853	350.853
655	5	0	110.720460	-29.073025	1.566715	3992	989	351.353	351.353	351.353
656	5	0	110.722501	-28.573029	1.566715	3992	979	351.853	351.853	351.853
657	5	0	110.724542	-28.073034	1.566715	3992	969	352.353	352.353	352.353
658	5	0	110.726583	-27.573038	1.566715	3992	959	352.853	352.853	352.853
659	5	0	110.728624	-27.073042	1.566715	3992	949	353.353	353.353	353.353
660	5	0	110.730664	-26.573046	1.566715	3992	939	353.853	353.853	353.853
661	5	0	110.732705	-26.073050	1.566715	3992	929	354.353	354.353	354.353
662	5	0	110.734746	-25.573054	1.566715	3992	919	354.853	354.853	354.853
663	5	0	110.736787	-25.073059	1.566715	3992	909	355.353	355.353	355.353
664	5	0	110.738828	-24.573063	1.566715	3992	899	355.853	355.853	355.853
665	5	0	110.740868	-24.073067	1.566715	3992	889	356.353	356.353	356.353
666	5	0	110.742909	-23.573071	1.566715	3992	879	356.853	356.853	356.853
667	5	0	110.744950	-23.073075	1.566715	3992	869	357.353	357.353	357.353
668	5	0	110.746991	-22.573079	1.566715	3992	859	357.853	357.853	357.853
669	5	0	110.749032	-22.073084	1.566715	3992	849	358.353	358.353	358.353
670	5	0	110.751072	-21.573088	1.566715	3992	839	358.853	358.853	358.853
671	5	0	110.753113	-21.073092	1.566715	3992	829	359.353	359.353	359.353
672	5	0	110.755154	-20.573096	1.566715	3992	819	359.853	359.853	359.853
673	5	0	110.757195	-20.073100	1.566715	3992	809	360.353	360.353	360.353
674	5	0	110.759236	-19.573104	1.566715	3992	799	360.853	360.853	360.853
675	5	0	110.761276	-19.073109	1.566715	3992	789	361.353	361.353	361.353
676	5	0	110.763317	-18.573113	1.566715	3993	779	361.853	361.853	361.853
677	5	0	110.765358	-18.073117	1.566715	3993	769	362.353	362.353	362.353
678	5	0	110.767399	-17.573121	1.566715	3993	759	362.853	362.853	362.853
679	5	0	110.769440	-17.073125	1.566715	3993	749	363.353	363.353	363.353
680	5	0	110.618830	-16.649455	1.566715	3990	741	363.803	363.803	363.803
681	5	0	110.620871	-16.149459	1.566715	3990	731	364.303	364.303	364.303
682	5	0	110.622912	-15.649463	1.977578	3990	721	364.803	364.803	364.803
683	5	0	110.152267	-15.061733	2.532478	3980	709	365.556	365.556	365.556
684	5	0	109.076397	-14.570611	3.061436	3959	699	366.738	366.738	366.738
685	5	0	108.223911	-14.906831	-2.693888	3942	706	367.655	367.655	367.655
686	5	0	107.805680	-15.180844	-1.899111	3933	711	368.155	368.155	368.155
687	5	0	107.931531	-15.765149	-0.695058	3936	723	368.752	368.752	368.752
688	5	0	108.427145	-15.699067	0.049615	3946	722	369.252	369.252	369.252
689	5	0	109.124277	-15.705922	-0.019642	3960	722	369.950	369.950	369.950
690	5	0	109.624000	-15.722580	-2.494875	3970	722	370.450	370.450	370.450
691	5	0	108.310737	-16.320176	-2.836971	3943	734	371.892	371.892	371.892
692	5	0	107.811506	-16.292441	-3.121866	3933	733	372.392	372.392	372.392
693	5	0	106.826730	-16.349454	-2.748416	3914	735	373.379	373.379	373.379
694	5	0	106.201185	-16.960359	-1.770416	3901	747	374.253	374.253	374.253
695	5	0	106.702592	-16.963044	-0.002681	3911	747	374.755	374.755	374.755
696	5	0	107.202592	-16.963044	0.000000	3921	747	375.255	375.255	375.255
697	5	0	107.702592	-16.963044	0.000000	3931	747	375.755	375.755	375.755
698	5	0	108.202592	-16.963044	-0.023792	3941	747	376.255	376.255	376.255
699	5	0	108.709181	-16.986997	-0.047414	3951	747	376.762	376.762	376.762
700	5	0	109.208615	-17.010780	-0.047583	3961	748	377.262	377.262	377.262
701	5	0	109.708049	-17.034562	-1.093399	3971	748	377.762	377.762	377.762
702	5	0	109.527610	-17.627425	-2.436886	3968	760	378.381	378.381	378.381
703	5	0	109.027818	-17.613007	3.112754	3958	760	378.881	378.881	378.881
704	5	0	108.528026	-17.598590	3.112754	3948	760	379.381	379.381	379.381
705	5	0	108.028234	-17.584173	3.112754	3938	759	379.881	379.881	379.881
706	5	0	107.528442	-17.569756	3.112754	3928	759	380.381	380.381	380.381
707	5	0	107.028649	-17.555339	3.112754	3918	759	380.881	380.881	380.881
708	5	0	106.528857	-17.540922	3.112754	3908	758	381.381	381.381	381.381
709	5	0	106.029065	-17.526505	3.112754	3898	758	381.881	381.881	381.881
710	5	0	105.529273	-17.512088	-2.768620	3888	758	382.381	382.381	382.381
711	5	0	105.069595	-17.901933	-2.405839	3879	766	382.984	382.984	382.984
712	5	0	104.712308	-18.251713	-2.366810	3871	773	383.484	383.484	383.484
713	5	0	104.355022	-18.601494	-2.366810	3864	780	383.984	383.984	383.984
714	5	0	103.997735	-18.951274	-2.366810	3857	787	384.484	384.484	384.484
715	5	0	103.640449	-19.301055	-2.366810	3850	794	384.984	384.984	384.984
716	5	0	103.283162	-19.650835	-2.366810	3843	801	385.484	385.484	385.484
717	5	0	102.925876	-20.000616	-2.366810	3836	808	385.984	385.984	385.984
718	5	0	102.568589	-20.350396	-2.366810	3829	815	386.484	386.484	386.484
719	5	0	102.211303	-20.700177	-2.366810	3821	822	386.984	386.984	386.984
720	5	0	101.854016	-21.049957	-2.366810	3814	829	387.484	387.484	387.484
721	5	0	101.496730	-21.399738	-2.366810	3807	836	387.984	387.984	387.984
722	5	0	101.139443	-21.749518	-2.366810	3800	843	388.484	388.484	388.484
723	5	0	100.782157	-22.099299	-2.366810	3793	850	388.984	388.984	388.984
724	5	0	100.424870	-22.449079	-2.366810	3786	857	389.484	389.484	389.484
725	5	0	100.067584	-22.798859	-2.366810	3779	864	389.984	389.984	389.984
726	5	0	99.710297	-23.148640	-2.366810	3771	871	390.484	390.484	390.484
727	5	0	99.353011	-23.498420	-2.366810	3764	878	390.984	390.984	390.984
728	5	0	98.995724	-23.848201	-2.366810	3757	885	391.484	391.484	391.484
729	5	0	98.638438	-24.197981	-2.366810	3750	892	391.984	391.984	391.984
730	5	0	98.281151	-24.547762	-2.366810	3743	899	392.484	392.484	392.484
731	5	0	97.923865	-24.897542	-2.366810	3736	906	392.984	392.984	392.984
732	5	0	97.566578	-25.247323	-2.366810	3729	913	393.484	393.484	393.484
733	5	0	97.209292	-25.597103	-2.366810	3721	920	393.984	393.984	393.984
734	5	0	96.852006	-25.946884	-2.366810	3714	927	394.484	394.484	394.484
735	5	0	96.494719	-26.296664	-2.366810	3707	934	394.984	394.984	394.984
736	5	0	96.137433	-26.646445	-2.366810	3700	941	395.484	395.484	395.484
737	5	0	95.780146	-26.996225	-2.366810	3693	948	395.984	395.984	395.984
738	5	0	95.422860	-27.346005	-2.366810	3686	955	396.484	396.484	396.484
739	5	0	95.065573	-27.695786	-2.366810	3679	962	396.984	396.984	396.984
740	5	0	94.708287	-28.045566	-2.366810	3671	969	397.484	397.484	397.484
741	5	0	94.614358	-28.137521	-2.366810	3670	970	397.616	397.616	397.616
742	5	0	94.158257	-28.548012	-1.859772	3660	979	398.229	398.229	398.229
743	5	0	94.015772	-29.027280	-1.859772	3658	988	398.729	398.729	398.729
744	5	0	93.873287	-29.506549	-1.859772	3655	998	399.229	399.229	399.229
745	5	0	93.730802	-29.985817	-1.695295	3652	1007	399.729	399.729	399.729
746	5	0	93.686945	-30.995553	-1.586612	3651	1028	400.740	400.740	400.740
747	5	0	93.706929	-31.495153	-1.530818	3651	1038	401.240	401.240	401.240
748	5	0	93.726913	-31.994754	-1.530818	3652	1048	401.740	401.740	401.740
749	5	0	93.746897	-32.494354	-1.530818	3652	1058	402.240	402.240	402.240
750	5	0	93.766881	-32.993954	-1.530818	3653	1067	402.740	402.740	402.740
751	5	0	93.786865	-33.493555	-1.530818	3653	1077	403.240	403.240	403.240
752	5	0	93.806849	-33.993155	-1.530818	3653	1087	403.740	403.740	403.740
753	5	0	93.826833	-34.492756	-1.530818	3654	1097	404.240	404.240	404.240
754	5	0	93.846817	-34.992356	-1.530818	3654	1107	404.740	404.740	404.740
755	5	0	93.866801	-35.491957	-1.530818	3655	1117	405.240	405.240	405.240
756	5	0	93.886785	-35.991557	-1.530818	3655	1127	405.740	405.740	405.740
757	5	0	93.906769	-36.491158	-1.530818	3655	1137	406.240	406.240	406.240
758	5	0	93.926753	-36.990758	-1.530818	3656	1147	406.740	406.740	406.740
759	5	0	93.946737	-37.490359	-1.530818	3656	1157	407.240	407.240	407.240
760	5	0	93.966721	-37.989959	-0.813940	3657	1167	407.740	407.740	407.740
761	5	0	94.978000	-38.582237	-0.373508	3677	1179	408.912	408.912	408.912
762	5	0	95.478000	-38.582237	0.000000	3687	1179	409.412	409.412	409.412
763	5	0	95.978000	-38.582237	0.000000	3697	1179	409.912	409.912	409.912
764	5	0	96.478000	-38.582237	0.000000	3707	1179	410.412	410.412	410.412
765	5	0	96.978000	-38.582237	0.000000	3717	1179	410.912	410.912	410.912
766	5	0	97.478000	-38.582237	0.000000	3727	1179	411.412	411.412	411.412
767	5	0	97.978000	-38.582237	0.000000	3737	1179	411.912	411.912	411.912
768	5	0	98.478000	-38.582237	0.000000	3747	1179	412.412	412.412	412.412
769	5	0	98.978000	-38.582237	0.000000	3757	1179	412.912	412.912	412.912
770	5	0	99.478000	-38.582237	0.000000	3767	1179	413.412	413.412	413.412
771	5	0	99.978000	-38.582237	0.000000	3777	1179	413.912	413.912	413.912
772	5	0	100.478000	-38.582237	0.000000	3787	1179	414.412	414.412	414.412
773	5	0	100.978000	-38.582237	0.000000	3797	1179	414.912	414.912	414.912
774	5	0	101.478000	-38.582237	0.000000	3807	1179	415.412	415.412	415.412
775	5	0	101.978000	-38.582237	0.000000	3817	1179	415.912	415.912	415.912
776	5	0	102.478000	-38.582237	0.000000	3827	1179	416.412	416.412	416.412
777	5	0	102.978000	-38.582237	0.000000	3837	1179	416.912	416.912	416.912
778	5	0	103.478000	-38.582237	0.000000	3847	1179	417.412	417.412	417.412
779	5	0	103.978000	-38.582237	0.000000	3857	1179	417.912	417.912	417.912
780	5	0	104.478000	-38.582237	0.000000	3867	1179	418.412	418.412	418.412
781	5	0	104.978000	-38.582237	0.000000	3877	1179	418.912	418.912	418.912
782	5	0	105.478000	-38.582237	0.000000	3887	1179	419.412	419.412	419.412
783	5	0	105.978000	-38.582237	0.000000	3897	1179	419.912	419.912	419.912
784	5	0	106.478000	-38.582237	0.000000	3907	1179	420.412	420.412	420.412
785	5	0	106.978000	-38.582237	0.000000	3917	1179	420.912	420.912	420.912
786	5	0	107.478000	-38.582237	0.000000	3927	1179	421.412	421.412	421.412
787	5	0	107.978000	-38.582237	0.000000	3937	1179	421.912	421.912	421.912
788	5	0	108.478000	-38.582237	0.000000	3947	1179	422.412	422.412	422.412
789	5	0	108.978000	-38.582237	0.000000	3957	1179	422.912	422.912	422.912
790	5	0	109.478000	-38.582237	-0.587916	3967	1179	423.412	423.412	423.412
791	5	0	109.535890	-38.954094	-2.430865	3968	1187	423.788	423.788	423.788
792	5	0	109.035965	-38.962738	-3.124303	3958	1187	424.288	424.288	424.288
793	5	0	108.536040	-38.971382	-3.124303	3948	1187	424.788	424.788	424.788
794	5	0	108.036114	-38.980027	-3.124303	3938	1187	425.288	425.288	425.288
795	5	0	107.536189	-38.988671	-3.124303	3928	1187	425.788	425.788	425.788
796	5	0	107.036264	-38.997315	-3.124303	3918	1188	426.288	426.288	426.288
797	5	0	106.536339	-39.005959	-3.124303	3908	1188	426.788	426.788	426.788
798	5	0	106.036413	-39.014604	-3.124303	3898	1188	427.288	427.288	427.288
799	5	0	105.536488	-39.023248	-3.124303	3888	1188	427.788	427.788	427.788
800	5	0	105.036563	-39.031892	-3.124303	3878	1188	428.288	428.288	428.288
801	5	0	104.536638	-39.040536	-3.124303	3868	1188	428.788	428.788	428.788
802	5	0	104.036712	-39.049181	-3.124303	3858	1189	429.288	429.288	429.288
803	5	0	103.536787	-39.057825	-3.124303	3848	1189	429.788	429.788	429.788
804	5	0	103.036862	-39.066469	-3.124303	3838	1189	430.288	430.288	430.288
805	5	0	102.536936	-39.075113	-3.124303	3828	1189	430.788	430.788	430.788
806	5	0	102.037011	-39.083757	-3.124303	3818	1189	431.288	431.288	431.288
807	5	0	101.537086	-39.092402	-3.124303	3808	1189	431.788	431.788	431.788
808	5	0	101.037161	-39.101046	-3.124303	3798	1190	432.288	432.288	432.288
809	5	0	100.537235	-39.109690	-3.124303	3788	1190	432.788	432.788	432.788
810	5	0	100.037310	-39.118334	-3.124303	3778	1190	433.288	433.288	433.288
811	5	0	99.537385	-39.126979	-3.124303	3768	1190	433.788	433.788	433.788
812	5	0	99.037460	-39.135623	-3.124303	3758	1190	434.288	434.288	434.288
813	5	0	98.537534	-39.144267	-3.124303	3748	1190	434.788	434.788	434.788
814	5	0	98.037609	-39.152911	-3.124303	3738	1191	435.288	435.288	435.288
815	5	0	97.537684	-39.161556	-3.124303	3728	1191	435.788	435.788	435.788
816	5	0	97.037758	-39.170200	-3.124303	3718	1191	436.288	436.288	436.288
817	5	0	96.537833	-39.178844	-3.124303	3708	1191	436.788	436.788	436.788
818	5	0	96.037908	-39.187488	-3.124303	3698	1191	437.288	437.288	437.288
819	5	0	95.537983	-39.196133	-3.124303	3688	1192	437.788	437.788	437.788
820	5	0	95.038057	-39.204777	-3.124303	3678	1192	438.288	438.288	438.288
821	5	0	94.538132	-39.213421	-2.275141	3668	1192	438.788	438.788	438.788
822	5	0	93.852010	-40.521558	-1.897331	3654	1218	440.265	440.265	440.265
823	5	0	93.852010	-41.021558	-1.570796	3654	1228	440.765	440.765	440.765
824	5	0	93.852010	-41.521558	-1.570796	3654	1238	441.265	441.265	441.265
825	5	0	93.852010	-42.021558	-1.570796	3654	1248	441.765	441.765	441.765
826	5	0	93.852010	-42.521558	-1.570796	3654	1258	442.265	442.265	442.265
827	5	0	93.852010	-43.021558	-1.570796	3654	1268	442.765	442.765	442.765
828	5	0	93.852010	-43.521558	-1.570796	3654	1278	443.265	443.265	443.265
829	5	0	93.852010	-44.021558	-1.570796	3654	1288	443.765	443.765	443.765
830	5	0	93.852010	-44.521558	-1.570796	3654	1298	444.265	444.265	444.265
831	5	0	93.852010	-45.021558	-1.570796	3654	1308	444.765	444.765	444.765
832	5	0	93.852010	-45.521558	-1.570796	3654	1318	445.265	445.265	445.265
833	5	0	93.852010	-46.021558	-1.570796	3654	1328	445.765	445.765	445.765
834	5	0	93.852010	-46.521558	-1.570796	3654	1338	446.265	446.265	446.265
835	5	0	93.852010	-47.021558	-1.570796	3654	1348	446.765	446.765	446.765
836	5	0	93.852010	-47.521558	-1.570796	3654	1358	447.265	447.265	447.265
837	5	0	93.852010	-48.021558	-1.570796	3654	1368	447.765	447.765	447.765
838	5	0	93.852010	-48.521558	-1.570796	3654	1378	448.265	448.265	448.265
839	5	0	93.930207	-49.008526	-1.570796	3656	1388	448.759	448.759	448.759
840	5	0	93.930207	-49.508526	-1.570796	3656	1398	449.259	449.259	449.259
841	5	0	93.930207	-50.008526	-1.570796	3656	1408	449.759	449.759	449.759
842	5	0	93.930207	-50.508526	-1.570796	3656	1418	450.259	450.259	450.259
843	5	0	93.930207	-51.008526	-1.570796	3656	1428	450.759	450.759	450.759
844	5	0	93.930207	-51.508526	-1.570796	3656	1438	451.259	451.259	451.259
845	5	0	93.930207	-52.008526	-1.570796	3656	1448	451.759	451.759	451.759
846	5	0	93.930207	-52.508526	-1.570796	3656	1458	452.259	452.259	452.259
847	5	0	93.930207	-53.008526	-1.570796	3656	1468	452.759	452.759	452.759
848	5	0	93.930207	-53.508526	-1.570796	3656	1478	453.259	453.259	453.259
849	5	0	93.930207	-54.008526	-1.570796	3656	1488	453.759	453.759	453.759
850	5	0	93.930207	-54.508526	-1.570796	3656	1498	454.259	454.259	454.259
851	5	0	93.930207	-55.008526	2.831946	3656	1508	454.759	454.759	454.759
852	5	0	93.357457	-54.519592	2.052358	3644	1498	455.512	455.512	455.512
853	5	0	93.361189	-54.019606	1.563334	3644	1488	456.012	456.012	456.012
854	5	0	93.364920	-53.519620	1.563334	3645	1478	456.512	456.512	456.512
855	5	0	93.368651	-53.019634	1.563334	3645	1468	457.012	457.012	457.012
856	5	0	93.372382	-52.519648	1.563334	3645	1458	457.512	457.512	457.512
857	5	0	93.316874	-51.806398	1.563334	3644	1444	458.227	458.227	458.227
858	5	0	93.320605	-51.306412	1.563334	3644	1434	458.727	458.727	458.727
859	5	0	93.324336	-50.806426	1.563334	3644	1424	459.227	459.227	459.227
860	5	0	93.328067	-50.306440	1.563334	3644	1414	459.727	459.727	459.727
861	5	0	93.331799	-49.806454	1.563334	3644	1404	460.227	460.227	460.227
862	5	0	93.335530	-49.306468	1.563334	3644	1394	460.727	460.727	460.727
863	5	0	93.339261	-48.806482	1.563334	3644	1384	461.227	461.227	461.227
864	5	0	93.342992	-48.306495	1.563334	3644	1374	461.727	461.727	461.727
865	5	0	93.346723	-47.806509	1.563334	3644	1364	462.227	462.227	462.227
866	5	0	93.350455	-47.306523	1.563334	3644	1354	462.727	462.727	462.727
867	5	0	93.354186	-46.806537	1.563334	3644	1344	463.227	463.227	463.227
868	5	0	93.357917	-46.306551	1.563334	3644	1334	463.727	463.727	463.727
869	5	0	93.361648	-45.806565	1.563334	3644	1324	464.227	464.227	464.227
870	5	0	93.365380	-45.306579	1.563334	3645	1314	464.727	464.727	464.727
871	5	0	93.369111	-44.806593	1.563334	3645	1304	465.227	465.227	465.227
872	5	0	93.372842	-44.306607	1.563334	3645	1294	465.727	465.727	465.727
873	5	0	93.376573	-43.806621	1.563334	3645	1284	466.227	466.227	466.227
874	5	0	93.380305	-43.306635	2.352463	3645	1274	466.727	466.727	466.727
875	5	0	92.537048	-42.960807	2.889610	3628	1267	467.638	467.638	467.638
876	5	0	92.037048	-42.960807	3.141593	3618	1267	468.138	468.138	468.138
877	5	0	91.537048	-42.960807	3.141593	3608	1267	468.638	468.638	468.638
878	5	0	91.037048	-42.960807	3.141593	3598	1267	469.138	469.138	469.138
879	5	0	90.537048	-42.960807	3.141593	3588	1267	469.638	469.638	469.638
880	5	0	90.037048	-42.960807	3.141593	3578	1267	470.138	470.138	470.138
881	5	0	89.537048	-42.960807	3.141593	3568	1267	470.638	470.638	470.638
882	5	0	89.037048	-42.960807	3.141593	3558	1267	471.138	471.138	471.138
883	5	0	88.537048	-42.960807	3.141593	3548	1267	471.638	471.638	471.638
884	5	0	88.037048	-42.960807	3.141593	3538	1267	472.138	472.138	472.138
885	5	0	87.537048	-42.960807	3.141593	3528	1267	472.638	472.638	472.638
886	5	0	87.037048	-42.960807	3.141593	3518	1267	473.138	473.138	473.138
887	5	0	86.537048	-42.960807	3.141593	3508	1267	473.638	473.638	473.638
888	5	0	86.037048	-42.960807	3.141593	3498	1267	474.138	474.138	474.138
889	5	0	85.537048	-42.960807	3.141593	3488	1267	474.638	474.638	474.638
890	5	0	85.037048	-42.960807	3.141593	3478	1267	475.138	475.138	475.138
891	5	0	84.537048	-42.960807	3.141593	3468	1267	475.638	475.638	475.638
892	5	0	84.037048	-42.960807	3.141593	3458	1267	476.138	476.138	476.138
893	5	0	83.537048	-42.960807	3.141593	3448	1267	476.638	476.638	476.638
894	5	0	83.037048	-42.960807	3.141593	3438	1267	477.138	477.138	477.138
895	5	0	82.537048	-42.960807	3.141593	3428	1267	477.638	477.638	477.638
896	5	0	82.037048	-42.960807	3.141593	3418	1267	478.138	478.138	478.138
897	5	0	81.537048	-42.960807	1.836658	3408	1267	478.638	478.638	478.638
898	5	0	81.915872	-42.515810	0.460425	3416	1258	479.223	479.223	479.223
899	5	0	82.456647	-42.504706	0.010668	3426	1258	479.764	479.764	479.764
900	5	0	82.956647	-42.504706	0.000000	3436	1258	480.264	480.264	480.264
901	5	0	83.456647	-42.504706	0.000000	3446	1258	480.764	480.764	480.764
902	5	0	83.956647	-42.504706	0.000000	3456	1258	481.264	481.264	481.264
903	5	0	84.456647	-42.504706	0.000000	3466	1258	481.764	481.764	481.764
904	5	0	84.956647	-42.504706	0.000000	3476	1258	482.264	482.264	482.264
905	5	0	85.456647	-42.504706	0.000000	3486	1258	482.764	482.764	482.764
906	5	0	85.956647	-42.504706	0.000000	3496	1258	483.264	483.264	483.264
907	5	0	86.456647	-42.504706	0.000000	3506	1258	483.764	483.764	483.764
908	5	0	86.956647	-42.504706	0.000000	3516	1258	484.264	484.264	484.264
909	5	0	87.456647	-42.504706	0.000000	3526	1258	484.764	484.764	484.764
910	5	0	87.956647	-42.504706	0.000000	3536	1258	485.264	485.264	485.264
911	5	0	88.456647	-42.504706	0.000000	3546	1258	485.764	485.764	485.764
912	5	0	88.956647	-42.504706	0.000000	3556	1258	486.264	486.264	486.264
913	5	0	89.456647	-42.504706	0.000000	3566	1258	486.764	486.764	486.764
914	5	0	89.956647	-42.504706	0.000000	3576	1258	487.264	487.264	487.264
915	5	0	90.456647	-42.504706	0.000000	3586	1258	487.764	487.764	487.764
916	5	0	90.956647	-42.504706	0.000000	3596	1258	488.264	488.264	488.264
917	5	0	91.456647	-42.504706	0.000000	3606	1258	488.764	488.764	488.764
918	5	0	91.956647	-42.504706	0.000000	3616	1258	489.264	489.264	489.264
919	5	0	92.456647	-42.504706	0.000000	3626	1258	489.764	489.764	489.764
920	5	0	92.956647	-42.504706	0.791350	3636	1258	490.264	490.264	490.264
921	5	0	93.326792	-41.624140	1.312866	3644	1240	491.219	491.219	491.219
922	5	0	93.320840	-41.124176	1.582701	3644	1230	491.719	491.719	491.719
923	5	0	93.314888	-40.624211	1.582701	3644	1220	492.219	492.219	492.219
924	5	0	93.308937	-40.124247	1.582701	3643	1210	492.719	492.719	492.719
925	5	0	93.302985	-39.624282	1.582701	3643	1200	493.219	493.219	493.219
926	5	0	93.297033	-39.124317	1.582701	3643	1190	493.719	493.719	493.719
927	5	0	93.291081	-38.624353	1.582701	3643	1180	494.219	494.219	494.219
928	5	0	93.285129	-38.124388	1.582701	3643	1170	494.719	494.719	494.719
929	5	0	93.279177	-37.624424	1.582701	3643	1160	495.219	495.219	495.219
930	5	0	93.273225	-37.124459	1.582701	3643	1150	495.719	495.719	495.719
931	5	0	93.267273	-36.624495	1.582701	3643	1140	496.219	496.219	496.219
932	5	0	93.261321	-36.124530	1.582701	3642	1130	496.719	496.719	496.719
933	5	0	93.255369	-35.624565	1.582701	3642	1120	497.219	497.219	497.219
934	5	0	93.249417	-35.124601	1.582701	3642	1110	497.719	497.719	497.719
935	5	0	93.243465	-34.624636	1.582701	3642	1100	498.219	498.219	498.219
936	5	0	93.237513	-34.124672	1.582701	3642	1090	498.719	498.719	498.719
937	5	0	93.231561	-33.624707	1.582701	3642	1080	499.219	499.219	499.219
938	5	0	93.225609	-33.124743	1.582701	3642	1070	499.719	499.719	499.719
939	5	0	93.219657	-32.624778	1.582701	3642	1060	500.219	500.219	500.219
940	5	0	93.213705	-32.124813	1.582701	3642	1050	500.719	500.719	500.719
941	5	0	93.207753	-31.624849	1.582701	3641	1040	501.219	501.219	501.219
942	5	0	93.201801	-31.124884	1.644512	3641	1030	501.719	501.719	501.719
943	5	0	93.117494	-30.402654	1.430481	3640	1016	502.446	502.446	502.446
944	5	0	93.472657	-29.207236	1.229516	3647	992	503.693	503.693	503.693
945	5	0	93.700213	-28.762018	1.098299	3651	983	504.193	504.193	504.193
946	5	0	93.927768	-28.316801	1.850987	3656	974	504.693	504.693	504.693
947	5	0	93.483801	-28.009965	-3.044296	3647	968	505.233	505.233	505.233
948	5	0	93.160830	-28.391658	-2.273053	3640	975	505.733	505.733	505.733
949	5	0	92.837858	-28.773351	-2.273053	3634	983	506.233	506.233	506.233
950	5	0	92.514887	-29.155044	-2.273053	3628	991	506.733	506.733	506.733
951	5	0	92.333853	-29.368994	-2.273053	3624	995	507.013	507.013	507.013
952	5	0	92.835564	-29.688265	-1.609192	3634	1001	507.608	507.608	507.608
953	5	0	92.758096	-31.704905	-1.795516	3632	1042	509.626	509.626	509.626
954	5	0	92.423163	-31.492448	1.732566	3626	1037	510.023	510.023	510.023
955	5	0	92.559232	-30.486344	1.864814	3628	1017	511.038	511.038	511.038
956	5	0	92.235273	-30.871925	-2.257594	3622	1025	511.541	511.541	511.541
957	5	0	91.922925	-31.262359	-2.245537	3616	1033	512.041	512.041	512.041
958	5	0	91.610578	-31.652794	-2.420795	3609	1041	512.541	512.541	512.541
959	5	0	90.314301	-32.675503	-2.444478	3584	1061	514.193	514.193	514.193
960	5	0	89.963618	-33.031904	-2.348108	3577	1068	514.693	514.693	514.693
961	5	0	89.612935	-33.388305	-2.348108	3570	1075	515.193	515.193	515.193
962	5	0	89.262252	-33.744705	-2.348108	3562	1083	515.693	515.693	515.693
963	5	0	88.911569	-34.101106	-2.348108	3555	1090	516.193	516.193	516.193
964	5	0	88.560886	-34.457507	-2.348108	3548	1097	516.693	516.693	516.693
965	5	0	88.210203	-34.813907	-2.348108	3541	1104	517.193	517.193	517.193
966	5	0	87.859520	-35.170308	-2.348108	3534	1111	517.693	517.693	517.693
967	5	0	87.508837	-35.526709	-2.348108	3527	1118	518.193	518.193	518.193
968	5	0	87.158154	-35.883109	-2.348108	3520	1125	518.693	518.693	518.693
969	5	0	86.807471	-36.239510	-2.348108	3513	1132	519.193	519.193	519.193
970	5	0	86.456788	-36.595911	-2.348108	3506	1140	519.693	519.693	519.693
971	5	0	86.106105	-36.952311	-2.348108	3499	1147	520.193	520.193	520.193
972	5	0	85.755422	-37.308712	-2.348108	3492	1154	520.693	520.693	520.693
973	5	0	85.404739	-37.665113	-2.348108	3485	1161	521.193	521.193	521.193
974	5	0	85.054056	-38.021513	-2.348108	3478	1168	521.693	521.693	521.693
975	5	0	84.703373	-38.377914	-2.348108	3471	1175	522.193	522.193	522.193
976	5	0	84.352690	-38.734315	-2.348108	3464	1182	522.693	522.693	522.693
977	5	0	84.002007	-39.090715	-2.348108	3457	1189	523.193	523.193	523.193
978	5	0	83.651324	-39.447116	-2.348108	3450	1197	523.693	523.693	523.693
979	5	0	83.300641	-39.803517	-2.348108	3443	1204	524.193	524.193	524.193
980	5	0	82.949958	-40.159917	-2.348108	3436	1211	524.693	524.693	524.693
981	5	0	82.599275	-40.516318	-1.894601	3429	1218	525.193	525.193	525.193
982	5	0	82.605552	-41.186105	-1.985422	3429	1231	525.862	525.862	525.862
983	5	0	82.085396	-41.683847	-2.524424	3419	1241	526.582	526.582	526.582
984	5	0	81.420483	-42.027080	-2.555232	3406	1248	527.331	527.331	527.331
985	5	0	81.055029	-42.368318	-2.390449	3398	1255	527.831	527.831	527.831
986	5	0	80.689575	-42.709555	-2.390449	3391	1262	528.331	528.331	528.331
987	5	0	80.324120	-43.050793	-2.390449	3384	1269	528.831	528.831	528.831
988	5	0	79.958666	-43.392031	-2.390449	3376	1275	529.331	529.331	529.331
989	5	0	79.593211	-43.733268	-2.390449	3369	1282	529.831	529.831	529.831
990	5	0	79.227757	-44.074506	-2.390449	3362	1289	530.331	530.331	530.331
991	5	0	78.862303	-44.415743	-2.390449	3354	1296	530.831	530.831	530.831
992	5	0	78.496848	-44.756981	-2.390449	3347	1303	531.331	531.331	531.331
993	5	0	78.131394	-45.098218	-2.390449	3340	1310	531.831	531.831	531.831
994	5	0	77.765939	-45.439456	-2.390449	3333	1316	532.331	532.331	532.331
995	5	0	77.400485	-45.780693	-2.390449	3325	1323	532.831	532.831	532.831
996	5	0	77.035030	-46.121931	-2.390449	3318	1330	533.331	533.331	533.331
997	5	0	76.669576	-46.463169	-2.390449	3311	1337	533.831	533.831	533.831
998	5	0	76.304122	-46.804406	-2.390449	3303	1344	534.331	534.331	534.331
999	5	0	75.938667	-47.145644	-2.390449	3296	1351	534.831	534.831	534.831
1000	5	0	75.573213	-47.486881	-2.390449	3289	1357	535.331	535.331	535.331
1001	5	0	75.207758	-47.828119	-2.390449	3281	1364	535.831	535.831	535.831
1002	5	0	74.842304	-48.169356	-2.390449	3274	1371	536.331	536.331	536.331
1003	5	0	74.476850	-48.510594	1.745508	3267	1378	536.831	536.831	536.831
1004	5	0	74.716882	-47.458799	1.167329	3272	1357	537.909	537.909	537.909
1005	5	0	75.074860	-47.109726	0.772804	3279	1350	538.409	538.409	538.409
1006	5	0	75.432838	-46.760653	0.772804	3286	1343	538.909	538.909	538.909
1007	5	0	75.790816	-46.411581	0.772804	3293	1336	539.409	539.409	539.409
1008	5	0	76.148794	-46.062508	0.772804	3300	1329	539.909	539.909	539.909
1009	5	0	76.506772	-45.713435	0.772804	3307	1322	540.409	540.409	540.409
1010	5	0	76.864749	-45.364362	0.772804	3315	1315	540.909	540.909	540.909
1011	5	0	77.222727	-45.015289	0.772804	3322	1308	541.409	541.409	541.409
1012	5	0	77.580705	-44.666216	0.772804	3329	1301	541.909	541.909	541.909
1013	5	0	77.938683	-44.317143	0.772804	3336	1294	542.409	542.409	542.409
1014	5	0	78.296661	-43.968070	0.772804	3343	1287	542.909	542.909	542.909
1015	5	0	78.654638	-43.618997	0.772804	3350	1280	543.409	543.409	543.409
1016	5	0	79.012616	-43.269925	0.772804	3358	1273	543.909	543.909	543.909
1017	5	0	79.370594	-42.920852	0.772804	3365	1266	544.409	544.409	544.409
1018	5	0	79.728572	-42.571779	0.772804	3372	1259	544.909	544.909	544.909
1019	5	0	80.086550	-42.222706	0.772804	3379	1252	545.409	545.409	545.409
1020	5	0	80.444527	-41.873633	0.772804	3386	1245	545.909	545.909	545.909
1021	5	0	80.802505	-41.524560	0.772804	3393	1238	546.409	546.409	546.409
1022	5	0	81.160483	-41.175487	0.772804	3400	1231	546.909	546.909	546.909
1023	5	0	81.518461	-40.826414	0.772804	3408	1224	547.409	547.409	547.409
1024	5	0	81.876439	-40.477341	0.772804	3415	1217	547.909	547.909	547.909
1025	5	0	82.234417	-40.128268	0.772804	3422	1210	548.409	548.409	548.409
1026	5	0	82.592394	-39.779196	0.772804	3429	1203	548.909	548.909	548.909
1027	5	0	82.950372	-39.430123	0.772804	3436	1196	549.409	549.409	549.409
1028	5	0	83.308350	-39.081050	0.772804	3443	1189	549.909	549.909	549.909
1029	5	0	83.666328	-38.731977	0.772804	3451	1182	550.409	550.409	550.409
1030	5	0	84.024306	-38.382904	0.772804	3458	1175	550.909	550.909	550.909
1031	5	0	84.382283	-38.033831	0.772804	3465	1168	551.409	551.409	551.409
1032	5	0	84.740261	-37.684758	0.772804	3472	1161	551.909	551.909	551.909
1033	5	0	85.098239	-37.335685	0.772804	3479	1154	552.409	552.409	552.409
1034	5	0	85.456217	-36.986612	0.772804	3486	1147	552.909	552.909	552.909
1035	5	0	85.814195	-36.637540	0.772804	3494	1140	553.409	553.409	553.409
1036	5	0	86.172173	-36.288467	0.772804	3501	1133	553.909	553.909	553.909
1037	5	0	86.530150	-35.939394	0.772804	3508	1126	554.409	554.409	554.409
1038	5	0	86.888128	-35.590321	0.772804	3515	1119	554.909	554.909	554.909
1039	5	0	87.246106	-35.241248	0.772804	3522	1112	555.409	555.409	555.409
1040	5	0	87.604084	-34.892175	0.772804	3529	1105	555.909	555.909	555.909
1041	5	0	87.962062	-34.543102	0.772804	3536	1098	556.409	556.409	556.409
1042	5	0	88.320039	-34.194029	0.772804	3544	1091	556.909	556.909	556.909
1043	5	0	88.678017	-33.844956	0.772804	3551	1085	557.409	557.409	557.409
1044	5	0	89.035995	-33.495884	0.772804	3558	1078	557.909	557.909	557.909
1045	5	0	89.393973	-33.146811	0.772804	3565	1071	558.409	558.409	558.409
1046	5	0	89.751951	-32.797738	0.772804	3572	1064	558.909	558.909	558.909
1047	5	0	90.109928	-32.448665	0.772804	3579	1057	559.409	559.409	559.409
1048	5	0	90.467906	-32.099592	0.772804	3587	1050	559.909	559.909	559.909
1049	5	0	90.825884	-31.750519	0.772804	3594	1043	560.409	560.409	560.409
1050	5	0	91.183862	-31.401446	0.772804	3601	1036	560.909	560.909	560.909
1051	5	0	91.541840	-31.052373	0.772804	3608	1029	561.409	561.409	561.409
1052	5	0	91.899818	-30.703300	0.772804	3615	1022	561.909	561.909	561.909
1053	5	0	92.257795	-30.354227	1.493551	3622	1015	562.409	562.409	562.409
1054	5	0	91.977501	-29.699636	2.709468	3617	1002	563.122	563.122	563.122
1055	5	0	91.608119	-30.054600	-2.362544	3609	1009	563.634	563.634	563.634
1056	5	0	91.257240	-30.410808	-2.348657	3602	1016	564.134	564.134	564.134
1057	5	0	90.906362	-30.767016	-2.348657	3595	1023	564.634	564.634	564.634
1058	5	0	90.555483	-31.123224	-2.348657	3588	1030	565.134	565.134	565.134
1059	5	0	90.204605	-31.479433	-2.348657	3581	1037	565.634	565.634	565.634
1060	5	0	89.853726	-31.835641	-2.348657	3574	1044	566.134	566.134	566.134
1061	5	0	89.502848	-32.191849	-2.348657	3567	1051	566.634	566.634	566.634
1062	5	0	89.151970	-32.548057	-2.348657	3560	1059	567.134	567.134	567.134
1063	5	0	88.801091	-32.904266	-2.348657	3553	1066	567.634	567.634	567.634
1064	5	0	88.450213	-33.260474	-2.348657	3546	1073	568.134	568.134	568.134
1065	5	0	88.099334	-33.616682	-2.348657	3539	1080	568.634	568.634	568.634
1066	5	0	87.748456	-33.972890	-2.348657	3532	1087	569.134	569.134	569.134
1067	5	0	87.397577	-34.329099	-2.348657	3525	1094	569.634	569.634	569.634
1068	5	0	87.046699	-34.685307	-2.348657	3518	1101	570.134	570.134	570.134
1069	5	0	86.695820	-35.041515	-2.348657	3511	1108	570.634	570.634	570.634
1070	5	0	86.344942	-35.397723	-2.348657	3504	1116	571.134	571.134	571.134
1071	5	0	85.994063	-35.753932	-2.348657	3497	1123	571.634	571.634	571.634
1072	5	0	85.643185	-36.110140	-2.348657	3490	1130	572.134	572.134	572.134
1073	5	0	85.292307	-36.466348	-2.348657	3483	1137	572.634	572.634	572.634
1074	5	0	84.941428	-36.822556	-2.348657	3476	1144	573.134	573.134	573.134
1075	5	0	84.590550	-37.178765	-2.348657	3469	1151	573.634	573.634	573.634
1076	5	0	84.239671	-37.534973	-2.348657	3462	1158	574.134	574.134	574.134
1077	5	0	83.888793	-37.891181	-2.348657	3455	1165	574.634	574.634	574.634
1078	5	0	83.537914	-38.247389	-2.348657	3448	1173	575.134	575.134	575.134
1079	5	0	83.187036	-38.603598	-2.348657	3441	1180	575.634	575.634	575.634
1080	5	0	82.836157	-38.959806	-2.348657	3434	1187	576.134	576.134	576.134
1081	5	0	82.485279	-39.316014	-2.348657	3427	1194	576.634	576.634	576.634
1082	5	0	82.134401	-39.672222	-2.348657	3420	1201	577.134	577.134	577.134
1083	5	0	81.783522	-40.028431	-2.348657	3413	1208	577.634	577.634	577.634
1084	5	0	81.432644	-40.384639	-2.348657	3406	1215	578.134	578.134	578.134
1085	5	0	81.081765	-40.740847	-2.348657	3399	1222	578.634	578.634	578.634
1086	5	0	80.730887	-41.097055	-2.348657	3392	1230	579.134	579.134	579.134
1087	5	0	80.380008	-41.453264	-2.348657	3385	1237	579.634	579.634	579.634
1088	5	0	80.029130	-41.809472	-2.348657	3378	1244	580.134	580.134	580.134
1089	5	0	79.678251	-42.165680	-2.348657	3371	1251	580.634	580.634	580.634
1090	5	0	79.327373	-42.521888	-2.348657	3364	1258	581.134	581.134	581.134
1091	5	0	78.976495	-42.878097	-2.348657	3357	1265	581.634	581.634	581.634
1092	5	0	78.625616	-43.234305	-2.348657	3350	1272	582.134	582.134	582.134
1093	5	0	78.274738	-43.590513	-2.348657	3343	1279	582.634	582.634	582.634
1094	5	0	77.923859	-43.946721	-2.348657	3336	1287	583.134	583.134	583.134
1095	5	0	77.572981	-44.302930	-2.348657	3329	1294	583.634	583.634	583.634
1096	5	0	77.222102	-44.659138	-2.348657	3322	1301	584.134	584.134	584.134
1097	5	0	76.871224	-45.015346	-2.348657	3315	1308	584.634	584.634	584.634
1098	5	0	76.520345	-45.371554	-2.348657	3308	1315	585.134	585.134	585.134
1099	5	0	76.169467	-45.727763	-2.348657	3301	1322	585.634	585.634	585.634
1100	5	0	75.818589	-46.083971	-2.348657	3294	1329	586.134	586.134	586.134
1101	5	0	75.467710	-46.440179	-2.348657	3287	1336	586.634	586.634	586.634
1102	5	0	75.116832	-46.796387	-2.348657	3280	1344	587.134	587.134	587.134
1103	5	0	74.765953	-47.152596	-2.348657	3273	1351	587.634	587.634	587.634
1104	5	0	74.415075	-47.508804	-2.348657	3266	1358	588.134	588.134	588.134
1105	5	0	74.064196	-47.865012	2.517156	3259	1365	588.634	588.634	588.634
1106	5	0	74.148888	-47.316982	1.122783	3260	1354	589.188	589.188	589.188
1107	5	0	74.499096	-46.960115	0.794814	3267	1347	589.688	589.688	589.688
1108	5	0	74.849305	-46.603249	0.794814	3274	1340	590.188	590.188	590.188
1109	5	0	75.199514	-46.246382	0.794814	3281	1333	590.688	590.688	590.688
1110	5	0	75.549722	-45.889515	0.794814	3288	1325	591.188	591.188	591.188
1111	5	0	75.899931	-45.532648	0.794814	3295	1318	591.688	591.688	591.688
1112	5	0	76.250140	-45.175782	0.794814	3302	1311	592.188	592.188	592.188
1113	5	0	76.600349	-44.818915	0.794814	3309	1304	592.688	592.688	592.688
1114	5	0	76.950557	-44.462048	0.794814	3316	1297	593.188	593.188	593.188
1115	5	0	77.300766	-44.105182	0.794814	3323	1290	593.688	593.688	593.688
1116	5	0	77.650975	-43.748315	0.794814	3330	1283	594.188	594.188	594.188
1117	5	0	78.001184	-43.391448	0.794814	3337	1275	594.688	594.688	594.688
1118	5	0	78.351392	-43.034582	0.794814	3344	1268	595.188	595.188	595.188
1119	5	0	78.701601	-42.677715	0.794814	3351	1261	595.688	595.688	595.688
1120	5	0	79.051810	-42.320848	0.794814	3358	1254	596.188	596.188	596.188
1121	5	0	79.402019	-41.963981	0.794814	3365	1247	596.688	596.688	596.688
1122	5	0	79.752227	-41.607115	0.794814	3372	1240	597.188	597.188	597.188
1123	5	0	80.102436	-41.250248	0.794814	3379	1233	597.688	597.688	597.688
1124	5	0	80.452645	-40.893381	0.794814	3386	1225	598.188	598.188	598.188
1125	5	0	80.802854	-40.536515	0.794814	3393	1218	598.688	598.688	598.688
1126	5	0	81.153062	-40.179648	0.794814	3400	1211	599.188	599.188	599.188
1127	5	0	81.503271	-39.822781	0.794814	3407	1204	599.688	599.688	599.688
1128	5	0	81.853480	-39.465915	0.794814	3414	1197	600.188	600.188	600.188
1129	5	0	82.203688	-39.109048	0.794814	3421	1190	600.688	600.688	600.688
1130	5	0	82.553897	-38.752181	0.794814	3428	1183	601.188	601.188	601.188
1131	5	0	82.904106	-38.395314	0.794814	3435	1176	601.688	601.688	601.688
1132	5	0	83.254315	-38.038448	0.794814	3442	1168	602.188	602.188	602.188
1133	5	0	83.604523	-37.681581	0.794814	3449	1161	602.688	602.688	602.688
1134	5	0	83.954732	-37.324714	0.794814	3456	1154	603.188	603.188	603.188
1135	5	0	84.304941	-36.967848	0.794814	3463	1147	603.688	603.688	603.688
1136	5	0	84.655150	-36.610981	0.794814	3470	1140	604.188	604.188	604.188
1137	5	0	85.005358	-36.254114	0.794814	3477	1133	604.688	604.688	604.688
1138	5	0	85.355567	-35.897248	1.188092	3484	1126	605.188	605.188	605.188
1139	5	0	85.612599	-34.745637	1.624004	3490	1103	606.368	606.368	606.368
1140	5	0	85.274611	-34.377175	2.313084	3483	1095	606.868	606.868	606.868
1141	5	0	84.936624	-34.008713	2.313084	3476	1088	607.368	607.368	607.368
1142	5	0	84.598636	-33.640251	2.313084	3469	1080	607.868	607.868	607.868
1143	5	0	84.260648	-33.271789	2.313084	3462	1073	608.368	608.368	608.368
1144	5	0	83.922660	-32.903327	2.313084	3456	1066	608.868	608.868	608.868
1145	5	0	83.584673	-32.534865	2.313084	3449	1058	609.368	609.368	609.368
1146	5	0	83.246685	-32.166403	2.313084	3442	1051	609.868	609.868	609.868
1147	5	0	82.908697	-31.797941	2.313084	3435	1044	610.368	610.368	610.368
1148	5	0	82.570709	-31.429479	2.313084	3429	1036	610.868	610.868	610.868
1149	5	0	82.232722	-31.061017	2.313084	3422	1029	611.368	611.368	611.368
1150	5	0	81.894734	-30.692554	2.313084	3415	1021	611.868	611.868	611.868
1151	5	0	81.556746	-30.324092	2.313084	3408	1014	612.368	612.368	612.368
1152	5	0	81.218758	-29.955630	2.313084	3402	1007	612.868	612.868	612.868
1153	5	0	80.880771	-29.587168	2.313084	3395	999	613.368	613.368	613.368
1154	5	0	80.542783	-29.218706	0.220096	3388	992	613.868	613.868	613.868
1155	5	0	81.383855	-29.474618	-0.477514	3405	997	614.747	614.747	614.747
1156	5	0	81.731613	-29.833873	-0.801657	3412	1004	615.247	615.247	615.247
1157	5	0	82.079372	-30.193127	-0.801657	3419	1011	615.747	615.747	615.747
1158	5	0	82.427130	-30.552382	-0.801657	3426	1019	616.247	616.247	616.247
1159	5	0	82.774889	-30.911637	-0.801657	3433	1026	616.747	616.747	616.747
1160	5	0	83.122648	-31.270892	-0.801657	3440	1033	617.247	617.247	617.247
1161	5	0	83.470406	-31.630146	-0.801657	3447	1040	617.747	617.747	617.747
1162	5	0	83.818165	-31.989401	-0.801657	3454	1047	618.247	618.247	618.247
1163	5	0	84.165923	-32.348656	-0.801657	3461	1055	618.747	618.747	618.747
1164	5	0	84.513682	-32.707911	-0.801657	3468	1062	619.247	619.247	619.247
1165	5	0	84.861441	-33.067165	-0.801657	3474	1069	619.747	619.747	619.747
1166	5	0	85.209199	-33.426420	-0.801657	3481	1076	620.247	620.247	620.247
1167	5	0	85.556958	-33.785675	-0.801657	3488	1083	620.747	620.747	620.747
1168	5	0	85.904716	-34.144930	-0.801657	3495	1091	621.247	621.247	621.247
1169	5	0	86.252475	-34.504184	0.246593	3502	1098	621.747	621.747	621.747
1170	5	0	87.574044	-33.724733	0.593518	3529	1082	623.282	623.282	623.282
1171	5	0	87.929302	-33.372892	0.780567	3536	1075	623.782	623.782	623.782
1172	5	0	88.284559	-33.021050	0.780567	3543	1068	624.282	624.282	624.282
1173	5	0	88.639816	-32.669209	0.780567	3550	1061	624.782	624.782	624.782
1174	5	0	88.995073	-32.317368	0.780567	3557	1054	625.282	625.282	625.282
1175	5	0	89.350331	-31.965526	0.780567	3564	1047	625.782	625.782	625.782
1176	5	0	89.705588	-31.613685	0.780567	3571	1040	626.282	626.282	626.282
1177	5	0	90.060845	-31.261844	0.780567	3578	1033	626.782	626.782	626.782
1178	5	0	90.416102	-30.910003	0.780567	3586	1026	627.282	627.282	627.282
1179	5	0	90.771359	-30.558161	0.780567	3593	1019	627.782	627.782	627.782
1180	5	0	91.126617	-30.206320	0.780567	3600	1012	628.282	628.282	628.282
1181	5	0	91.481874	-29.854479	1.599315	3607	1005	628.782	628.782	628.782
1182	5	0	91.097935	-29.200872	2.227303	3599	992	629.540	629.540	629.540
1183	5	0	90.723198	-28.869854	2.418062	3592	985	630.040	630.040	630.040
1184	5	0	90.348462	-28.538837	2.418062	3584	978	630.540	630.540	630.540
1185	5	0	89.973725	-28.207820	2.418062	3577	972	631.040	631.040	631.040
1186	5	0	89.598989	-27.876802	2.418062	3569	965	631.540	631.540	631.540
1187	5	0	89.224252	-27.545785	2.418062	3562	959	632.040	632.040	632.040
1188	5	0	88.849515	-27.214768	2.418062	3554	952	632.540	632.540	632.540
1189	5	0	88.474779	-26.883750	2.418062	3547	945	633.040	633.040	633.040
1190	5	0	88.100042	-26.552733	2.418062	3539	939	633.540	633.540	633.540
1191	5	0	87.725306	-26.221716	2.418062	3532	932	634.040	634.040	634.040
1192	5	0	87.350569	-25.890698	2.418062	3524	925	634.540	634.540	634.540
1193	5	0	86.975832	-25.559681	2.418062	3517	919	635.040	635.040	635.040
1194	5	0	86.601096	-25.228664	2.418062	3509	912	635.540	635.540	635.540
1195	5	0	86.226359	-24.897646	-1.934126	3502	906	636.040	636.040	636.040
1196	5	0	86.491877	-25.515923	-0.995833	3507	918	636.713	636.713	636.713
1197	5	0	86.851857	-25.862931	-0.767052	3514	925	637.213	637.213	637.213
1198	5	0	87.211837	-26.209939	-0.767052	3521	932	637.713	637.713	637.713
1199	5	0	87.571817	-26.556947	-0.767052	3529	939	638.213	638.213	638.213
1200	5	0	87.931797	-26.903954	-0.767052	3536	946	638.713	638.713	638.713
1201	5	0	88.291777	-27.250962	-0.767052	3543	953	639.213	639.213	639.213
1202	5	0	88.651757	-27.597970	-0.767052	3550	960	639.713	639.713	639.713
1203	5	0	89.011737	-27.944978	-0.767052	3557	967	640.213	640.213	640.213
1204	5	0	89.371717	-28.291985	-0.767052	3565	973	640.713	640.713	640.713
1205	5	0	89.731697	-28.638993	-0.767052	3572	980	641.213	641.213	641.213
1206	5	0	90.091677	-28.986001	-0.767052	3579	987	641.713	641.713	641.713
1207	5	0	90.451657	-29.333009	-0.767052	3586	994	642.213	642.213	642.213
1208	5	0	90.811637	-29.680017	-1.786532	3593	1001	642.713	642.713	642.713
1209	5	0	90.336785	-29.857188	2.944504	3584	1005	643.219	643.219	643.219
1210	5	0	89.974285	-29.512814	2.381830	3577	998	643.719	643.719	643.719
1211	5	0	89.611785	-29.168439	2.381830	3569	991	644.219	644.219	644.219
1212	5	0	89.249286	-28.824064	2.381830	3562	984	644.719	644.719	644.719
1213	5	0	88.886786	-28.479690	2.381830	3555	977	645.219	645.219	645.219
1214	5	0	88.524286	-28.135315	2.381830	3548	970	645.719	645.719	645.719
1215	5	0	88.161787	-27.790940	2.381830	3540	963	646.219	646.219	646.219
1216	5	0	87.799287	-27.446565	2.381830	3533	957	646.719	646.719	646.719
1217	5	0	87.436787	-27.102191	2.381830	3526	950	647.219	647.219	647.219
1218	5	0	87.074287	-26.757816	2.381830	3519	943	647.719	647.719	647.719
1219	5	0	86.711788	-26.413441	2.381830	3511	936	648.219	648.219	648.219
1220	5	0	86.349288	-26.069066	2.381830	3504	929	648.719	648.719	648.719
1221	5	0	85.986788	-25.724692	2.381830	3497	922	649.219	649.219	649.219
1222	5	0	85.624289	-25.380317	2.677874	3490	915	649.719	649.719	649.719
1223	5	0	84.543273	-25.002806	3.111461	3468	908	650.865	650.865	650.865
1224	5	0	84.170928	-25.336512	-2.410866	3461	914	651.365	651.365	651.365
1225	5	0	83.798583	-25.670217	-2.410866	3453	921	651.865	651.865	651.865
1226	5	0	83.426238	-26.003922	-2.410866	3446	928	652.365	652.365	652.365
1227	5	0	83.053893	-26.337628	-2.410866	3438	934	652.865	652.865	652.865
1228	5	0	82.681548	-26.671333	-2.410866	3431	941	653.365	653.365	653.365
1229	5	0	82.309203	-27.005038	-2.410866	3423	948	653.865	653.865	653.865
1230	5	0	81.936858	-27.338744	-2.410866	3416	954	654.365	654.365	654.365
1231	5	0	81.564513	-27.672449	-2.410866	3409	961	654.865	654.865	654.865
1232	5	0	81.192168	-28.006155	-2.410866	3401	968	655.365	655.365	655.365
1233	5	0	80.819823	-28.339860	-2.410866	3394	974	655.865	655.865	655.865
1234	5	0	80.447478	-28.673565	2.918953	3386	981	656.365	656.365	656.365
1235	5	0	80.158913	-28.190235	1.465241	3380	971	656.927	656.927	656.927
1236	5	0	80.535200	-27.845602	0.734463	3388	965	657.438	657.438	657.438
1237	5	0	80.908699	-27.513188	0.727263	3395	958	657.938	657.938	657.938
1238	5	0	81.282197	-27.180774	0.727263	3403	951	658.438	658.438	658.438
1239	5	0	81.655696	-26.848361	0.727263	3410	945	658.938	658.938	658.938
1240	5	0	82.029194	-26.515947	0.727263	3418	938	659.438	659.438	659.438
1241	5	0	82.402693	-26.183533	0.727263	3425	931	659.938	659.938	659.938
1242	5	0	82.776191	-25.851120	0.727263	3433	925	660.438	660.438	660.438
1243	5	0	83.149690	-25.518706	0.727263	3440	918	660.938	660.938	660.938
1244	5	0	83.523188	-25.186292	0.727263	3448	911	661.438	661.438	661.438
1245	5	0	83.896687	-24.853879	0.727263	3455	905	661.938	661.938	661.938
1246	5	0	84.270185	-24.521465	0.727263	3463	898	662.438	662.438	662.438
1247	5	0	84.643684	-24.189051	3.138557	3470	891	662.938	662.938	662.938
1248	5	0	83.579957	-24.519369	-2.716627	3449	898	664.052	664.052	664.052
1249	5	0	83.198769	-24.842936	-2.437774	3441	904	664.552	664.552	664.552
1250	5	0	82.817581	-25.166503	-2.437774	3434	911	665.052	665.052	665.052
1251	5	0	82.436393	-25.490070	-2.437774	3426	917	665.552	665.552	665.552
1252	5	0	82.055204	-25.813637	-2.437774	3418	924	666.052	666.052	666.052
1253	5	0	81.674016	-26.137203	-2.437774	3411	930	666.552	666.552	666.552
1254	5	0	81.292828	-26.460770	-2.437774	3403	937	667.052	667.052	667.052
1255	5	0	80.911639	-26.784337	-2.437774	3395	943	667.552	667.552	667.552
1256	5	0	80.530451	-27.107904	2.737482	3388	950	668.052	668.052	668.052
1257	5	0	80.294240	-26.520308	1.410192	3383	938	668.685	668.685	668.685
1258	5	0	80.685961	-26.147966	0.742690	3391	931	669.225	669.225	669.225
1259	5	0	81.060563	-25.816796	0.723937	3398	924	669.725	669.725	669.725
1260	5	0	81.435164	-25.485627	0.723937	3406	917	670.225	670.225	670.225
1261	5	0	81.809766	-25.154457	0.723937	3413	911	670.725	670.725	670.725
1262	5	0	82.184368	-24.823287	0.723937	3421	904	671.225	671.225	671.225
1263	5	0	82.558970	-24.492117	0.723937	3428	897	671.725	671.725	671.725
1264	5	0	82.933572	-24.160947	0.723937	3436	891	672.225	672.225	672.225
1265	5	0	83.308174	-23.829778	-3.125303	3443	884	672.725	672.725	672.725
1266	5	0	82.052028	-24.175308	-2.751918	3418	891	674.028	674.028	674.028
1267	5	0	81.672935	-24.501328	-2.431322	3411	898	674.528	674.528	674.528
1268	5	0	81.293843	-24.827348	-2.431322	3403	904	675.028	675.028	675.028
1269	5	0	80.914750	-25.153367	-2.431322	3396	911	675.528	675.528	675.528
1270	5	0	80.718653	-25.011717	1.788805	3392	908	675.770	675.770	675.770
1271	5	0	80.242628	-24.156628	2.183119	3382	891	676.749	676.749	676.749
1272	5	0	79.877860	-23.814658	2.388441	3375	884	677.249	677.249	677.249
1273	5	0	79.513091	-23.472687	2.388441	3368	877	677.749	677.749	677.749
1274	5	0	79.148322	-23.130717	2.388441	3360	870	678.249	678.249	678.249
1275	5	0	78.783554	-22.788746	2.388441	3353	863	678.749	678.749	678.749
1276	5	0	78.418785	-22.446776	2.388441	3346	857	679.249	679.249	679.249
1277	5	0	78.054017	-22.104805	2.388441	3338	850	679.749	679.749	679.749
1278	5	0	77.689248	-21.762834	2.388441	3331	843	680.249	680.249	680.249
1279	5	0	77.324479	-21.420864	2.388441	3324	836	680.749	680.749	680.749
1280	5	0	76.959711	-21.078893	2.388441	3316	829	681.249	681.249	681.249
1281	5	0	76.594942	-20.736923	2.388441	3309	822	681.749	681.749	681.749
1282	5	0	76.230174	-20.394952	2.388441	3302	816	682.249	682.249	682.249
1283	5	0	75.865405	-20.052982	2.388441	3295	809	682.749	682.749	682.749
1284	5	0	75.500636	-19.711011	2.388441	3287	802	683.249	683.249	683.249
1285	5	0	75.135868	-19.369041	0.195008	3280	795	683.749	683.749	683.749
1286	5	0	76.241131	-19.564750	-0.358883	3302	799	684.871	684.871	684.871
1287	5	0	76.596148	-19.916833	-0.781249	3309	806	685.371	685.371	685.371
1288	5	0	76.951166	-20.268917	-0.781249	3316	813	685.871	685.871	685.871
1289	5	0	77.306183	-20.621000	-0.781249	3323	820	686.371	686.371	686.371
1290	5	0	77.661200	-20.973083	-0.781249	3330	827	686.871	686.871	686.871
1291	5	0	78.016218	-21.325167	-0.781249	3338	834	687.371	687.371	687.371
1292	5	0	78.371235	-21.677250	-0.781249	3345	841	687.871	687.871	687.871
1293	5	0	78.726252	-22.029333	-0.781249	3352	848	688.371	688.371	688.371
1294	5	0	79.081270	-22.381417	-0.781249	3359	855	688.871	688.871	688.871
1295	5	0	79.436287	-22.733500	-0.781249	3366	862	689.371	689.371	689.371
1296	5	0	79.791304	-23.085583	-0.781249	3373	869	689.871	689.871	689.871
1297	5	0	80.146322	-23.437667	-0.781249	3380	876	690.371	690.371	690.371
1298	5	0	80.501339	-23.789750	-0.781249	3387	883	690.871	690.871	690.871
1299	5	0	80.856356	-24.141833	-0.124762	3394	890	691.371	691.371	691.371
1300	5	0	81.756233	-23.947131	0.875823	3412	887	692.292	692.292	692.292
1301	5	0	81.399718	-23.490111	2.310967	3405	877	692.871	692.871	692.871
1302	5	0	81.030662	-23.152771	2.401062	3398	871	693.371	693.371	693.371
1303	5	0	80.661607	-22.815432	2.401062	3390	864	693.871	693.871	693.871
1304	5	0	80.292551	-22.478092	2.401062	3383	857	694.371	694.371	694.371
1305	5	0	79.923496	-22.140752	2.401062	3376	850	694.871	694.871	694.871
1306	5	0	79.554441	-21.803412	2.401062	3368	844	695.371	695.371	695.371
1307	5	0	79.185385	-21.466073	2.401062	3361	837	695.871	695.871	695.871
1308	5	0	78.816330	-21.128733	2.401062	3354	830	696.371	696.371	696.371
1309	5	0	78.447274	-20.791393	2.401062	3346	823	696.871	696.871	696.871
1310	5	0	78.078219	-20.454054	2.401062	3339	817	697.371	697.371	697.371
1311	5	0	77.709163	-20.116714	2.401062	3331	810	697.871	697.871	697.871
1312	5	0	77.340108	-19.779374	2.401062	3324	803	698.371	698.371	698.371
1313	5	0	76.971053	-19.442034	2.401062	3317	796	698.871	698.871	698.871
1314	5	0	76.601997	-19.104695	2.401062	3309	790	699.371	699.371	699.371
1315	5	0	76.232942	-18.767355	2.401062	3302	783	699.871	699.871	699.871
1316	5	0	76.005433	-18.559398	2.401062	3297	779	700.180	700.180	700.180
