========================================
覆盖路径点统计信息
========================================
总路径点数: 1055

总路径距离: 547.602 米

----------------------------------------
按房间统计
----------------------------------------
房间 16: 1055 个点, 距离: 547.602 米

----------------------------------------
按房间+Segment统计
----------------------------------------
房间 16, Segment 0: 1055 个点, 距离: 547.602 米

----------------------------------------
详细路径点信息
----------------------------------------
ID	Room	Segment	X(m)	Y(m)	Yaw(rad)	U(px)	V(px)	Acc_Dist	Room_Dist	Seg_Dist
0	16	0	73.704590	-9.688009	1.512041	3251	601	0.000	0.000	0.000
1	16	0	73.733951	-9.188872	1.512041	3252	591	0.500	0.500	0.500
2	16	0	73.763312	-8.689734	1.512041	3253	581	1.000	1.000	1.000
3	16	0	73.792673	-8.190597	1.486090	3253	571	1.500	1.500	1.500
4	16	0	73.912107	-6.937345	1.471337	3255	546	2.759	2.759	2.759
5	16	0	73.967323	-6.440404	1.460139	3257	536	3.259	3.259	3.259
6	16	0	74.022538	-5.943462	1.320613	3258	526	3.759	3.759	3.759
7	16	0	74.271026	-5.251913	1.207722	3263	513	4.494	4.494	4.494
8	16	0	74.460985	-4.789403	1.181088	3266	503	4.994	4.994	4.994
9	16	0	74.650944	-4.326893	1.181088	3270	494	5.494	5.494	5.494
10	16	0	74.840904	-3.864383	1.181088	3274	485	5.994	5.994	5.994
11	16	0	75.030863	-3.401873	1.181088	3278	476	6.494	6.494	6.494
12	16	0	75.220823	-2.939363	1.064607	3282	466	6.994	6.994	6.994
13	16	0	75.725946	-2.148042	0.983717	3292	451	7.933	7.933	7.933
14	16	0	76.017549	-1.741880	0.948126	3298	442	8.433	8.433	8.433
15	16	0	76.309153	-1.335718	0.948126	3303	434	8.933	8.933	8.933
16	16	0	76.600756	-0.929556	0.800968	3309	426	9.433	9.433	9.433
17	16	0	77.586873	-0.017578	0.721265	3329	408	10.776	10.776	10.776
18	16	0	77.983759	0.286530	0.653810	3337	402	11.276	11.276	11.276
19	16	0	78.380645	0.590637	0.653810	3345	396	11.776	11.776	11.776
20	16	0	78.777531	0.894745	0.653810	3353	390	12.276	12.276	12.276
21	16	0	79.174417	1.198852	0.653810	3361	384	12.776	12.776	12.776
22	16	0	79.571303	1.502960	0.653810	3369	378	13.276	13.276	13.276
23	16	0	79.968190	1.807067	0.653810	3377	371	13.776	13.776	13.776
24	16	0	80.365076	2.111175	0.653810	3385	365	14.276	14.276	14.276
25	16	0	80.761962	2.415282	0.712692	3392	359	14.776	14.776	14.776
26	16	0	81.763316	3.319563	0.744525	3413	341	16.125	16.125	16.125
27	16	0	82.121723	3.668195	0.771574	3420	334	16.625	16.625	16.625
28	16	0	82.480130	4.016827	0.771574	3427	327	17.125	17.125	17.125
29	16	0	82.838537	4.365460	0.771574	3434	320	17.625	17.625	17.625
30	16	0	83.196944	4.714092	0.771574	3441	313	18.125	18.125	18.125
31	16	0	83.555351	5.062724	0.771574	3448	306	18.625	18.625	18.625
32	16	0	83.913758	5.411356	0.771574	3456	299	19.125	19.125	19.125
33	16	0	84.272165	5.759989	0.771574	3463	292	19.625	19.625	19.625
34	16	0	84.630572	6.108621	0.771574	3470	285	20.125	20.125	20.125
35	16	0	84.988979	6.457253	0.771574	3477	278	20.625	20.625	20.625
36	16	0	85.347386	6.805885	0.771574	3484	271	21.125	21.125	21.125
37	16	0	85.705793	7.154518	0.771574	3491	265	21.625	21.625	21.625
38	16	0	86.064200	7.503150	0.771574	3499	258	22.125	22.125	22.125
39	16	0	86.422607	7.851782	0.771574	3506	251	22.625	22.625	22.625
40	16	0	86.781014	8.200414	0.771574	3513	244	23.125	23.125	23.125
41	16	0	87.139421	8.549047	1.424734	3520	237	23.625	23.625	23.625
42	16	0	86.906628	9.054300	2.038213	3515	227	24.181	24.181	24.181
43	16	0	86.663807	9.491378	3.000351	3511	218	24.681	24.681	24.681
44	16	0	86.197563	9.155121	-2.444034	3501	225	25.256	25.256	25.256
45	16	0	85.842534	8.803050	-2.360379	3494	232	25.756	25.756	25.756
46	16	0	85.487504	8.450979	-2.360379	3487	239	26.256	26.256	26.256
47	16	0	85.132475	8.098908	-2.360379	3480	246	26.756	26.756	26.756
48	16	0	84.777445	7.746837	-2.360379	3473	253	27.256	27.256	27.256
49	16	0	84.422416	7.394766	-2.360379	3466	260	27.756	27.756	27.756
50	16	0	84.067386	7.042695	-2.360379	3459	267	28.256	28.256	28.256
51	16	0	83.712356	6.690624	-2.360379	3451	274	28.756	28.756	28.756
52	16	0	83.357327	6.338553	-2.360379	3444	281	29.256	29.256	29.256
53	16	0	83.002297	5.986482	-2.360379	3437	288	29.756	29.756	29.756
54	16	0	82.647268	5.634411	-2.360379	3430	295	30.256	30.256	30.256
55	16	0	82.292238	5.282340	-2.360379	3423	302	30.756	30.756	30.756
56	16	0	81.937208	4.930269	-2.360379	3416	309	31.256	31.256	31.256
57	16	0	81.582179	4.578198	-2.360379	3409	316	31.756	31.756	31.756
58	16	0	81.227149	4.226127	-2.360379	3402	323	32.256	32.256	32.256
59	16	0	80.872120	3.874056	-2.360379	3395	330	32.756	32.756	32.756
60	16	0	80.517090	3.521985	-2.360379	3388	337	33.256	33.256	33.256
61	16	0	80.162061	3.169914	-2.664363	3380	344	33.756	33.756	33.756
62	16	0	79.273233	2.878792	-2.874949	3363	350	34.691	34.691	34.691
63	16	0	78.780718	2.792602	-2.968347	3353	352	35.191	35.191	35.191
64	16	0	78.288203	2.706412	-2.968347	3343	353	35.691	35.691	35.691
65	16	0	77.795687	2.620222	3.092742	3333	355	36.191	36.191	36.191
66	16	0	77.299749	2.754737	2.873730	3323	353	36.705	36.705	36.705
67	16	0	76.817990	2.888559	2.870646	3314	350	37.205	37.205	37.205
68	16	0	76.336231	3.022381	2.870646	3304	347	37.705	37.705	37.705
69	16	0	75.854472	3.156203	2.870646	3294	344	38.205	38.205	38.205
70	16	0	75.372713	3.290025	2.870646	3285	342	38.705	38.705	38.705
71	16	0	74.890954	3.423847	2.720231	3275	339	39.205	39.205	39.205
72	16	0	74.315793	3.763744	2.591568	3264	332	39.873	39.873	39.873
73	16	0	73.895323	4.034307	2.569816	3255	327	40.373	40.373	40.373
74	16	0	73.474852	4.304871	2.569816	3247	322	40.873	40.873	40.873
75	16	0	73.054382	4.575434	2.569816	3238	316	41.373	41.373	41.373
76	16	0	72.633911	4.845998	2.569816	3230	311	41.873	41.873	41.873
77	16	0	72.213441	5.116561	2.569816	3222	305	42.373	42.373	42.373
78	16	0	71.792971	5.387125	2.569816	3213	300	42.873	42.873	42.873
79	16	0	71.372500	5.657689	2.569816	3205	294	43.373	43.373	43.373
80	16	0	70.952030	5.928252	2.569816	3196	289	43.873	43.873	43.873
81	16	0	70.531559	6.198816	2.569816	3188	284	44.373	44.373	44.373
82	16	0	70.111089	6.469379	2.569816	3179	278	44.873	44.873	44.873
83	16	0	69.690619	6.739943	2.569816	3171	273	45.373	45.373	45.373
84	16	0	69.270148	7.010506	2.569816	3163	267	45.873	45.873	45.873
85	16	0	68.849678	7.281070	2.848902	3154	262	46.373	46.373	46.373
86	16	0	67.604524	7.786651	2.996856	3129	252	47.717	47.717	47.717
87	16	0	67.104570	7.793454	3.127988	3119	252	48.217	48.217	48.217
88	16	0	66.604617	7.800256	3.127988	3109	252	48.717	48.717	48.717
89	16	0	66.104663	7.807058	3.127988	3099	251	49.217	49.217	49.217
90	16	0	65.604709	7.813860	3.127988	3089	251	49.717	49.717	49.717
91	16	0	65.104755	7.820662	3.127988	3079	251	50.217	50.217	50.217
92	16	0	64.604802	7.827464	3.127988	3069	251	50.717	50.717	50.717
93	16	0	64.104848	7.834266	3.127988	3059	251	51.217	51.217	51.217
94	16	0	63.604894	7.841068	3.127988	3049	251	51.717	51.717	51.717
95	16	0	63.104940	7.847870	3.127988	3039	251	52.217	52.217	52.217
96	16	0	62.604987	7.854672	3.127988	3029	251	52.717	52.717	52.717
97	16	0	62.105033	7.861474	3.127988	3019	250	53.217	53.217	53.217
98	16	0	61.605079	7.868277	3.127988	3009	250	53.717	53.717	53.717
99	16	0	61.105126	7.875079	3.127988	2999	250	54.217	54.217	54.217
100	16	0	60.605172	7.881881	3.127988	2989	250	54.717	54.717	54.717
101	16	0	60.105218	7.888683	3.127988	2979	250	55.217	55.217	55.217
102	16	0	59.605264	7.895485	3.127988	2969	250	55.717	55.717	55.717
103	16	0	59.105311	7.902287	3.127988	2959	250	56.217	56.217	56.217
104	16	0	58.605357	7.909089	3.127988	2949	249	56.717	56.717	56.717
105	16	0	58.105403	7.915891	3.127988	2939	249	57.217	57.217	57.217
106	16	0	57.605449	7.922693	3.127988	2929	249	57.717	57.717	57.717
107	16	0	57.105496	7.929495	3.127988	2919	249	58.217	58.217	58.217
108	16	0	56.605542	7.936297	3.127988	2909	249	58.717	58.717	58.717
109	16	0	56.105588	7.943100	3.127988	2899	249	59.217	59.217	59.217
110	16	0	55.605635	7.949902	3.127988	2889	249	59.717	59.717	59.717
111	16	0	55.105681	7.956704	3.127988	2879	248	60.217	60.217	60.217
112	16	0	54.605727	7.963506	3.127988	2869	248	60.717	60.717	60.717
113	16	0	54.105773	7.970308	3.127988	2859	248	61.217	61.217	61.217
114	16	0	53.605820	7.977110	3.127988	2849	248	61.717	61.717	61.717
115	16	0	53.105866	7.983912	3.127988	2839	248	62.217	62.217	62.217
116	16	0	52.605912	7.990714	3.127988	2829	248	62.717	62.717	62.717
117	16	0	52.105958	7.997516	3.127988	2819	248	63.217	63.217	63.217
118	16	0	51.606005	8.004318	3.127988	2809	248	63.717	63.717	63.717
119	16	0	51.106051	8.011121	3.127988	2799	247	64.217	64.217	64.217
120	16	0	50.606097	8.017923	3.127988	2789	247	64.717	64.717	64.717
121	16	0	50.002064	7.886819	3.127988	2777	250	65.335	65.335	65.335
122	16	0	49.502110	7.893621	3.127988	2767	250	65.835	65.835	65.835
123	16	0	49.002156	7.900423	3.127988	2757	250	66.335	66.335	66.335
124	16	0	48.502203	7.907225	3.127988	2747	249	66.835	66.835	66.835
125	16	0	48.002249	7.914027	3.127988	2737	249	67.335	67.335	67.335
126	16	0	47.502295	7.920829	3.127988	2727	249	67.835	67.835	67.835
127	16	0	47.002341	7.927632	3.127988	2717	249	68.335	68.335	68.335
128	16	0	46.502388	7.934434	3.127988	2707	249	68.835	68.835	68.835
129	16	0	46.002434	7.941236	3.127988	2697	249	69.335	69.335	69.335
130	16	0	45.502480	7.948038	3.127988	2687	249	69.835	69.835	69.835
131	16	0	45.002526	7.954840	3.127988	2677	249	70.335	70.335	70.335
132	16	0	44.502573	7.961642	3.127988	2667	248	70.835	70.835	70.835
133	16	0	44.002619	7.968444	3.127988	2657	248	71.335	71.335	71.335
134	16	0	43.502665	7.975246	3.127988	2647	248	71.835	71.835	71.835
135	16	0	43.002711	7.982048	3.127988	2637	248	72.335	72.335	72.335
136	16	0	42.502758	7.988850	3.127988	2627	248	72.835	72.835	72.835
137	16	0	42.002804	7.995652	3.127988	2617	248	73.335	73.335	73.335
138	16	0	41.502850	8.002455	3.127988	2607	248	73.835	73.835	73.835
139	16	0	41.002897	8.009257	3.127988	2597	247	74.335	74.335	74.335
140	16	0	40.502943	8.016059	3.127988	2587	247	74.835	74.835	74.835
141	16	0	40.002989	8.022861	3.127988	2577	247	75.335	75.335	75.335
142	16	0	39.503035	8.029663	3.127988	2567	247	75.835	75.835	75.835
143	16	0	39.003082	8.036465	3.127988	2557	247	76.335	76.335	76.335
144	16	0	38.503128	8.043267	3.127988	2547	247	76.835	76.835	76.835
145	16	0	38.003174	8.050069	3.127988	2537	247	77.335	77.335	77.335
146	16	0	37.503220	8.056871	3.127988	2527	246	77.835	77.835	77.835
147	16	0	37.003267	8.063673	3.127988	2517	246	78.335	78.335	78.335
148	16	0	36.503313	8.070475	3.127988	2507	246	78.835	78.835	78.835
149	16	0	36.003359	8.077278	3.127988	2497	246	79.335	79.335	79.335
150	16	0	35.503406	7.979132	3.127988	2487	248	79.845	79.845	79.845
151	16	0	35.003452	7.985935	3.127988	2477	248	80.345	80.345	80.345
152	16	0	34.503498	7.992737	3.127988	2467	248	80.845	80.845	80.845
153	16	0	34.003544	7.999539	3.127988	2457	248	81.345	81.345	81.345
154	16	0	33.503591	8.006341	3.127988	2447	247	81.845	81.845	81.845
155	16	0	33.003637	8.013143	3.127988	2437	247	82.345	82.345	82.345
156	16	0	32.503683	8.019945	3.127988	2427	247	82.845	82.845	82.845
157	16	0	32.003729	8.026747	3.127988	2417	247	83.345	83.345	83.345
158	16	0	31.503776	8.033549	3.127988	2407	247	83.845	83.845	83.845
159	16	0	31.003822	8.040351	3.127988	2397	247	84.345	84.345	84.345
160	16	0	30.503868	8.047153	3.127988	2387	247	84.845	84.845	84.845
161	16	0	30.003915	8.053956	3.127988	2377	247	85.345	85.345	85.345
162	16	0	29.503961	8.060758	3.127988	2367	246	85.845	85.845	85.845
163	16	0	29.004007	8.067560	3.127988	2357	246	86.345	86.345	86.345
164	16	0	28.504053	8.074362	3.127988	2347	246	86.845	86.845	86.845
165	16	0	28.004100	8.081164	3.127988	2337	246	87.345	87.345	87.345
166	16	0	27.504146	8.087966	3.127988	2327	246	87.845	87.845	87.845
167	16	0	27.004192	8.094768	3.127988	2317	246	88.345	88.345	88.345
168	16	0	26.504238	8.101570	3.127988	2307	246	88.845	88.845	88.845
169	16	0	26.004285	8.108372	3.127988	2297	245	89.345	89.345	89.345
170	16	0	25.504331	8.115174	3.127988	2287	245	89.845	89.845	89.845
171	16	0	25.004377	8.121976	3.127988	2277	245	90.345	90.345	90.345
172	16	0	24.504423	8.128779	3.127988	2267	245	90.845	90.845	90.845
173	16	0	24.004470	8.135581	3.127988	2257	245	91.345	91.345	91.345
174	16	0	23.504516	8.142383	3.127988	2247	245	91.845	91.845	91.845
175	16	0	23.004562	8.149185	3.127988	2237	245	92.345	92.345	92.345
176	16	0	22.504609	8.155987	3.127988	2227	244	92.845	92.845	92.845
177	16	0	22.004655	8.162789	3.127988	2217	244	93.345	93.345	93.345
178	16	0	21.504701	8.169591	3.127988	2207	244	93.845	93.845	93.845
179	16	0	21.004747	8.176393	3.127988	2197	244	94.345	94.345	94.345
180	16	0	20.504794	8.183195	3.127988	2187	244	94.845	94.845	94.845
181	16	0	20.004840	8.189997	3.127988	2177	244	95.345	95.345	95.345
182	16	0	19.785685	8.192979	3.127988	2173	244	95.564	95.564	95.564
183	16	0	19.233803	8.248167	-3.139234	2162	243	96.119	96.119	96.119
184	16	0	18.733805	8.246988	-3.139234	2152	243	96.619	96.619	96.619
185	16	0	18.233806	8.245809	-3.139234	2142	243	97.119	97.119	97.119
186	16	0	17.733807	8.244630	-3.139234	2132	243	97.619	97.619	97.619
187	16	0	17.233809	8.243450	-3.139234	2122	243	98.119	98.119	98.119
188	16	0	16.733810	8.242271	-3.139234	2112	243	98.619	98.619	98.619
189	16	0	16.233811	8.241092	-3.139234	2102	243	99.119	99.119	99.119
190	16	0	15.733813	8.239913	-3.139234	2092	243	99.619	99.619	99.619
191	16	0	15.233814	8.238733	-3.139234	2082	243	100.119	100.119	100.119
192	16	0	14.733816	8.237554	-3.139234	2072	243	100.619	100.619	100.619
193	16	0	14.233817	8.236375	-3.139234	2062	243	101.119	101.119	101.119
194	16	0	13.733818	8.235196	-3.139234	2052	243	101.619	101.619	101.619
195	16	0	13.233820	8.234016	-3.139234	2042	243	102.119	102.119	102.119
196	16	0	12.733821	8.232837	-3.139234	2032	243	102.619	102.619	102.619
197	16	0	12.233823	8.231658	-3.139234	2022	243	103.119	103.119	103.119
198	16	0	11.733824	8.230479	-3.139234	2012	243	103.619	103.619	103.619
199	16	0	11.233825	8.229299	-3.139234	2002	243	104.119	104.119	104.119
200	16	0	10.733827	8.228120	-3.139234	1992	243	104.619	104.619	104.619
201	16	0	10.233828	8.226941	-3.139234	1982	243	105.119	105.119	105.119
202	16	0	9.733830	8.225762	-3.139234	1972	243	105.619	105.619	105.619
203	16	0	9.233831	8.224582	-3.139234	1962	243	106.119	106.119	106.119
204	16	0	8.733832	8.223403	-3.139234	1952	243	106.619	106.619	106.619
205	16	0	8.233834	8.222224	-3.139234	1942	243	107.119	107.119	107.119
206	16	0	7.733835	8.221045	-3.139234	1932	243	107.619	107.619	107.619
207	16	0	7.233837	8.219865	-3.139234	1922	243	108.119	108.119	108.119
208	16	0	6.733838	8.218686	-3.139234	1912	243	108.619	108.619	108.619
209	16	0	6.233839	8.217507	-3.139234	1902	243	109.119	109.119	109.119
210	16	0	5.733841	8.216328	-3.139234	1892	243	109.619	109.619	109.619
211	16	0	5.233842	8.215148	-3.139234	1882	243	110.119	110.119	110.119
212	16	0	4.733843	8.213969	-3.139234	1872	243	110.619	110.619	110.619
213	16	0	4.233845	8.212790	-3.139234	1862	243	111.119	111.119	111.119
214	16	0	3.733846	8.211611	-3.139234	1852	243	111.619	111.619	111.619
215	16	0	3.233848	8.210432	-3.139234	1842	243	112.119	112.119	112.119
216	16	0	2.733849	8.209252	-3.139234	1832	243	112.619	112.619	112.619
217	16	0	2.233850	8.208073	-3.139234	1822	243	113.119	113.119	113.119
218	16	0	1.733852	8.206894	-3.139234	1812	243	113.619	113.619	113.619
219	16	0	1.233853	8.205715	-3.139234	1802	243	114.119	114.119	114.119
220	16	0	0.733855	8.204535	-3.139234	1792	244	114.619	114.619	114.619
221	16	0	0.233856	8.203356	-3.139234	1782	244	115.119	115.119	115.119
222	16	0	-0.266143	8.202177	-3.139234	1772	244	115.619	115.619	115.619
223	16	0	-0.766141	8.200998	-3.139234	1762	244	116.119	116.119	116.119
224	16	0	-1.266140	8.199818	-3.139234	1752	244	116.619	116.619	116.619
225	16	0	-1.766138	8.198639	-3.139234	1742	244	117.119	117.119	117.119
226	16	0	-2.266137	8.197460	-3.139234	1732	244	117.619	117.619	117.619
227	16	0	-2.766136	8.196281	-3.139234	1722	244	118.119	118.119	118.119
228	16	0	-3.266134	8.195101	-3.139234	1712	244	118.619	118.619	118.619
229	16	0	-3.766133	8.193922	-2.374537	1702	244	119.119	119.119	119.119
230	16	0	-4.201133	7.293789	-1.884767	1693	262	120.118	120.118	120.118
231	16	0	-4.220649	6.794170	-1.609839	1693	272	120.618	120.618	120.618
232	16	0	-4.240165	6.294551	-1.609839	1692	282	121.118	121.118	121.118
233	16	0	-4.259682	5.794932	-1.609839	1692	292	121.618	121.618	121.618
234	16	0	-4.279198	5.295313	-1.609839	1692	302	122.118	122.118	122.118
235	16	0	-4.298714	4.795694	-1.609839	1691	312	122.618	122.618	122.618
236	16	0	-4.318231	4.296075	-1.609839	1691	322	123.118	123.118	123.118
237	16	0	-4.337747	3.796456	-1.609839	1690	332	123.618	123.618	123.618
238	16	0	-4.357264	3.296837	-1.609839	1690	342	124.118	124.118	124.118
239	16	0	-4.376780	2.797218	-1.609839	1690	352	124.618	124.618	124.618
240	16	0	-4.396296	2.297599	-1.609839	1689	362	125.118	125.118	125.118
241	16	0	-4.415813	1.797980	-1.609839	1689	372	125.618	125.618	125.618
242	16	0	-4.435329	1.298361	0.402353	1689	382	126.118	126.118	126.118
243	16	0	-3.909506	2.013449	1.147413	1699	367	127.006	127.006	127.006
244	16	0	-3.887974	2.512985	1.527720	1699	357	127.506	127.506	127.506
245	16	0	-3.866443	3.012521	1.527720	1700	347	128.006	128.006	128.006
246	16	0	-3.844911	3.512057	1.527720	1700	337	128.506	128.506	128.506
247	16	0	-3.823379	4.011593	1.527720	1701	327	129.006	129.006	129.006
248	16	0	-3.801847	4.511130	1.527720	1701	317	129.506	129.506	129.506
249	16	0	-3.780316	5.010666	1.527720	1702	307	130.006	130.006	130.006
250	16	0	-3.758784	5.510202	1.527720	1702	297	130.506	130.506	130.506
251	16	0	-3.737252	6.009738	1.527720	1703	287	131.006	131.006	131.006
252	16	0	-3.715721	6.509274	1.527720	1703	277	131.506	131.506	131.506
253	16	0	-3.694189	7.008811	1.527720	1703	267	132.006	132.006	132.006
254	16	0	-3.672657	7.508347	0.763860	1704	257	132.506	132.506	132.506
255	16	0	-3.091680	7.585908	-0.658735	1715	256	133.092	133.092	133.092
256	16	0	-3.089829	7.057191	-1.594332	1715	266	133.621	133.621	133.621
257	16	0	-3.115880	6.557870	-1.622923	1715	276	134.121	134.121	134.121
258	16	0	-3.141932	6.058549	-1.622923	1714	286	134.621	134.621	134.621
259	16	0	-3.167983	5.559228	-1.622923	1714	296	135.121	135.121	135.121
260	16	0	-3.194035	5.059907	-1.622923	1713	306	135.621	135.621	135.621
261	16	0	-3.220086	4.560587	-1.622923	1713	316	136.121	136.121	136.121
262	16	0	-3.246138	4.061266	-1.622923	1712	326	136.621	136.621	136.621
263	16	0	-3.272189	3.561945	-1.622923	1712	336	137.121	137.121	137.121
264	16	0	-3.298241	3.062624	-1.622923	1711	346	137.621	137.621	137.621
265	16	0	-3.324292	2.563303	-1.622923	1711	356	138.121	138.121	138.121
266	16	0	-3.350344	2.063982	-1.622923	1710	366	138.621	138.621	138.621
267	16	0	-3.376395	1.564661	0.017837	1710	376	139.121	139.121	139.121
268	16	0	-2.709856	2.075408	0.979019	1723	366	139.961	139.961	139.961
269	16	0	-2.697148	2.575246	1.545378	1723	356	140.461	140.461	140.461
270	16	0	-2.684440	3.075085	1.545378	1724	346	140.961	140.961	140.961
271	16	0	-2.671733	3.574923	1.545378	1724	336	141.461	141.461	141.461
272	16	0	-2.659025	4.074762	1.545378	1724	326	141.961	141.961	141.961
273	16	0	-2.646317	4.574600	1.545378	1724	316	142.461	142.461	142.461
274	16	0	-2.633609	5.074439	1.545378	1725	306	142.961	142.961	142.961
275	16	0	-2.620902	5.574277	1.545378	1725	296	143.461	143.461	143.461
276	16	0	-2.608194	6.074116	1.545378	1725	286	143.961	143.961	143.961
277	16	0	-2.595486	6.573954	1.545378	1725	276	144.461	144.461	144.461
278	16	0	-2.582778	7.073793	1.545378	1726	266	144.961	144.961	144.961
279	16	0	-2.570071	7.573631	-0.178089	1726	256	145.461	145.461	145.461
280	16	0	-2.089921	6.985080	-1.165220	1735	268	146.220	146.220	146.220
281	16	0	-2.102738	6.485244	-1.596432	1735	278	146.720	146.720	146.720
282	16	0	-2.115554	5.985409	-1.596432	1735	288	147.220	147.220	147.220
283	16	0	-2.128370	5.485573	-1.596432	1735	298	147.720	147.720	147.720
284	16	0	-2.141186	4.985737	-1.596432	1734	308	148.220	148.220	148.220
285	16	0	-2.154003	4.485902	-1.596432	1734	318	148.720	148.720	148.720
286	16	0	-2.166819	3.986066	-1.596432	1734	328	149.220	149.220	149.220
287	16	0	-2.179635	3.486230	-1.596432	1734	338	149.720	149.720	149.720
288	16	0	-2.192452	2.986394	-1.596432	1733	348	150.220	150.220	150.220
289	16	0	-2.205268	2.486559	-1.596432	1733	358	150.720	150.720	150.720
290	16	0	-2.218084	1.986723	-1.596432	1733	368	151.220	151.220	151.220
291	16	0	-2.230901	1.486887	-0.759830	1733	378	151.720	151.720	151.720
292	16	0	-1.599003	1.398516	0.604755	1745	380	152.358	152.358	152.358
293	16	0	-1.507270	1.987018	1.479119	1747	368	152.954	152.954	152.954
294	16	0	-1.498937	2.486948	1.554131	1747	358	153.454	153.454	153.454
295	16	0	-1.490605	2.986879	1.554131	1747	348	153.954	153.954	153.954
296	16	0	-1.482273	3.486809	1.554131	1748	338	154.454	154.454	154.454
297	16	0	-1.473941	3.986740	1.554131	1748	328	154.954	154.954	154.954
298	16	0	-1.465609	4.486670	1.554131	1748	318	155.454	155.454	155.454
299	16	0	-1.457277	4.986601	1.554131	1748	308	155.954	155.954	155.954
300	16	0	-1.448944	5.486532	1.554131	1748	298	156.454	156.454	156.454
301	16	0	-1.440612	5.986462	1.554131	1748	288	156.954	156.954	156.954
302	16	0	-1.432280	6.486393	1.554131	1749	278	157.454	157.454	157.454
303	16	0	-1.423948	6.986323	1.554131	1749	268	157.954	157.954	157.954
304	16	0	-1.415616	7.486254	1.554131	1749	258	158.454	158.454	158.454
305	16	0	-0.788767	7.875467	-0.816069	1761	250	159.192	159.192	159.192
306	16	0	-0.749633	7.286902	-1.467914	1762	262	159.781	159.781	159.781
307	16	0	-0.753834	6.786920	-1.579199	1762	272	160.281	160.281	160.281
308	16	0	-0.758036	6.286937	-1.579199	1762	282	160.781	160.781	160.781
309	16	0	-0.762237	5.786955	-1.579199	1762	292	161.281	161.281	161.281
310	16	0	-0.766439	5.286973	-1.579199	1762	302	161.781	161.781	161.781
311	16	0	-0.770640	4.786990	-1.579199	1762	312	162.281	162.281	162.281
312	16	0	-0.774842	4.287008	-1.579199	1762	322	162.781	162.781	162.781
313	16	0	-0.779043	3.787025	-1.579199	1762	332	163.281	163.281	163.281
314	16	0	-0.783245	3.287043	-1.579199	1762	342	163.781	163.781	163.781
315	16	0	-0.787447	2.787061	-1.579199	1762	352	164.281	164.281	164.281
316	16	0	-0.791648	2.287078	-1.579199	1761	362	164.781	164.781	164.781
317	16	0	-0.795850	1.787096	-1.315019	1761	372	165.281	165.281	165.281
318	16	0	-0.344227	1.133489	-1.315019	1770	384	166.076	166.076	166.076
319	16	0	-0.280421	0.551943	-1.305543	1772	397	166.661	166.661	166.661
320	16	0	-0.267268	0.094095	-1.544487	1772	406	167.119	167.119	167.119
321	16	0	-0.254115	-0.405732	-1.544487	1772	416	167.619	167.619	167.619
322	16	0	-0.240961	-0.905559	-1.544487	1772	426	168.119	168.119	168.119
323	16	0	-0.227808	-1.405386	-1.544487	1773	436	168.619	168.619	168.619
324	16	0	-0.214655	-1.905213	-1.544487	1773	446	169.119	169.119	169.119
325	16	0	-0.201501	-2.405040	-1.544487	1773	456	169.619	169.619	169.619
326	16	0	-0.188348	-2.904867	-1.544487	1773	466	170.119	170.119	170.119
327	16	0	-0.175195	-3.404694	-1.544487	1774	476	170.619	170.619	170.619
328	16	0	-0.162041	-3.904521	-1.544487	1774	486	171.119	171.119	171.119
329	16	0	-0.148888	-4.404348	-1.544487	1774	496	171.619	171.619	171.619
330	16	0	-0.135735	-4.904175	-1.544487	1775	506	172.119	172.119	172.119
331	16	0	-0.122581	-5.404002	-1.544487	1775	516	172.619	172.619	172.619
332	16	0	-0.109428	-5.903829	-1.544487	1775	526	173.119	173.119	173.119
333	16	0	-0.096274	-6.403655	-1.544487	1775	536	173.619	173.619	173.619
334	16	0	-0.083121	-6.903482	-1.544487	1776	546	174.119	174.119	174.119
335	16	0	-0.069968	-7.403309	-1.544487	1776	556	174.619	174.619	174.619
336	16	0	-0.056814	-7.903136	-1.544487	1776	566	175.119	175.119	175.119
337	16	0	-0.043661	-8.402963	-1.544487	1776	576	175.619	175.619	175.619
338	16	0	-0.030508	-8.902790	-0.809074	1777	586	176.119	176.119	176.119
339	16	0	0.410844	-8.879516	0.882741	1785	585	176.561	176.561	176.561
340	16	0	0.399557	-8.379644	1.593373	1785	575	177.061	177.061	177.061
341	16	0	0.388269	-7.879771	1.593373	1785	565	177.561	177.561	177.561
342	16	0	0.376982	-7.379899	1.593373	1785	555	178.061	178.061	178.061
343	16	0	0.365694	-6.880026	1.593373	1785	545	178.561	178.561	178.561
344	16	0	0.354407	-6.380153	1.593373	1784	535	179.061	179.061	179.061
345	16	0	0.343119	-5.880281	1.593373	1784	525	179.561	179.561	179.561
346	16	0	0.331832	-5.380408	1.593373	1784	515	180.061	180.061	180.061
347	16	0	0.320544	-4.880536	1.593373	1784	505	180.561	180.561	180.561
348	16	0	0.309257	-4.380663	1.593373	1783	495	181.061	181.061	181.061
349	16	0	0.297970	-3.880791	1.593373	1783	485	181.561	181.561	181.561
350	16	0	0.286682	-3.380918	1.593373	1783	475	182.061	182.061	182.061
351	16	0	0.275395	-2.881045	1.593373	1783	465	182.561	182.561	182.561
352	16	0	0.264107	-2.381173	1.593373	1783	455	183.061	183.061	183.061
353	16	0	0.252820	-1.881300	1.593373	1782	445	183.561	183.561	183.561
354	16	0	0.241532	-1.381428	1.593373	1782	435	184.061	184.061	184.061
355	16	0	0.230245	-0.881555	1.593373	1782	425	184.561	184.561	184.561
356	16	0	0.218957	-0.381683	1.593373	1782	415	185.061	185.061	185.061
357	16	0	0.207670	0.118190	1.593373	1781	405	185.561	185.561	185.561
358	16	0	0.196383	0.618063	1.593373	1781	395	186.061	186.061	186.061
359	16	0	0.122127	1.096946	1.593373	1780	386	186.546	186.546	186.546
360	16	0	0.110839	1.596818	1.593373	1779	376	187.046	187.046	187.046
361	16	0	0.099552	2.096691	1.593373	1779	366	187.546	187.546	187.546
362	16	0	0.088265	2.596564	1.593373	1779	356	188.046	188.046	188.046
363	16	0	0.076977	3.096436	1.593373	1779	346	188.546	188.546	188.546
364	16	0	0.065690	3.596309	1.593373	1779	336	189.046	189.046	189.046
365	16	0	0.054402	4.096181	1.593373	1778	326	189.546	189.546	189.546
366	16	0	0.043115	4.596054	1.593373	1778	316	190.046	190.046	190.046
367	16	0	0.031827	5.095926	1.593373	1778	306	190.546	190.546	190.546
368	16	0	0.020540	5.595799	1.593373	1778	296	191.046	191.046	191.046
369	16	0	0.009252	6.095672	1.593373	1777	286	191.546	191.546	191.546
370	16	0	-0.002035	6.595544	1.593373	1777	276	192.046	192.046	192.046
371	16	0	-0.013322	7.095417	1.593373	1777	266	192.546	192.546	192.546
372	16	0	-0.024610	7.595289	0.886613	1777	256	193.046	193.046	193.046
373	16	0	0.564436	7.803799	-0.462145	1789	252	193.670	193.670	193.670
374	16	0	0.586859	7.290703	-1.542282	1789	262	194.184	194.184	194.184
375	16	0	0.593331	6.790745	-1.557852	1789	272	194.684	194.684	194.684
376	16	0	0.599803	6.290787	-1.557852	1789	282	195.184	195.184	195.184
377	16	0	0.606275	5.790828	-1.557852	1789	292	195.684	195.684	195.684
378	16	0	0.612747	5.290870	-1.557852	1790	302	196.184	196.184	196.184
379	16	0	0.619219	4.790912	-1.557852	1790	312	196.684	196.684	196.684
380	16	0	0.625691	4.290954	-1.557852	1790	322	197.184	197.184	197.184
381	16	0	0.632163	3.790996	-1.557852	1790	332	197.684	197.684	197.684
382	16	0	0.638635	3.291038	-1.557852	1790	342	198.184	198.184	198.184
383	16	0	0.645107	2.791080	-1.557852	1790	352	198.684	198.684	198.684
384	16	0	0.651579	2.291122	-1.557852	1790	362	199.184	199.184	199.184
385	16	0	0.658051	1.791164	-1.557852	1790	372	199.684	199.684	199.684
386	16	0	0.664523	1.291205	-1.557852	1791	382	200.184	200.184	200.184
387	16	0	0.670995	0.791247	-1.557852	1791	392	200.684	200.684	200.684
388	16	0	0.740435	0.312279	-1.557852	1792	401	201.168	201.168	201.168
389	16	0	0.746907	-0.187679	-1.557852	1792	411	201.668	201.668	201.668
390	16	0	0.753379	-0.687638	-1.557852	1792	421	202.168	202.168	202.168
391	16	0	0.759851	-1.187596	-1.557852	1792	431	202.668	202.668	202.668
392	16	0	0.766323	-1.687554	-1.557852	1793	441	203.168	203.168	203.168
393	16	0	0.772795	-2.187512	-1.557852	1793	451	203.668	203.668	203.668
394	16	0	0.779266	-2.687470	-1.557852	1793	461	204.168	204.168	204.168
395	16	0	0.785738	-3.187428	-1.557852	1793	471	204.668	204.668	204.668
396	16	0	0.792210	-3.687386	-1.557852	1793	481	205.168	205.168	205.168
397	16	0	0.798682	-4.187344	-1.557852	1793	491	205.668	205.668	205.668
398	16	0	0.805154	-4.687303	-1.557852	1793	501	206.168	206.168	206.168
399	16	0	0.811626	-5.187261	-1.557852	1793	511	206.668	206.668	206.668
400	16	0	0.818098	-5.687219	-1.557852	1794	521	207.168	207.168	207.168
401	16	0	0.824570	-6.187177	-1.557852	1794	531	207.668	207.668	207.668
402	16	0	0.831042	-6.687135	-1.557852	1794	541	208.168	208.168	208.168
403	16	0	0.837514	-7.187093	-1.557852	1794	551	208.668	208.668	208.668
404	16	0	0.843986	-7.687051	-1.557852	1794	561	209.168	209.168	209.168
405	16	0	0.850458	-8.187009	-1.557852	1794	571	209.668	209.668	209.668
406	16	0	0.856930	-8.686967	-1.557852	1794	581	210.168	210.168	210.168
407	16	0	0.863402	-9.186926	0.583634	1795	591	210.668	210.668	210.668
408	16	0	1.282174	-8.810683	1.275616	1803	584	211.231	211.231	211.231
409	16	0	1.245873	-7.929060	1.574012	1802	566	212.113	212.113	212.113
410	16	0	1.244265	-7.429063	1.574012	1802	556	212.613	212.613	212.613
411	16	0	1.242657	-6.929065	1.574012	1802	546	213.113	213.113	213.113
412	16	0	1.241050	-6.429068	1.574012	1802	536	213.613	213.613	213.613
413	16	0	1.239442	-5.929070	1.574012	1802	526	214.113	214.113	214.113
414	16	0	1.237834	-5.429073	1.574012	1802	516	214.613	214.613	214.613
415	16	0	1.236227	-4.929076	1.574012	1802	506	215.113	215.113	215.113
416	16	0	1.234619	-4.429078	1.574012	1802	496	215.613	215.613	215.613
417	16	0	1.233011	-3.929081	1.574012	1802	486	216.113	216.113	216.113
418	16	0	1.231403	-3.429083	1.574012	1802	476	216.613	216.613	216.613
419	16	0	1.229796	-2.929086	1.574012	1802	466	217.113	217.113	217.113
420	16	0	1.228188	-2.429088	1.574012	1802	456	217.613	217.613	217.613
421	16	0	1.226580	-1.929091	1.574012	1802	446	218.113	218.113	218.113
422	16	0	1.224973	-1.429094	1.574012	1802	436	218.613	218.613	218.613
423	16	0	1.223365	-0.929096	1.574012	1802	426	219.113	219.113	219.113
424	16	0	1.221757	-0.429099	1.574012	1802	416	219.613	219.613	219.613
425	16	0	1.220150	0.070899	1.574012	1802	406	220.113	220.113	220.113
426	16	0	1.155574	0.549907	1.574012	1800	397	220.597	220.597	220.597
427	16	0	1.153966	1.049904	1.574012	1800	387	221.097	221.097	221.097
428	16	0	1.152358	1.549901	1.574012	1800	377	221.597	221.597	221.597
429	16	0	1.150750	2.049899	1.574012	1800	367	222.097	222.097	222.097
430	16	0	1.149143	2.549896	1.574012	1800	357	222.597	222.597	222.597
431	16	0	1.147535	3.049894	1.574012	1800	347	223.097	223.097	223.097
432	16	0	1.145927	3.549891	1.574012	1800	337	223.597	223.597	223.597
433	16	0	1.144320	4.049888	1.574012	1800	327	224.097	224.097	224.097
434	16	0	1.142712	4.549886	1.574012	1800	317	224.597	224.597	224.597
435	16	0	1.141104	5.049883	1.574012	1800	307	225.097	225.097	225.097
436	16	0	1.139496	5.549881	1.574012	1800	297	225.597	225.597	225.597
437	16	0	1.137889	6.049878	1.574012	1800	287	226.097	226.097	226.097
438	16	0	1.136281	6.549876	1.574012	1800	277	226.597	226.597	226.597
439	16	0	1.134673	7.049873	1.574012	1800	267	227.097	227.097	227.097
440	16	0	1.133066	7.549870	0.781197	1800	257	227.597	227.597	227.597
441	16	0	1.943988	7.852416	0.222612	1816	251	228.462	228.462	228.462
442	16	0	2.443955	7.846608	-0.011618	1826	251	228.962	228.962	228.962
443	16	0	2.943921	7.840799	-0.011618	1836	251	229.462	229.462	229.462
444	16	0	3.443887	7.834990	-0.011618	1846	251	229.962	229.962	229.962
445	16	0	3.943854	7.829182	-0.011618	1856	251	230.462	230.462	230.462
446	16	0	4.443820	7.823373	-0.011618	1866	251	230.962	230.962	230.962
447	16	0	4.943786	7.817564	-0.011618	1876	251	231.462	231.462	231.462
448	16	0	5.443752	7.811755	-0.011618	1886	251	231.962	231.962	231.962
449	16	0	5.943719	7.805947	-0.011618	1896	251	232.462	232.462	232.462
450	16	0	6.443685	7.800138	-0.011618	1906	252	232.962	232.962	232.962
451	16	0	6.943651	7.794329	-0.011618	1916	252	233.462	233.462	233.462
452	16	0	7.443617	7.788520	-0.011618	1926	252	233.962	233.962	233.962
453	16	0	7.943584	7.782712	-0.011618	1936	252	234.462	234.462	234.462
454	16	0	8.443550	7.776903	-0.011618	1946	252	234.962	234.962	234.962
455	16	0	8.943516	7.771094	-0.011618	1956	252	235.462	235.462	235.462
456	16	0	9.443482	7.765285	-0.011618	1966	252	235.962	235.962	235.962
457	16	0	9.943449	7.759477	-0.011618	1976	252	236.462	236.462	236.462
458	16	0	10.443415	7.753668	-0.011618	1986	253	236.962	236.962	236.962
459	16	0	10.943381	7.747859	-0.011618	1996	253	237.462	237.462	237.462
460	16	0	11.443347	7.742050	-0.011618	2006	253	237.962	237.962	237.962
461	16	0	11.943314	7.736242	-0.011618	2016	253	238.462	238.462	238.462
462	16	0	12.443280	7.730433	-0.011618	2026	253	238.962	238.962	238.962
463	16	0	12.943246	7.724624	-0.011618	2036	253	239.462	239.462	239.462
464	16	0	13.443212	7.718816	-0.011618	2046	253	239.962	239.962	239.962
465	16	0	13.943179	7.713007	-0.011618	2056	253	240.462	240.462	240.462
466	16	0	14.443145	7.707198	-0.011618	2066	253	240.962	240.962	240.962
467	16	0	14.943111	7.701389	-0.011618	2076	254	241.462	241.462	241.462
468	16	0	15.443077	7.695581	-0.011618	2086	254	241.962	241.962	241.962
469	16	0	15.943044	7.689772	-0.011618	2096	254	242.462	242.462	242.462
470	16	0	16.443010	7.683963	-0.011618	2106	254	242.962	242.962	242.962
471	16	0	16.942976	7.678154	-0.011618	2116	254	243.462	243.462	243.462
472	16	0	17.442942	7.672346	-0.011618	2126	254	243.962	243.962	243.962
473	16	0	17.942909	7.666537	-0.011618	2136	254	244.462	244.462	244.462
474	16	0	18.442875	7.660728	-0.011618	2146	254	244.962	244.962	244.962
475	16	0	18.942841	7.654919	-0.011618	2156	255	245.462	245.462	245.462
476	16	0	19.442808	7.649111	-0.011618	2166	255	245.962	245.962	245.962
477	16	0	19.942774	7.643302	-0.011618	2176	255	246.462	246.462	246.462
478	16	0	20.442740	7.637493	-0.011618	2186	255	246.962	246.962	246.962
479	16	0	20.942706	7.631684	-0.011618	2196	255	247.462	247.462	247.462
480	16	0	21.442673	7.625876	-0.011618	2206	255	247.962	247.962	247.962
481	16	0	21.942639	7.620067	-0.011618	2216	255	248.462	248.462	248.462
482	16	0	22.442605	7.614258	-0.011618	2226	255	248.962	248.962	248.962
483	16	0	22.942571	7.608450	-0.011618	2236	255	249.462	249.462	249.462
484	16	0	23.442538	7.602641	-0.011618	2246	256	249.962	249.962	249.962
485	16	0	23.942504	7.596832	-0.011618	2256	256	250.462	250.462	250.462
486	16	0	24.442470	7.591023	-0.011618	2266	256	250.962	250.962	250.962
487	16	0	24.942436	7.585215	-0.011618	2276	256	251.462	251.462	251.462
488	16	0	25.442403	7.579406	-0.011618	2286	256	251.962	251.962	251.962
489	16	0	25.942369	7.573597	-0.011618	2296	256	252.462	252.462	252.462
490	16	0	26.442335	7.567788	-0.011618	2306	256	252.962	252.962	252.962
491	16	0	26.942301	7.561980	-0.011618	2316	256	253.462	253.462	253.462
492	16	0	27.442268	7.556171	-0.011618	2326	256	253.962	253.962	253.962
493	16	0	27.942234	7.550362	-0.011618	2336	257	254.462	254.462	254.462
494	16	0	28.442200	7.544553	-0.011618	2346	257	254.962	254.962	254.962
495	16	0	28.942166	7.538745	-0.011618	2356	257	255.462	255.462	255.462
496	16	0	29.442133	7.532936	-0.011618	2366	257	255.962	255.962	255.962
497	16	0	29.942099	7.527127	-0.011618	2376	257	256.462	256.462	256.462
498	16	0	30.442065	7.521318	-0.011618	2386	257	256.962	256.962	256.962
499	16	0	30.942031	7.515510	-0.011618	2396	257	257.462	257.462	257.462
500	16	0	31.441998	7.509701	-0.011618	2406	257	257.962	257.962	257.962
501	16	0	31.941964	7.503892	-0.011618	2416	258	258.462	258.462	258.462
502	16	0	32.441930	7.498084	-0.011618	2426	258	258.962	258.962	258.962
503	16	0	32.941896	7.492275	-0.011618	2436	258	259.462	259.462	259.462
504	16	0	33.441863	7.486466	-0.011618	2446	258	259.962	259.962	259.962
505	16	0	33.941829	7.480657	-0.011618	2456	258	260.462	260.462	260.462
506	16	0	34.441795	7.474849	-0.011618	2466	258	260.962	260.962	260.962
507	16	0	34.941761	7.469040	-0.011618	2476	258	261.462	261.462	261.462
508	16	0	35.441728	7.463231	-0.011618	2486	258	261.962	261.962	261.962
509	16	0	35.941694	7.562369	-0.011618	2496	256	262.472	262.472	262.472
510	16	0	36.441660	7.556561	-0.011618	2506	256	262.972	262.972	262.972
511	16	0	36.941627	7.550752	-0.011618	2516	257	263.472	263.472	263.472
512	16	0	37.441593	7.544943	-0.011618	2526	257	263.972	263.972	263.972
513	16	0	37.941559	7.539135	-0.011618	2536	257	264.472	264.472	264.472
514	16	0	38.441525	7.533326	-0.011618	2546	257	264.972	264.972	264.972
515	16	0	38.941492	7.527517	-0.011618	2556	257	265.472	265.472	265.472
516	16	0	39.441458	7.521708	-0.011618	2566	257	265.972	265.972	265.972
517	16	0	39.941424	7.515900	-0.011618	2576	257	266.472	266.472	266.472
518	16	0	40.441390	7.510091	-0.011618	2586	257	266.972	266.972	266.972
519	16	0	40.941357	7.504282	-0.011618	2596	258	267.472	267.472	267.472
520	16	0	41.441323	7.498473	-0.011618	2606	258	267.972	267.972	267.972
521	16	0	41.941289	7.492665	-0.011618	2616	258	268.472	268.472	268.472
522	16	0	42.441255	7.486856	-0.011618	2626	258	268.972	268.972	268.972
523	16	0	42.941222	7.481047	-0.011618	2636	258	269.472	269.472	269.472
524	16	0	43.441188	7.475238	-0.011618	2646	258	269.972	269.972	269.972
525	16	0	43.941154	7.469430	-0.011618	2656	258	270.472	270.472	270.472
526	16	0	44.441120	7.463621	-0.011618	2666	258	270.972	270.972	270.972
527	16	0	44.941087	7.457812	-0.011618	2676	258	271.472	271.472	271.472
528	16	0	45.441053	7.452003	-0.011618	2686	259	271.972	271.972	271.972
529	16	0	45.941019	7.446195	-0.011618	2696	259	272.472	272.472	272.472
530	16	0	46.440985	7.440386	-0.011618	2706	259	272.972	272.972	272.972
531	16	0	46.940952	7.434577	-0.011618	2716	259	273.472	273.472	273.472
532	16	0	47.440918	7.428769	-0.011618	2726	259	273.972	273.972	273.972
533	16	0	47.940884	7.422960	-0.011618	2736	259	274.472	274.472	274.472
534	16	0	48.440850	7.417151	-0.011618	2746	259	274.972	274.972	274.972
535	16	0	48.940817	7.411342	-0.011618	2756	259	275.472	275.472	275.472
536	16	0	49.440783	7.405534	-0.011618	2766	260	275.972	275.972	275.972
537	16	0	49.940749	7.399725	-0.011618	2776	260	276.472	276.472	276.472
538	16	0	50.544795	7.531822	-0.011618	2788	257	277.090	277.090	277.090
539	16	0	51.044762	7.526013	-0.011618	2798	257	277.590	277.590	277.590
540	16	0	51.544728	7.520204	-0.011618	2808	257	278.090	278.090	278.090
541	16	0	52.044694	7.514396	-0.011618	2818	257	278.590	278.590	278.590
542	16	0	52.544660	7.508587	-0.011618	2828	257	279.090	279.090	279.090
543	16	0	53.044627	7.502778	-0.011618	2838	258	279.590	279.590	279.590
544	16	0	53.544593	7.496969	-0.011618	2848	258	280.090	280.090	280.090
545	16	0	54.044559	7.491161	-0.011618	2858	258	280.590	280.590	280.590
546	16	0	54.544525	7.485352	-0.011618	2868	258	281.090	281.090	281.090
547	16	0	55.044492	7.479543	-0.011618	2878	258	281.590	281.590	281.590
548	16	0	55.544458	7.473734	-0.011618	2888	258	282.090	282.090	282.090
549	16	0	56.044424	7.467926	-0.011618	2898	258	282.590	282.590	282.590
550	16	0	56.544390	7.462117	-0.011618	2908	258	283.090	283.090	283.090
551	16	0	57.044357	7.456308	-0.011618	2918	258	283.590	283.590	283.590
552	16	0	57.544323	7.450500	-0.011618	2928	259	284.090	284.090	284.090
553	16	0	58.044289	7.444691	-0.011618	2938	259	284.590	284.590	284.590
554	16	0	58.544255	7.438882	-0.011618	2948	259	285.090	285.090	285.090
555	16	0	59.044222	7.433073	-0.011618	2958	259	285.590	285.590	285.590
556	16	0	59.544188	7.427265	-0.011618	2968	259	286.090	286.090	286.090
557	16	0	60.044154	7.421456	-0.011618	2978	259	286.590	286.590	286.590
558	16	0	60.544120	7.415647	-0.011618	2988	259	287.090	287.090	287.090
559	16	0	61.044087	7.409838	-0.011618	2998	259	287.590	287.590	287.590
560	16	0	61.544053	7.404030	-0.011618	3008	260	288.090	288.090	288.090
561	16	0	62.044019	7.398221	-0.011618	3018	260	288.590	288.590	288.590
562	16	0	62.543985	7.392412	-0.011618	3028	260	289.090	289.090	289.090
563	16	0	63.043952	7.386603	-0.011618	3038	260	289.590	289.590	289.590
564	16	0	63.543918	7.380795	-0.011618	3048	260	290.090	290.090	290.090
565	16	0	64.043884	7.374986	-0.011618	3058	260	290.590	290.590	290.590
566	16	0	64.543850	7.369177	-0.011618	3068	260	291.090	291.090	291.090
567	16	0	65.043817	7.363368	-0.011618	3078	260	291.590	291.590	291.590
568	16	0	65.543783	7.357560	-0.011618	3088	260	292.090	292.090	292.090
569	16	0	66.043749	7.351751	-0.011618	3098	261	292.590	292.590	292.590
570	16	0	66.543716	7.345942	-0.011618	3108	261	293.090	293.090	293.090
571	16	0	67.043682	7.340134	-0.011618	3118	261	293.590	293.590	293.590
572	16	0	67.543648	7.334325	-0.269846	3128	261	294.090	294.090	294.090
573	16	0	68.233631	6.739362	-0.457803	3142	273	295.001	295.001	295.001
574	16	0	68.665520	6.487427	-0.528074	3151	278	295.501	295.501	295.501
575	16	0	69.097410	6.235491	-0.528074	3159	283	296.001	296.001	296.001
576	16	0	69.529299	5.983556	-0.528074	3168	288	296.501	296.501	296.501
577	16	0	69.961189	5.731620	-0.528074	3176	293	297.001	297.001	297.001
578	16	0	70.393078	5.479684	-0.528074	3185	298	297.501	297.501	297.501
579	16	0	70.824968	5.227749	-0.528074	3194	303	298.001	298.001	298.001
580	16	0	71.256857	4.975813	-0.528074	3202	308	298.501	298.501	298.501
581	16	0	71.688747	4.723878	-0.528074	3211	313	299.001	299.001	299.001
582	16	0	72.120636	4.471942	-0.528074	3220	318	299.501	299.501	299.501
583	16	0	72.552525	4.220007	-0.528074	3228	323	300.001	300.001	300.001
584	16	0	72.984415	3.968071	-0.528074	3237	328	300.501	300.501	300.501
585	16	0	73.416304	3.716136	-0.528074	3246	333	301.001	301.001	301.001
586	16	0	73.848194	3.464200	-0.528074	3254	338	301.501	301.501	301.501
587	16	0	74.280083	3.212265	-0.528074	3263	343	302.001	302.001	302.001
588	16	0	74.711973	2.960329	-0.391628	3271	348	302.501	302.501	302.501
589	16	0	75.634153	2.653088	-0.299044	3290	355	303.473	303.473	303.473
590	16	0	76.117962	2.526878	-0.255182	3300	357	303.973	303.973	303.973
591	16	0	76.601771	2.400667	-0.255182	3309	360	304.473	304.473	304.473
592	16	0	77.085579	2.274456	-0.014192	3319	362	304.973	304.973	304.973
593	16	0	78.318999	2.376294	0.123892	3344	360	306.211	306.211	306.211
594	16	0	78.806195	2.488724	0.226799	3353	358	306.711	306.711	306.711
595	16	0	79.293390	2.601154	-0.366290	3363	356	307.211	307.211	307.211
596	16	0	79.400947	2.260577	-2.190947	3365	362	307.568	307.568	307.568
597	16	0	78.930076	2.092408	-2.798569	3356	366	308.068	308.068	308.068
598	16	0	78.459205	1.924240	-2.877407	3346	369	308.568	308.568	308.568
599	16	0	77.837760	1.796927	3.127693	3334	372	309.202	309.202	309.202
600	16	0	76.709393	1.948564	2.969833	3311	369	310.341	310.341	310.341
601	16	0	76.226040	2.076510	2.882822	3302	366	310.841	310.841	310.841
602	16	0	75.742687	2.204456	2.882822	3292	364	311.341	311.341	311.341
603	16	0	75.259335	2.332402	2.882822	3282	361	311.841	311.841	311.841
604	16	0	74.775982	2.460349	2.882822	3273	358	312.341	312.341	312.341
605	16	0	74.292629	2.588295	2.882822	3263	356	312.841	312.841	312.841
606	16	0	73.809277	2.716241	2.654335	3253	353	313.341	313.341	313.341
607	16	0	73.343837	3.091032	2.446438	3244	346	313.939	313.939	313.939
608	16	0	72.966534	3.419121	2.425849	3237	339	314.439	314.439	314.439
609	16	0	72.589231	3.747211	2.520837	3229	333	314.939	314.939	314.939
610	16	0	71.944754	4.149746	2.596199	3216	325	315.698	315.698	315.698
611	16	0	71.512284	4.400685	2.615824	3207	320	316.198	316.198	316.198
612	16	0	71.079815	4.651624	2.615824	3199	315	316.698	316.698	316.698
613	16	0	70.647346	4.902563	2.615824	3190	310	317.198	317.198	317.198
614	16	0	70.214877	5.153502	2.615824	3182	305	317.698	317.698	317.698
615	16	0	69.782407	5.404441	2.615824	3173	300	318.198	318.198	318.198
616	16	0	69.349938	5.655380	2.615824	3164	295	318.698	318.698	318.698
617	16	0	68.917469	5.906319	2.615824	3156	289	319.198	319.198	319.198
618	16	0	68.485000	6.157258	2.615824	3147	284	319.698	319.698	319.698
619	16	0	68.052530	6.408197	2.871221	3138	279	320.198	320.198	320.198
620	16	0	67.615285	6.876097	3.109543	3130	270	320.839	320.839	320.839
621	16	0	67.115341	6.883583	3.126619	3120	270	321.339	321.339	321.339
622	16	0	66.615398	6.891070	3.126619	3110	270	321.839	321.839	321.839
623	16	0	66.115454	6.898557	3.126619	3100	270	322.339	322.339	322.339
624	16	0	65.615510	6.906043	3.126619	3090	269	322.839	322.839	322.839
625	16	0	65.115566	6.913530	3.126619	3080	269	323.339	323.339	323.339
626	16	0	64.615622	6.921017	3.126619	3070	269	323.839	323.839	323.839
627	16	0	64.115678	6.928504	3.126619	3060	269	324.339	324.339	324.339
628	16	0	63.615734	6.935990	3.126619	3050	269	324.839	324.839	324.839
629	16	0	63.115790	6.943477	3.126619	3040	269	325.339	325.339	325.339
630	16	0	62.615846	6.950964	3.126619	3030	269	325.839	325.839	325.839
631	16	0	62.115902	6.958450	3.126619	3020	268	326.339	326.339	326.339
632	16	0	61.615958	6.965937	3.126619	3010	268	326.839	326.839	326.839
633	16	0	61.116014	6.973424	3.126619	3000	268	327.339	327.339	327.339
634	16	0	60.616070	6.980910	3.126619	2990	268	327.839	327.839	327.839
635	16	0	60.116126	6.988397	3.126619	2980	268	328.339	328.339	328.339
636	16	0	59.616182	6.995884	3.126619	2970	268	328.839	328.839	328.839
637	16	0	59.116238	7.003370	3.126619	2960	268	329.339	329.339	329.339
638	16	0	58.616294	7.010857	3.126619	2950	267	329.839	329.839	329.839
639	16	0	58.116350	7.018344	3.126619	2940	267	330.339	330.339	330.339
640	16	0	57.616406	7.025830	3.126619	2930	267	330.839	330.839	330.839
641	16	0	57.116463	7.033317	3.126619	2920	267	331.339	331.339	331.339
642	16	0	56.616519	7.040804	3.126619	2910	267	331.839	331.839	331.839
643	16	0	56.116575	7.048290	3.126619	2900	267	332.339	332.339	332.339
644	16	0	55.616631	7.055777	3.126619	2890	266	332.839	332.839	332.839
645	16	0	55.116687	7.063264	3.126619	2880	266	333.339	333.339	333.339
646	16	0	54.616743	7.070750	3.126619	2870	266	333.839	333.839	333.839
647	16	0	54.116799	7.078237	3.126619	2860	266	334.339	334.339	334.339
648	16	0	53.616855	7.085724	3.126619	2850	266	334.839	334.839	334.839
649	16	0	53.116911	7.093211	3.126619	2840	266	335.339	335.339	335.339
650	16	0	52.616967	7.100697	3.126619	2830	266	335.839	335.839	335.839
651	16	0	52.117023	7.108184	3.126619	2820	265	336.339	336.339	336.339
652	16	0	51.617079	7.115671	3.126619	2810	265	336.839	336.839	336.839
653	16	0	51.117135	7.123157	3.126619	2800	265	337.339	337.339	337.339
654	16	0	50.617191	7.130644	3.126619	2790	265	337.839	337.839	337.839
655	16	0	50.013167	7.000225	3.126619	2778	268	338.457	338.457	338.457
656	16	0	49.513224	7.007712	3.126619	2768	267	338.957	338.957	338.957
657	16	0	49.013280	7.015198	3.126619	2758	267	339.457	339.457	339.457
658	16	0	48.513336	7.022685	3.126619	2748	267	339.957	339.957	339.957
659	16	0	48.013392	7.030172	3.126619	2738	267	340.457	340.457	340.457
660	16	0	47.513448	7.037658	3.126619	2728	267	340.957	340.957	340.957
661	16	0	47.013504	7.045145	3.126619	2718	267	341.457	341.457	341.457
662	16	0	46.513560	7.052632	3.126619	2708	267	341.957	341.957	341.957
663	16	0	46.013616	7.060118	3.126619	2698	266	342.457	342.457	342.457
664	16	0	45.513672	7.067605	3.126619	2688	266	342.957	342.957	342.957
665	16	0	45.013728	7.075092	3.126619	2678	266	343.457	343.457	343.457
666	16	0	44.513784	7.082578	3.126619	2668	266	343.957	343.957	343.957
667	16	0	44.013840	7.090065	3.126619	2658	266	344.457	344.457	344.457
668	16	0	43.513896	7.097552	3.126619	2648	266	344.957	344.957	344.957
669	16	0	43.013952	7.105038	3.126619	2638	266	345.457	345.457	345.457
670	16	0	42.514008	7.112525	3.126619	2628	265	345.957	345.957	345.957
671	16	0	42.014064	7.120012	3.126619	2618	265	346.457	346.457	346.457
672	16	0	41.514120	7.127498	3.126619	2608	265	346.957	346.957	346.957
673	16	0	41.014176	7.134985	3.126619	2598	265	347.457	347.457	347.457
674	16	0	40.514233	7.142472	3.126619	2588	265	347.957	347.957	347.957
675	16	0	40.014289	7.149959	3.126619	2578	265	348.457	348.457	348.457
676	16	0	39.514345	7.157445	3.126619	2568	264	348.957	348.957	348.957
677	16	0	39.014401	7.164932	3.126619	2558	264	349.457	349.457	349.457
678	16	0	38.514457	7.172419	3.126619	2548	264	349.957	349.957	349.957
679	16	0	38.014513	7.179905	3.126619	2538	264	350.457	350.457	350.457
680	16	0	37.514569	7.187392	3.126619	2528	264	350.957	350.957	350.957
681	16	0	37.014625	7.194879	3.126619	2518	264	351.457	351.457	351.457
682	16	0	36.514681	7.202365	3.126619	2508	264	351.957	351.957	351.957
683	16	0	36.014737	7.209852	3.126619	2498	263	352.457	352.457	352.457
684	16	0	35.514793	7.112392	3.126619	2488	265	352.966	352.966	352.966
685	16	0	34.986529	6.921636	3.126619	2477	269	353.528	353.528	353.528
686	16	0	34.486585	6.929123	3.126619	2467	269	354.028	354.028	354.028
687	16	0	33.986641	6.936610	3.126619	2457	269	354.528	354.528	354.528
688	16	0	33.486697	6.944096	3.126619	2447	269	355.028	355.028	355.028
689	16	0	32.986753	6.951583	3.126619	2437	269	355.528	355.528	355.528
690	16	0	32.486809	6.959070	3.126619	2427	268	356.028	356.028	356.028
691	16	0	31.986865	6.966556	3.126619	2417	268	356.528	356.528	356.528
692	16	0	31.486921	6.974043	3.126619	2407	268	357.028	357.028	357.028
693	16	0	30.986977	6.981530	3.126619	2397	268	357.528	357.528	357.528
694	16	0	30.487033	6.989016	3.126619	2387	268	358.028	358.028	358.028
695	16	0	29.987089	6.996503	3.126619	2377	268	358.528	358.528	358.528
696	16	0	29.487145	7.003990	3.126619	2367	268	359.028	359.028	359.028
697	16	0	28.987201	7.011476	3.126619	2357	267	359.528	359.528	359.528
698	16	0	28.487258	7.018963	3.126619	2347	267	360.028	360.028	360.028
699	16	0	27.987314	7.026450	3.126619	2337	267	360.528	360.528	360.528
700	16	0	27.487370	7.033936	3.126619	2327	267	361.028	361.028	361.028
701	16	0	26.987426	7.041423	3.126619	2317	267	361.528	361.528	361.528
702	16	0	26.487482	7.048910	3.126619	2307	267	362.028	362.028	362.028
703	16	0	25.987538	7.056396	3.126619	2297	266	362.528	362.528	362.528
704	16	0	25.487594	7.063883	3.126619	2287	266	363.028	363.028	363.028
705	16	0	24.987650	7.071370	3.126619	2277	266	363.528	363.528	363.528
706	16	0	24.487706	7.078856	3.126619	2267	266	364.028	364.028	364.028
707	16	0	23.987762	7.086343	3.126619	2257	266	364.528	364.528	364.528
708	16	0	23.487818	7.093830	3.126619	2247	266	365.028	365.028	365.028
709	16	0	22.987874	7.101317	3.126619	2237	266	365.528	365.528	365.528
710	16	0	22.487930	7.108803	3.126619	2227	265	366.028	366.028	366.028
711	16	0	21.987986	7.116290	3.126619	2217	265	366.528	366.528	366.528
712	16	0	21.488042	7.123777	3.126619	2207	265	367.028	367.028	367.028
713	16	0	20.988098	7.131263	3.126619	2197	265	367.528	367.528	367.528
714	16	0	20.488154	7.138750	3.126619	2187	265	368.028	368.028	368.028
715	16	0	19.988210	7.146237	3.126619	2177	265	368.528	368.528	368.528
716	16	0	19.488266	7.153723	3.126619	2167	265	369.028	369.028	369.028
717	16	0	18.988323	7.161210	3.126619	2157	264	369.528	369.528	369.528
718	16	0	18.488379	7.168697	3.126619	2147	264	370.028	370.028	370.028
719	16	0	17.988435	7.176183	3.126619	2137	264	370.528	370.528	370.528
720	16	0	17.488491	7.183670	3.126619	2127	264	371.028	371.028	371.028
721	16	0	16.988547	7.191157	3.126619	2117	264	371.528	371.528	371.528
722	16	0	16.488603	7.198643	3.126619	2107	264	372.028	372.028	372.028
723	16	0	15.988659	7.206130	3.126619	2097	263	372.528	372.528	372.528
724	16	0	15.488715	7.213617	3.126619	2087	263	373.028	373.028	373.028
725	16	0	14.988771	7.221103	3.126619	2077	263	373.528	373.528	373.528
726	16	0	14.488827	7.228590	3.126619	2067	263	374.028	374.028	374.028
727	16	0	13.988883	7.236077	3.126619	2057	263	374.528	374.528	374.528
728	16	0	13.488939	7.243563	3.126619	2047	263	375.028	375.028	375.028
729	16	0	12.988995	7.251050	3.126619	2037	263	375.528	375.528	375.528
730	16	0	12.489051	7.258537	3.126619	2027	262	376.028	376.028	376.028
731	16	0	11.989107	7.266024	3.126619	2017	262	376.528	376.528	376.528
732	16	0	11.489163	7.273510	3.126619	2007	262	377.028	377.028	377.028
733	16	0	10.989219	7.280997	3.126619	1997	262	377.528	377.528	377.528
734	16	0	10.489275	7.288484	3.126619	1987	262	378.028	378.028	378.028
735	16	0	9.989331	7.295970	3.126619	1977	262	378.528	378.528	378.528
736	16	0	9.489388	7.303457	3.126619	1967	262	379.028	379.028	379.028
737	16	0	8.989444	7.310944	3.126619	1957	261	379.528	379.528	379.528
738	16	0	8.489500	7.318430	3.126619	1947	261	380.028	380.028	380.028
739	16	0	7.989556	7.325917	3.126619	1937	261	380.528	380.528	380.528
740	16	0	7.489612	7.333404	3.126619	1927	261	381.028	381.028	381.028
741	16	0	6.989668	7.340890	3.126619	1917	261	381.528	381.528	381.528
742	16	0	6.489724	7.348377	3.126619	1907	261	382.028	382.028	382.028
743	16	0	5.989780	7.355864	3.126619	1897	260	382.528	382.528	382.528
744	16	0	5.489836	7.363350	3.126619	1887	260	383.028	383.028	383.028
745	16	0	4.989892	7.370837	3.126619	1877	260	383.528	383.528	383.528
746	16	0	4.489948	7.378324	3.126619	1867	260	384.028	384.028	384.028
747	16	0	3.990004	7.385810	3.126619	1857	260	384.528	384.528	384.528
748	16	0	3.490060	7.393297	3.126619	1847	260	385.028	385.028	385.028
749	16	0	2.990116	7.400784	3.126619	1837	260	385.528	385.528	385.528
750	16	0	2.490172	7.408270	3.126619	1827	259	386.028	386.028	386.028
751	16	0	1.990228	7.415757	-1.338675	1817	259	386.528	386.528	386.528
752	16	0	2.619345	6.861813	-0.459183	1830	270	387.366	387.366	387.366
753	16	0	3.119326	6.857496	-0.008635	1840	270	387.866	387.866	387.866
754	16	0	3.619308	6.853178	-0.008635	1850	271	388.366	388.366	388.366
755	16	0	4.119289	6.848861	-0.008635	1860	271	388.866	388.866	388.866
756	16	0	4.619270	6.844543	-0.008635	1870	271	389.366	389.366	389.366
757	16	0	5.119252	6.840225	-0.008635	1880	271	389.866	389.866	389.866
758	16	0	5.619233	6.835908	-0.008635	1890	271	390.366	390.366	390.366
759	16	0	6.119214	6.831590	-0.008635	1900	271	390.866	390.866	390.866
760	16	0	6.619196	6.827272	-0.008635	1910	271	391.366	391.366	391.366
761	16	0	7.119177	6.822955	-0.008635	1920	271	391.866	391.866	391.866
762	16	0	7.619159	6.818637	-0.008635	1930	271	392.366	392.366	392.366
763	16	0	8.119140	6.814320	-0.008635	1940	271	392.866	392.866	392.866
764	16	0	8.619121	6.810002	-0.008635	1950	271	393.366	393.366	393.366
765	16	0	9.119103	6.805684	-0.008635	1960	271	393.866	393.866	393.866
766	16	0	9.619084	6.801367	-0.008635	1970	272	394.366	394.366	394.366
767	16	0	10.119065	6.797049	-0.008635	1980	272	394.866	394.866	394.866
768	16	0	10.619047	6.792731	-0.008635	1990	272	395.366	395.366	395.366
769	16	0	11.119028	6.788414	-0.008635	2000	272	395.866	395.866	395.866
770	16	0	11.619009	6.784096	-0.008635	2010	272	396.366	396.366	396.366
771	16	0	12.118991	6.779779	-0.008635	2020	272	396.866	396.866	396.866
772	16	0	12.618972	6.775461	-0.008635	2030	272	397.366	397.366	397.366
773	16	0	13.118953	6.771143	-0.008635	2040	272	397.866	397.866	397.866
774	16	0	13.618935	6.766826	-0.008635	2050	272	398.366	398.366	398.366
775	16	0	14.118916	6.762508	-0.008635	2060	272	398.866	398.866	398.866
776	16	0	14.618898	6.758190	-0.008635	2070	272	399.366	399.366	399.366
777	16	0	15.118879	6.753873	-0.008635	2080	273	399.866	399.866	399.866
778	16	0	15.618860	6.749555	-0.008635	2090	273	400.366	400.366	400.366
779	16	0	16.118842	6.745237	-0.008635	2100	273	400.866	400.866	400.866
780	16	0	16.618823	6.740920	-0.008635	2110	273	401.366	401.366	401.366
781	16	0	17.118804	6.736602	-0.008635	2120	273	401.866	401.866	401.866
782	16	0	17.618786	6.732285	-0.008635	2130	273	402.366	402.366	402.366
783	16	0	18.118767	6.727967	-0.008635	2140	273	402.866	402.866	402.866
784	16	0	18.618748	6.723649	-0.008635	2150	273	403.366	403.366	403.366
785	16	0	19.118730	6.719332	-0.008635	2160	273	403.866	403.866	403.866
786	16	0	19.618711	6.715014	-0.008635	2170	273	404.366	404.366	404.366
787	16	0	20.118692	6.710696	-0.008635	2180	273	404.866	404.866	404.866
788	16	0	20.618674	6.706379	-0.008635	2190	273	405.366	405.366	405.366
789	16	0	21.118655	6.702061	-0.008635	2200	274	405.866	405.866	405.866
790	16	0	21.618637	6.697744	-0.008635	2210	274	406.366	406.366	406.366
791	16	0	22.118618	6.693426	-0.008635	2220	274	406.866	406.866	406.866
792	16	0	22.618599	6.689108	-0.008635	2230	274	407.366	407.366	407.366
793	16	0	23.118581	6.684791	-0.008635	2240	274	407.866	407.866	407.866
794	16	0	23.618562	6.680473	-0.008635	2250	274	408.366	408.366	408.366
795	16	0	24.118543	6.676155	-0.008635	2260	274	408.866	408.866	408.866
796	16	0	24.618525	6.671838	-0.008635	2270	274	409.366	409.366	409.366
797	16	0	25.118506	6.667520	-0.008635	2280	274	409.866	409.866	409.866
798	16	0	25.618487	6.663203	-0.008635	2290	274	410.366	410.366	410.366
799	16	0	26.118469	6.658885	-0.008635	2300	274	410.866	410.866	410.866
800	16	0	26.618450	6.654567	-0.008635	2310	275	411.366	411.366	411.366
801	16	0	27.118431	6.650250	-0.008635	2320	275	411.866	411.866	411.866
802	16	0	27.618413	6.645932	-0.008635	2330	275	412.366	412.366	412.366
803	16	0	28.118394	6.641614	-0.008635	2340	275	412.866	412.866	412.866
804	16	0	28.618376	6.637297	-0.008635	2350	275	413.366	413.366	413.366
805	16	0	29.118357	6.632979	-0.008635	2360	275	413.866	413.866	413.866
806	16	0	29.618338	6.628662	-0.008635	2370	275	414.366	414.366	414.366
807	16	0	30.118320	6.624344	-0.008635	2380	275	414.866	414.866	414.866
808	16	0	30.618301	6.620026	-0.008635	2390	275	415.366	415.366	415.366
809	16	0	31.118282	6.615709	-0.008635	2400	275	415.866	415.866	415.866
810	16	0	31.618264	6.611391	-0.008635	2410	275	416.366	416.366	416.366
811	16	0	32.118245	6.607073	-0.008635	2420	275	416.866	416.866	416.866
812	16	0	32.618226	6.602756	-0.008635	2430	276	417.366	417.366	417.366
813	16	0	33.118208	6.598438	-0.008635	2440	276	417.866	417.866	417.866
814	16	0	33.618189	6.594120	-0.787992	2450	276	418.366	418.366	418.366
815	16	0	33.805860	5.907210	-1.412560	2453	289	419.078	419.078	419.078
816	16	0	33.807584	5.407213	-1.567348	2453	299	419.578	419.578	419.578
817	16	0	33.809308	4.907216	-1.567348	2453	309	420.078	420.078	420.078
818	16	0	33.811032	4.407219	-1.567348	2453	319	420.578	420.578	420.578
819	16	0	33.812757	3.907222	-1.567348	2454	329	421.078	421.078	421.078
820	16	0	33.814481	3.407225	-1.567348	2454	339	421.578	421.578	421.578
821	16	0	33.816205	2.907228	-1.567348	2454	349	422.078	422.078	422.078
822	16	0	33.817929	2.407230	-1.567348	2454	359	422.578	422.578	422.578
823	16	0	33.819653	1.907233	-1.567348	2454	369	423.078	423.078	423.078
824	16	0	33.821377	1.407236	-1.567348	2454	379	423.578	423.578	423.578
825	16	0	33.823101	0.907239	-1.567348	2454	389	424.078	424.078	424.078
826	16	0	33.824825	0.407242	-1.567348	2454	399	424.578	424.578	424.578
827	16	0	33.826550	-0.092755	-1.567348	2454	409	425.078	425.078	425.078
828	16	0	33.828274	-0.592752	-1.567348	2454	419	425.578	425.578	425.578
829	16	0	33.829998	-1.092749	-1.567348	2454	429	426.078	426.078	426.078
830	16	0	33.831722	-1.592746	-1.567348	2454	439	426.578	426.578	426.578
831	16	0	33.833446	-2.092743	-1.567348	2454	449	427.078	427.078	427.078
832	16	0	33.835170	-2.592740	-1.567348	2454	459	427.578	427.578	427.578
833	16	0	33.836894	-3.092737	-1.567348	2454	469	428.078	428.078	428.078
834	16	0	33.838618	-3.592734	-1.567348	2454	479	428.578	428.578	428.578
835	16	0	33.840343	-4.092731	-1.567348	2454	489	429.078	429.078	429.078
836	16	0	33.842067	-4.592728	-1.567348	2454	499	429.578	429.578	429.578
837	16	0	33.843791	-5.092725	-1.567348	2454	509	430.078	430.078	430.078
838	16	0	33.845515	-5.592722	-1.567348	2454	519	430.578	430.578	430.578
839	16	0	33.847239	-6.092719	-1.567348	2454	529	431.078	431.078	431.078
840	16	0	33.848963	-6.592716	-1.567348	2454	539	431.578	431.578	431.578
841	16	0	33.850687	-7.092713	-1.567348	2454	549	432.078	432.078	432.078
842	16	0	33.852411	-7.592710	-1.567348	2454	559	432.578	432.578	432.578
843	16	0	33.854136	-8.092707	-1.567348	2454	569	433.078	433.078	433.078
844	16	0	33.855860	-8.592704	-1.567348	2454	579	433.578	433.578	433.578
845	16	0	33.857584	-9.092701	0.318114	2454	589	434.078	434.078	434.078
846	16	0	34.621344	-8.340632	1.026075	2470	574	435.150	435.150	435.150
847	16	0	34.616154	-7.840659	1.581177	2470	564	435.650	435.650	435.650
848	16	0	34.610964	-7.340686	1.581177	2469	554	436.150	436.150	436.150
849	16	0	34.605774	-6.840713	1.581177	2469	544	436.650	436.650	436.650
850	16	0	34.600584	-6.340739	1.581177	2469	534	437.150	437.150	437.150
851	16	0	34.595394	-5.840766	1.581177	2469	524	437.650	437.650	437.650
852	16	0	34.590204	-5.340793	1.581177	2469	514	438.150	438.150	438.150
853	16	0	34.585014	-4.840820	1.581177	2469	504	438.650	438.650	438.650
854	16	0	34.579824	-4.340847	1.581177	2469	494	439.150	439.150	439.150
855	16	0	34.574634	-3.840874	1.581177	2469	484	439.650	439.650	439.650
856	16	0	34.569444	-3.340901	1.581177	2469	474	440.150	440.150	440.150
857	16	0	34.564254	-2.840928	1.581177	2469	464	440.650	440.650	440.650
858	16	0	34.559064	-2.340955	1.581177	2468	454	441.150	441.150	441.150
859	16	0	34.553874	-1.840982	1.581177	2468	444	441.650	441.650	441.650
860	16	0	34.548684	-1.341009	1.581177	2468	434	442.150	442.150	442.150
861	16	0	34.543493	-0.841036	1.581177	2468	424	442.650	442.650	442.650
862	16	0	34.538303	-0.341063	1.581177	2468	414	443.150	443.150	443.150
863	16	0	34.533113	0.158910	1.581177	2468	404	443.650	443.650	443.650
864	16	0	34.527923	0.658883	1.581177	2468	394	444.150	444.150	444.150
865	16	0	34.522733	1.158856	1.581177	2468	384	444.650	444.650	444.650
866	16	0	34.517543	1.658830	1.581177	2468	374	445.150	445.150	445.150
867	16	0	34.512353	2.158803	1.581177	2467	364	445.650	445.650	445.650
868	16	0	34.507163	2.658776	1.581177	2467	354	446.150	446.150	446.150
869	16	0	34.501973	3.158749	1.581177	2467	344	446.650	446.650	446.650
870	16	0	34.496783	3.658722	1.581177	2467	334	447.150	447.150	447.150
871	16	0	34.491593	4.158695	1.581177	2467	324	447.650	447.650	447.650
872	16	0	34.486403	4.658668	1.581177	2467	314	448.150	448.150	448.150
873	16	0	34.481213	5.158641	1.581177	2467	304	448.650	448.650	448.650
874	16	0	34.476023	5.658614	1.581177	2467	294	449.150	449.150	449.150
875	16	0	34.470833	6.158587	0.737524	2467	284	449.650	449.650	449.650
876	16	0	34.809436	6.391302	0.253674	2473	280	450.061	450.061	450.061
877	16	0	35.293435	6.516784	0.124240	2483	277	450.561	450.561	450.561
878	16	0	36.364002	6.690388	0.042037	2505	274	451.645	451.645	451.645
879	16	0	36.863995	6.687791	-0.005195	2515	274	452.145	452.145	452.145
880	16	0	37.363988	6.685193	-0.005195	2525	274	452.645	452.645	452.645
881	16	0	37.863981	6.682596	-0.005195	2535	274	453.145	453.145	453.145
882	16	0	38.363975	6.679999	-0.005195	2545	274	453.645	453.645	453.645
883	16	0	38.863968	6.677401	-0.005195	2555	274	454.145	454.145	454.145
884	16	0	39.363961	6.674804	-0.005195	2565	274	454.645	454.645	454.645
885	16	0	39.863954	6.672207	-0.005195	2575	274	455.145	455.145	455.145
886	16	0	40.363948	6.669609	-0.005195	2585	274	455.645	455.645	455.645
887	16	0	40.863941	6.667012	-0.005195	2595	274	456.145	456.145	456.145
888	16	0	41.363934	6.664415	-0.005195	2605	274	456.645	456.645	456.645
889	16	0	41.863927	6.661817	-0.005195	2615	274	457.145	457.145	457.145
890	16	0	42.363921	6.659220	-0.005195	2625	274	457.645	457.645	457.645
891	16	0	42.863914	6.656622	-0.005195	2635	274	458.145	458.145	458.145
892	16	0	43.363907	6.654025	-0.005195	2645	275	458.645	458.645	458.645
893	16	0	43.863900	6.651428	-0.005195	2655	275	459.145	459.145	459.145
894	16	0	44.363894	6.648830	-0.005195	2665	275	459.645	459.645	459.645
895	16	0	44.863887	6.646233	-0.005195	2675	275	460.145	460.145	460.145
896	16	0	45.363880	6.643636	-0.005195	2685	275	460.645	460.645	460.645
897	16	0	45.863873	6.641038	-0.005195	2695	275	461.145	461.145	461.145
898	16	0	46.363867	6.638441	-0.006707	2705	275	461.645	461.645	461.645
899	16	0	47.090906	6.632809	-0.007939	2719	275	462.372	462.372	462.372
900	16	0	47.590889	6.628699	-0.008219	2729	275	462.872	462.872	462.872
901	16	0	48.090872	6.624590	-0.008219	2739	275	463.372	463.372	463.372
902	16	0	48.590855	6.620480	-0.008219	2749	275	463.872	463.872	463.872
903	16	0	49.090839	6.616371	-0.008219	2759	275	464.372	464.372	464.372
904	16	0	49.590822	6.612261	-0.008219	2769	275	464.872	464.872	464.872
905	16	0	50.090805	6.608152	-0.008219	2779	275	465.372	465.372	465.372
906	16	0	50.694868	6.741948	-0.008219	2791	273	465.991	465.991	465.991
907	16	0	51.194851	6.737839	-0.008219	2801	273	466.491	466.491	466.491
908	16	0	51.694834	6.733729	-0.008219	2811	273	466.991	466.991	466.991
909	16	0	52.194817	6.729620	-0.008219	2821	273	467.491	467.491	467.491
910	16	0	52.694800	6.725510	-0.008219	2831	273	467.991	467.991	467.991
911	16	0	53.194783	6.721401	-0.008219	2841	273	468.491	468.491	468.491
912	16	0	53.694766	6.717291	-0.008219	2851	273	468.991	468.991	468.991
913	16	0	54.194749	6.713182	-0.008219	2861	273	469.491	469.491	469.491
914	16	0	54.694733	6.709072	-0.008219	2871	273	469.991	469.991	469.991
915	16	0	55.194716	6.704963	-0.008219	2881	274	470.491	470.491	470.491
916	16	0	55.694699	6.700854	-0.008219	2891	274	470.991	470.991	470.991
917	16	0	56.194682	6.696744	-0.008219	2901	274	471.491	471.491	471.491
918	16	0	56.694665	6.692635	-0.008219	2911	274	471.991	471.991	471.991
919	16	0	57.194648	6.688525	-0.008219	2921	274	472.491	472.491	472.491
920	16	0	57.694631	6.684416	-0.008219	2931	274	472.991	472.991	472.991
921	16	0	58.194614	6.680306	-0.008219	2941	274	473.491	473.491	473.491
922	16	0	58.694597	6.676197	-0.008219	2951	274	473.991	473.991	473.991
923	16	0	59.194581	6.672087	-0.008219	2961	274	474.491	474.491	474.491
924	16	0	59.694564	6.667978	-0.008219	2971	274	474.991	474.991	474.991
925	16	0	60.194547	6.663869	-0.008219	2981	274	475.491	475.491	475.491
926	16	0	60.694530	6.659759	-0.008219	2991	274	475.991	475.991	475.991
927	16	0	61.194513	6.655650	-0.008219	3001	275	476.491	476.491	476.491
928	16	0	61.694496	6.651540	-0.008219	3011	275	476.991	476.991	476.991
929	16	0	62.194479	6.647431	-0.008219	3021	275	477.491	477.491	477.491
930	16	0	62.694462	6.643321	-0.008219	3031	275	477.991	477.991	477.991
931	16	0	63.194445	6.639212	-0.008219	3041	275	478.491	478.491	478.491
932	16	0	63.694429	6.635102	-0.008219	3051	275	478.991	478.991	478.991
933	16	0	64.194412	6.630993	-0.008219	3061	275	479.491	479.491	479.491
934	16	0	64.694395	6.626883	-0.008219	3071	275	479.991	479.991	479.991
935	16	0	65.194378	6.622774	-0.008219	3081	275	480.491	480.491	480.491
936	16	0	65.694361	6.618665	-0.008219	3091	275	480.991	480.991	480.991
937	16	0	66.194344	6.614555	-0.008219	3101	275	481.491	481.491	481.491
938	16	0	66.694327	6.610446	-0.008219	3111	275	481.991	481.991	481.991
939	16	0	67.194310	6.571643	-0.202330	3121	276	482.493	482.493	482.493
940	16	0	67.633985	6.302486	-0.375787	3130	282	483.008	483.008	483.008
941	16	0	68.129899	5.953298	-0.443555	3140	289	483.615	483.615	483.615
942	16	0	69.038594	5.495478	-0.474597	3158	298	484.632	484.632	484.632
943	16	0	69.479603	5.259870	-0.490668	3167	302	485.132	485.132	485.132
944	16	0	69.920612	5.024263	-0.490668	3176	307	485.632	485.632	485.632
945	16	0	70.361622	4.788655	-0.586492	3184	312	486.132	486.132	486.132
946	16	0	70.890184	4.379995	-0.668498	3195	320	486.800	486.800	486.800
947	16	0	71.278241	4.064698	-0.682317	3203	326	487.300	487.300	487.300
948	16	0	71.666298	3.749402	-0.682317	3211	333	487.800	487.800	487.800
949	16	0	72.054355	3.434106	-0.682317	3218	339	488.300	488.300	488.300
950	16	0	72.442412	3.118809	-0.682317	3226	345	488.800	488.800	488.800
951	16	0	72.830469	2.803513	-0.682317	3234	352	489.300	489.300	489.300
952	16	0	73.218526	2.488217	-0.682317	3242	358	489.800	489.800	489.800
953	16	0	73.606583	2.172920	-0.682317	3249	364	490.300	490.300	490.300
954	16	0	73.608234	2.171579	-0.682317	3249	364	490.302	490.302	490.302
955	16	0	74.174640	2.029978	-0.240171	3261	367	490.886	490.886	490.886
956	16	0	74.660288	1.911043	-0.240171	3270	369	491.386	491.386	491.386
957	16	0	75.145937	1.792109	-0.240171	3280	372	491.886	491.886	491.886
958	16	0	75.631586	1.673175	-0.240171	3290	374	492.386	492.386	492.386
959	16	0	76.117234	1.554240	-0.240171	3300	377	492.886	492.886	492.886
960	16	0	76.602883	1.435306	-0.071063	3309	379	493.386	493.386	493.386
961	16	0	77.803314	1.434221	0.028177	3333	379	494.587	494.587	494.587
962	16	0	78.300913	1.483165	-0.140792	3343	378	495.087	495.087	495.087
963	16	0	78.659947	1.312810	-1.660312	3350	381	495.484	495.484	495.484
964	16	0	78.258830	1.014305	-2.884905	3342	387	495.984	495.984	495.984
965	16	0	77.495884	1.007269	3.097146	3327	387	496.747	496.747	496.747
966	16	0	76.999872	1.070299	3.015198	3317	386	497.247	497.247	497.247
967	16	0	76.503861	1.133328	3.015198	3307	385	497.747	497.747	497.747
968	16	0	76.007850	1.196357	3.015198	3297	384	498.247	498.247	498.247
969	16	0	75.511838	1.259386	3.015198	3287	382	498.747	498.747	498.747
970	16	0	75.015827	1.322415	3.015198	3278	381	499.247	499.247	499.247
971	16	0	74.519815	1.385444	3.015198	3268	380	499.747	499.747	499.747
972	16	0	74.023804	1.448473	3.015198	3258	379	500.247	500.247	500.247
973	16	0	73.527793	1.511502	3.015198	3248	377	500.747	500.747	500.747
974	16	0	73.031781	1.574531	-2.221996	3238	376	501.247	501.247	501.247
975	16	0	73.212900	1.098311	-0.666691	3242	386	501.757	501.757	501.757
976	16	0	74.008774	0.805753	-0.269071	3257	391	502.605	502.605	502.605
977	16	0	74.504704	0.742086	-0.127680	3267	393	503.105	503.105	503.105
978	16	0	75.000634	0.678419	-0.127680	3277	394	503.605	503.605	503.605
979	16	0	75.496564	0.614753	-0.127680	3287	395	504.105	504.105	504.105
980	16	0	75.992494	0.551086	-0.127680	3297	397	504.605	504.605	504.605
981	16	0	76.488424	0.487419	-0.127680	3307	398	505.105	505.105	505.105
982	16	0	76.984354	0.423752	-0.127680	3317	399	505.605	505.605	505.605
983	16	0	77.480284	0.360086	-1.335427	3327	400	506.105	506.105	506.105
984	16	0	77.068478	0.072965	-2.894659	3319	406	506.607	506.607	506.607
985	16	0	76.123598	0.018095	3.140696	3300	407	507.553	507.553	507.553
986	16	0	75.626762	0.074259	3.029027	3290	406	508.053	508.053	508.053
987	16	0	75.129926	0.130423	3.029027	3280	405	508.553	508.553	508.553
988	16	0	74.633091	0.186587	3.029027	3270	404	509.053	509.053	509.053
989	16	0	74.136255	0.242751	3.029027	3260	403	509.553	509.553	509.553
990	16	0	73.639420	0.298915	-2.393256	3250	402	510.053	510.053	510.053
991	16	0	73.628657	-0.228552	-0.858699	3250	412	510.581	510.581	510.581
992	16	0	74.337895	-0.510271	-0.271541	3264	418	511.344	511.344	511.344
993	16	0	74.834955	-0.564406	-0.108483	3274	419	511.844	511.844	511.844
994	16	0	75.332016	-0.618542	-0.108483	3284	420	512.344	512.344	512.344
995	16	0	75.829077	-0.672677	-0.108483	3294	421	512.844	512.844	512.844
996	16	0	76.326137	-0.726812	-1.257318	3304	422	513.344	513.344	513.344
997	16	0	75.998758	-1.196114	-2.705329	3297	432	513.916	513.916	513.916
998	16	0	75.275489	-1.216649	3.114972	3283	432	514.639	514.639	514.639
999	16	0	74.778309	-1.163617	3.035328	3273	431	515.139	515.139	515.139
1000	16	0	74.281130	-1.110584	3.035328	3263	430	515.639	515.639	515.639
1001	16	0	73.783950	-1.057552	-2.409327	3253	429	516.139	516.139	516.139
1002	16	0	73.778156	-1.562761	-0.874079	3253	439	516.645	516.645	516.645
1003	16	0	74.443171	-1.845441	-0.303992	3266	445	517.367	517.367	517.367
1004	16	0	74.936608	-1.926186	-0.162199	3276	446	517.867	517.867	517.867
1005	16	0	75.335772	-1.991503	-0.162199	3284	447	518.272	518.272	518.272
1006	16	0	75.080889	-2.557909	-2.169477	3279	459	518.893	518.893	518.893
1007	16	0	74.368247	-3.602529	-2.087632	3265	480	520.157	520.157	520.157
1008	16	0	74.216400	-4.078914	-1.879365	3262	489	520.657	520.657	520.657
1009	16	0	74.064552	-4.555298	-1.879365	3259	499	521.157	521.157	521.157
1010	16	0	73.912705	-5.031683	-1.879365	3256	508	521.657	521.657	521.657
1011	16	0	73.760857	-5.508068	-1.879365	3252	518	522.157	522.157	522.157
1012	16	0	73.609010	-5.984452	-1.879365	3249	527	522.657	522.657	522.657
1013	16	0	73.457162	-6.460837	-1.879365	3246	537	523.157	523.157	523.157
1014	16	0	73.305314	-6.937222	-1.692518	3243	546	523.657	523.657	523.657
1015	16	0	73.264339	-8.037131	-1.576072	3243	568	524.758	524.758	524.758
1016	16	0	73.296879	-8.536071	-1.505671	3243	578	525.258	525.258	525.258
1017	16	0	73.329419	-9.035011	-1.505671	3244	588	525.758	525.758	525.758
1018	16	0	73.361958	-9.533951	3.027564	3244	598	526.258	526.258	526.258
1019	16	0	72.599917	-8.951464	2.180719	3229	587	527.217	527.217	527.217
1020	16	0	72.605535	-8.451496	1.559561	3229	577	527.717	527.717	527.717
1021	16	0	72.611153	-7.951527	1.559561	3229	567	528.217	528.217	528.217
1022	16	0	72.616770	-7.451559	1.398461	3230	557	528.717	528.717	528.717
1023	16	0	72.788054	-6.935219	1.244203	3233	546	529.261	529.261	529.261
1024	16	0	72.951700	-6.462757	1.237360	3236	537	529.761	529.761	529.761
1025	16	0	73.115346	-5.990296	1.237360	3240	527	530.261	530.261	530.261
1026	16	0	73.350672	-5.546506	1.237360	3244	519	530.764	530.764	530.764
1027	16	0	73.514318	-5.074044	1.237360	3248	509	531.264	531.264	531.264
1028	16	0	73.677964	-4.601583	1.237360	3251	500	531.764	531.764	531.764
1029	16	0	73.841610	-4.129121	1.237360	3254	490	532.264	532.264	532.264
1030	16	0	74.005256	-3.656659	1.237360	3257	481	532.764	532.764	532.764
1031	16	0	74.168902	-3.184198	1.237360	3261	471	533.264	533.264	533.264
1032	16	0	74.332548	-2.711736	2.043156	3264	462	533.764	533.764	533.764
1033	16	0	73.914967	-2.687201	-2.435879	3256	461	534.182	534.182	534.182
1034	16	0	73.792446	-3.171958	-1.818359	3253	471	534.682	534.682	534.682
1035	16	0	73.669926	-3.656714	-1.818359	3251	481	535.182	535.182	535.182
1036	16	0	73.547405	-4.141470	-1.924199	3248	490	535.682	535.682	535.682
1037	16	0	73.154062	-5.521491	-1.977299	3240	518	537.117	537.117	537.117
1038	16	0	72.760395	-5.969685	-2.030039	3232	527	537.713	537.713	537.713
1039	16	0	72.538761	-6.417879	-2.030039	3228	536	538.213	538.213	538.213
1040	16	0	72.317126	-6.866073	-1.800418	3224	545	538.713	538.713	538.713
1041	16	0	72.078938	-8.049752	-1.667731	3219	569	539.921	539.921	539.921
1042	16	0	72.078938	-8.549752	-1.570796	3219	579	540.421	540.421	540.421
1043	16	0	72.078938	-9.049752	-1.570796	3219	589	540.921	540.921	540.921
1044	16	0	72.078938	-9.549752	-2.556465	3219	599	541.421	541.421	541.421
1045	16	0	71.603819	-9.364529	2.171466	3209	595	541.931	541.931	541.931
1046	16	0	71.609500	-8.864561	1.559433	3209	585	542.431	542.431	542.431
1047	16	0	71.615182	-8.364593	1.559433	3210	575	542.931	542.931	542.931
1048	16	0	71.620863	-7.864626	-2.298613	3210	565	543.431	543.431	543.431
1049	16	0	70.986099	-8.456248	-1.886002	3197	577	544.299	544.299	544.299
1050	16	0	71.101370	-9.457787	-2.564574	3199	597	545.307	545.307	545.307
1051	16	0	70.533635	-9.317847	2.287565	3188	594	545.891	545.891	545.891
1052	16	0	70.543837	-8.817951	2.678015	3188	584	546.391	546.391	546.391
1053	16	0	69.931829	-9.016996	-2.231426	3176	588	547.035	547.035	547.035
1054	16	0	69.948923	-9.583494	-2.395555	3176	599	547.602	547.602	547.602
