========================================
覆盖路径点统计信息
========================================
总路径点数: 979

总路径距离: 482.444 米

----------------------------------------
按房间统计
----------------------------------------
房间 5: 979 个点, 距离: 482.444 米

----------------------------------------
按房间+Segment统计
----------------------------------------
房间 5, Segment 0: 979 个点, 距离: 482.444 米

----------------------------------------
详细路径点信息
----------------------------------------
ID	Room	Segment	X(m)	Y(m)	Yaw(rad)	U(px)	V(px)	Acc_Dist	Room_Dist	Seg_Dist
0	5	0	11.000000	53.000000	0.000000	355	1282	0.000	0.000	0.000
1	5	0	10.838875	53.188772	0.321751	352	1278	0.248	0.248	0.248
2	5	0	11.288875	53.338772	-0.218669	361	1275	0.723	0.723	0.723
3	5	0	11.738875	53.238772	-0.558599	370	1277	1.184	1.184	1.184
4	5	0	12.138875	52.988772	-0.110657	378	1282	1.655	1.655	1.655
5	5	0	12.588875	52.938772	-0.000000	387	1283	2.108	2.108	2.108
6	5	0	13.088875	52.938772	-0.000000	397	1283	2.608	2.608	2.608
7	5	0	13.588875	52.938772	-0.000000	407	1283	3.108	3.108	3.108
8	5	0	14.088875	52.938772	-0.000000	417	1283	3.608	3.608	3.608
9	5	0	14.588875	52.938772	-0.000000	427	1283	4.108	4.108	4.108
10	5	0	15.088875	52.938772	0.099669	437	1283	4.608	4.608	4.608
11	5	0	15.588875	52.988772	-0.000000	447	1282	5.110	5.110	5.110
12	5	0	16.088875	52.988772	-0.000000	457	1282	5.610	5.610	5.610
13	5	0	16.588875	52.988772	-0.000000	467	1282	6.110	6.110	6.110
14	5	0	17.088875	52.988772	0.099669	477	1282	6.610	6.610	6.610
15	5	0	17.588875	53.038772	-0.000000	487	1281	7.113	7.113	7.113
16	5	0	18.088875	53.038772	-0.000000	497	1281	7.613	7.613	7.613
17	5	0	18.588875	53.038772	-0.000000	507	1281	8.113	8.113	8.113
18	5	0	19.088875	53.038772	-0.000000	517	1281	8.613	8.613	8.613
19	5	0	19.588875	53.038772	0.110657	527	1281	9.113	9.113	9.113
20	5	0	20.038875	53.088772	0.218669	536	1280	9.566	9.566	9.566
21	5	0	20.488875	53.188772	0.197396	545	1278	10.027	10.027	10.027
22	5	0	20.988875	53.288772	0.463648	555	1276	10.537	10.537	10.537
23	5	0	21.388875	53.488772	-0.000000	563	1272	10.984	10.984	10.984
24	5	0	21.888875	53.488772	0.099669	573	1272	11.484	11.484	11.484
25	5	0	22.388875	53.538772	1.768192	583	1271	11.986	11.986	11.986
26	5	0	22.338875	53.788772	-3.041924	582	1266	12.241	12.241	12.241
27	5	0	21.838875	53.738772	-3.141593	572	1267	12.744	12.744	12.744
28	5	0	21.338875	53.738772	-2.677945	562	1267	13.244	13.244	13.244
29	5	0	20.938875	53.538772	-3.041924	554	1271	13.691	13.691	13.691
30	5	0	20.438875	53.488772	-2.819842	544	1272	14.193	14.193	14.193
31	5	0	19.988875	53.338772	-3.030935	535	1275	14.668	14.668	14.668
32	5	0	19.538875	53.288772	-3.141593	526	1276	15.121	15.121	15.121
33	5	0	19.038875	53.288772	-3.141593	516	1276	15.621	15.621	15.621
34	5	0	18.538875	53.288772	-3.141593	506	1276	16.121	16.121	16.121
35	5	0	18.038875	53.288772	-3.141593	496	1276	16.621	16.621	16.621
36	5	0	17.538875	53.288772	-3.041924	486	1276	17.121	17.121	17.121
37	5	0	17.038875	53.238772	-3.141593	476	1277	17.623	17.623	17.623
38	5	0	16.538875	53.238772	-3.141593	466	1277	18.123	18.123	18.123
39	5	0	16.038875	53.238772	-3.141593	456	1277	18.623	18.623	18.623
40	5	0	15.538875	53.238772	-3.041924	446	1277	19.123	19.123	19.123
41	5	0	15.038875	53.188772	-3.141593	436	1278	19.626	19.626	19.626
42	5	0	14.538875	53.188772	-3.141593	426	1278	20.126	20.126	20.126
43	5	0	14.038875	53.188772	-3.141593	416	1278	20.626	20.626	20.626
44	5	0	13.538875	53.188772	-3.141593	406	1278	21.126	21.126	21.126
45	5	0	13.038875	53.188772	-3.141593	396	1278	21.626	21.626	21.626
46	5	0	12.538875	53.188772	3.030935	386	1278	22.126	22.126	22.126
47	5	0	12.088875	53.238772	2.356194	377	1277	22.578	22.578	22.578
48	5	0	11.738875	53.588772	-3.141593	370	1270	23.073	23.073	23.073
49	5	0	11.238875	53.588772	-2.922924	360	1270	23.573	23.573	23.573
50	5	0	10.788875	53.488772	-2.582993	351	1272	24.034	24.034	24.034
51	5	0	10.388875	53.238772	-3.141593	343	1277	24.506	24.506	24.506
52	5	0	9.888875	53.238772	-3.141593	333	1277	25.006	25.006	25.006
53	5	0	9.388875	53.238772	-3.141593	323	1277	25.506	25.506	25.506
54	5	0	8.888875	53.238772	-3.141593	313	1277	26.006	26.006	26.006
55	5	0	8.388875	53.238772	-3.141593	303	1277	26.506	26.506	26.506
56	5	0	7.888875	53.238772	-3.141593	293	1277	27.006	27.006	27.006
57	5	0	7.388875	53.238772	-3.141593	283	1277	27.506	27.506	27.506
58	5	0	6.888875	53.238772	-3.041924	273	1277	28.006	28.006	28.006
59	5	0	6.388875	53.188772	-3.141593	263	1278	28.508	28.508	28.508
60	5	0	5.938875	53.188772	-3.141593	254	1278	28.958	28.958	28.958
61	5	0	5.438875	53.188772	-3.141593	244	1278	29.458	29.458	29.458
62	5	0	4.938875	53.188772	-3.141593	234	1278	29.958	29.958	29.958
63	5	0	4.438875	53.188772	-3.141593	224	1278	30.458	30.458	30.458
64	5	0	3.938875	53.188772	2.432966	214	1278	30.958	30.958	30.958
65	5	0	3.588875	53.488772	-2.034444	207	1272	31.419	31.419	31.419
66	5	0	3.438875	53.188772	-1.570796	204	1278	31.755	31.755	31.755
67	5	0	3.438875	52.688772	-1.570796	204	1288	32.255	32.255	32.255
68	5	0	3.438875	52.188772	-1.570796	204	1298	32.755	32.755	32.755
69	5	0	3.438875	51.688772	-1.570796	204	1308	33.255	33.255	33.255
70	5	0	3.438875	51.188772	-1.460139	204	1318	33.755	33.755	33.755
71	5	0	3.488875	50.738772	-1.570796	205	1327	34.208	34.208	34.208
72	5	0	3.488875	50.238772	-1.570796	205	1337	34.708	34.708	34.708
73	5	0	3.488875	49.738771	-1.471128	205	1347	35.208	35.208	35.208
74	5	0	3.538875	49.238771	-1.570796	206	1357	35.710	35.710	35.710
75	5	0	3.538875	48.738771	-1.570796	206	1367	36.210	36.210	36.210
76	5	0	3.538875	48.238771	-1.570796	206	1377	36.710	36.710	36.710
77	5	0	3.538875	47.738771	-0.982794	206	1387	37.210	37.210	37.210
78	5	0	3.638875	47.588771	1.352127	208	1390	37.390	37.390	37.390
79	5	0	3.738875	48.038771	1.570796	210	1381	37.851	37.851	37.851
80	5	0	3.738875	48.538771	1.670465	210	1371	38.351	38.351	38.351
81	5	0	3.688875	49.038771	1.570796	209	1361	38.854	38.854	38.854
82	5	0	3.688875	49.538771	1.352127	209	1351	39.354	39.354	39.354
83	5	0	3.788875	49.988772	1.570796	211	1342	39.815	39.815	39.815
84	5	0	3.788875	50.438772	1.789465	211	1333	40.265	40.265	40.265
85	5	0	3.688875	50.888772	1.570796	209	1324	40.726	40.726	40.726
86	5	0	3.688875	51.388772	1.152572	209	1314	41.226	41.226	41.226
87	5	0	3.888875	51.838772	0.110657	213	1305	41.718	41.718	41.718
88	5	0	4.338875	51.888772	-0.000000	222	1304	42.171	42.171	42.171
89	5	0	4.838875	51.888772	-0.099669	232	1304	42.671	42.671	42.671
90	5	0	5.338875	51.838772	0.099669	242	1305	43.174	43.174	43.174
91	5	0	5.838875	51.888772	-0.000000	252	1304	43.676	43.676	43.676
92	5	0	6.338875	51.888772	-0.000000	262	1304	44.176	44.176	44.176
93	5	0	6.838875	51.888772	-0.000000	272	1304	44.676	44.676	44.676
94	5	0	7.338875	51.888772	0.110657	282	1304	45.176	45.176	45.176
95	5	0	7.788875	51.938772	-0.000000	291	1303	45.629	45.629	45.629
96	5	0	8.288875	51.938772	0.099669	301	1303	46.129	46.129	46.129
97	5	0	8.788875	51.988772	-0.000000	311	1302	46.631	46.631	46.631
98	5	0	9.288875	51.988772	-0.000000	321	1302	47.131	47.131	47.131
99	5	0	9.788875	51.988772	-0.000000	331	1302	47.631	47.631	47.631
100	5	0	10.288875	51.988772	-0.000000	341	1302	48.131	48.131	48.131
101	5	0	10.788875	51.988772	-0.099669	351	1302	48.631	48.631	48.631
102	5	0	11.288875	51.938772	-0.950547	361	1303	49.134	49.134	49.134
103	5	0	11.538875	51.588772	-1.570796	366	1310	49.564	49.564	49.564
104	5	0	11.538875	51.088772	-1.570796	366	1320	50.064	50.064	50.064
105	5	0	11.538875	50.588772	-1.670465	366	1330	50.564	50.564	50.564
106	5	0	11.488875	50.088772	-1.570796	365	1340	51.066	51.066	51.066
107	5	0	11.488875	49.588771	-1.570796	365	1350	51.566	51.566	51.566
108	5	0	11.488875	49.088771	-1.570796	365	1360	52.066	52.066	52.066
109	5	0	11.488875	48.588771	-1.570796	365	1370	52.566	52.566	52.566
110	5	0	11.488875	48.088771	-1.570796	365	1380	53.066	53.066	53.066
111	5	0	11.488875	47.588771	-1.570796	365	1390	53.566	53.566	53.566
112	5	0	11.488875	47.088771	-1.570796	365	1400	54.066	54.066	54.066
113	5	0	11.488875	46.588771	-1.352127	365	1410	54.566	54.566	54.566
114	5	0	11.588875	46.138771	-1.471128	367	1419	55.027	55.027	55.027
115	5	0	11.638875	45.638771	-1.518213	368	1429	55.530	55.530	55.530
116	5	0	11.688875	44.688771	-1.989021	369	1448	56.481	56.481	56.481
117	5	0	11.488875	44.238771	-3.030935	365	1457	56.974	56.974	56.974
118	5	0	11.038875	44.188771	-3.041924	356	1458	57.426	57.426	57.426
119	5	0	10.538875	44.138771	-2.265535	346	1459	57.929	57.929	57.929
120	5	0	10.288875	43.838771	-2.819842	341	1465	58.319	58.319	58.319
121	5	0	9.838875	43.688771	-3.141593	332	1468	58.794	58.794	58.794
122	5	0	9.338875	43.688771	-3.141593	322	1468	59.294	59.294	59.294
123	5	0	8.838875	43.688771	2.279423	312	1468	59.794	59.794	59.794
124	5	0	8.538875	44.038771	-3.141593	306	1461	60.255	60.255	60.255
125	5	0	8.038875	44.038771	-3.141593	296	1461	60.755	60.755	60.755
126	5	0	7.538875	44.038771	-3.141593	286	1461	61.255	61.255	61.255
127	5	0	7.038875	44.038771	-3.041924	276	1461	61.755	61.755	61.755
128	5	0	6.538875	43.988771	-3.141593	266	1462	62.257	62.257	62.257
129	5	0	6.038875	43.988771	-3.141593	256	1462	62.757	62.757	62.757
130	5	0	5.538875	43.988771	-3.141593	246	1462	63.257	63.257	63.257
131	5	0	5.038875	43.988771	-3.141593	236	1462	63.757	63.757	63.757
132	5	0	4.538875	43.988771	-3.141593	226	1462	64.257	64.257	64.257
133	5	0	4.038875	43.988771	2.279423	216	1462	64.757	64.757	64.757
134	5	0	3.738875	44.338771	1.570796	210	1455	65.218	65.218	65.218
135	5	0	3.738875	44.838771	1.570796	210	1445	65.718	65.718	65.718
136	5	0	3.738875	45.338771	-1.735945	210	1435	66.218	66.218	66.218
137	5	0	3.588875	44.438771	-1.570796	207	1453	67.131	67.131	67.131
138	5	0	3.588875	43.938771	-1.471128	207	1463	67.631	67.631	67.631
139	5	0	3.638875	43.438771	-1.570796	208	1473	68.133	68.133	68.133
140	5	0	3.638875	42.938771	-0.674741	208	1483	68.633	68.633	68.633
141	5	0	3.888875	42.738771	-0.000000	213	1487	68.953	68.953	68.953
142	5	0	4.388875	42.738771	0.358771	223	1487	69.453	69.453	69.453
143	5	0	4.788875	42.888771	0.418224	231	1484	69.880	69.880	69.880
144	5	0	5.238875	43.088771	0.110657	240	1480	70.373	70.373	70.373
145	5	0	5.688875	43.138771	-0.000000	249	1479	70.826	70.826	70.826
146	5	0	6.188875	43.138771	-0.000000	259	1479	71.326	71.326	71.326
147	5	0	6.688875	43.138771	-0.000000	269	1479	71.826	71.826	71.826
148	5	0	7.188875	43.138771	-0.000000	279	1479	72.326	72.326	72.326
149	5	0	7.688875	43.138771	-0.000000	289	1479	72.826	72.826	72.826
150	5	0	8.188875	43.138771	-0.000000	299	1479	73.326	73.326	73.326
151	5	0	8.688875	43.138771	0.099669	309	1479	73.826	73.826	73.826
152	5	0	9.188875	43.188771	-0.000000	319	1478	74.328	74.328	74.328
153	5	0	9.688875	43.188771	-0.000000	329	1478	74.828	74.828	74.828
154	5	0	10.188875	43.188771	-0.321751	339	1478	75.328	75.328	75.328
155	5	0	10.638875	43.038771	-0.000000	348	1481	75.803	75.803	75.803
156	5	0	11.088875	43.038771	-0.000000	357	1481	76.253	76.253	76.253
157	5	0	11.588875	43.038771	-0.000000	367	1481	76.753	76.753	76.753
158	5	0	12.088875	43.038771	0.785398	377	1481	77.253	77.253	77.253
159	5	0	12.338875	43.288771	0.558599	382	1476	77.606	77.606	77.606
160	5	0	12.738875	43.538771	-0.000000	390	1471	78.078	78.078	78.078
161	5	0	13.238875	43.538771	-0.000000	400	1471	78.578	78.578	78.578
162	5	0	13.738875	43.538771	-0.000000	410	1471	79.078	79.078	79.078
163	5	0	14.238875	43.538771	-0.000000	420	1471	79.578	79.578	79.578
164	5	0	14.738875	43.538771	0.110657	430	1471	80.078	80.078	80.078
165	5	0	15.188875	43.588771	-0.000000	439	1470	80.531	80.531	80.531
166	5	0	15.688875	43.588771	-0.000000	449	1470	81.031	81.031	81.031
167	5	0	16.188875	43.588771	-0.862170	459	1470	81.531	81.531	81.531
168	5	0	16.488875	43.238771	1.107149	465	1477	81.992	81.992	81.992
169	5	0	16.638875	43.538771	0.321751	468	1471	82.327	82.327	82.327
170	5	0	17.088875	43.688771	-0.000000	477	1468	82.801	82.801	82.801
171	5	0	17.588875	43.688771	0.099669	487	1468	83.301	83.301	83.301
172	5	0	18.088875	43.738771	-0.000000	497	1467	83.804	83.804	83.804
173	5	0	18.588875	43.738771	-0.000000	507	1467	84.304	84.304	84.304
174	5	0	19.088875	43.738771	0.099669	517	1467	84.804	84.804	84.804
175	5	0	19.588875	43.788771	-0.000000	527	1466	85.306	85.306	85.306
176	5	0	20.038875	43.788771	0.099669	536	1466	85.756	85.756	85.756
177	5	0	20.538875	43.838771	-0.000000	546	1465	86.259	86.259	86.259
178	5	0	21.038875	43.838771	-0.218669	556	1465	86.759	86.759	86.759
179	5	0	21.488875	43.738771	-1.107149	565	1467	87.220	87.220	87.220
180	5	0	21.688875	43.338771	-0.000000	569	1475	87.667	87.667	87.667
181	5	0	22.188875	43.338771	-0.000000	579	1475	88.167	88.167	88.167
182	5	0	22.638875	43.338771	1.570796	588	1475	88.617	88.617	88.617
183	5	0	22.638875	43.838771	1.471128	588	1465	89.117	89.117	89.117
184	5	0	22.688875	44.338771	1.570796	589	1455	89.619	89.619	89.619
185	5	0	22.688875	44.838771	1.570796	589	1445	90.119	90.119	90.119
186	5	0	22.688875	45.338771	1.570796	589	1435	90.619	90.619	90.619
187	5	0	22.688875	45.838771	1.460139	589	1425	91.119	91.119	91.119
188	5	0	22.738875	46.288771	1.570796	590	1416	91.572	91.572	91.572
189	5	0	22.738875	46.788771	1.570796	590	1406	92.072	92.072	92.072
190	5	0	22.738875	47.288771	1.570796	590	1396	92.572	92.572	92.572
191	5	0	22.738875	47.788771	1.471128	590	1386	93.072	93.072	93.072
192	5	0	22.788875	48.288771	1.570796	591	1376	93.575	93.575	93.575
193	5	0	22.788875	48.788771	1.570796	591	1366	94.075	94.075	94.075
194	5	0	22.788875	49.288771	1.570796	591	1356	94.575	94.575	94.575
195	5	0	22.788875	49.788772	1.460139	591	1346	95.075	95.075	95.075
196	5	0	22.838875	50.238772	1.570796	592	1337	95.527	95.527	95.527
197	5	0	22.838875	50.738772	1.570796	592	1327	96.027	96.027	96.027
198	5	0	22.838875	51.238772	1.570796	592	1317	96.527	96.527	96.527
199	5	0	22.838875	51.738772	1.471128	592	1307	97.027	97.027	97.027
200	5	0	22.888875	52.238772	1.570796	593	1297	97.530	97.530	97.530
201	5	0	22.888875	52.738772	1.570796	593	1287	98.030	98.030	98.030
202	5	0	22.888875	53.238772	1.570796	593	1277	98.530	98.530	98.530
203	5	0	22.888875	53.738772	2.432966	593	1267	99.030	99.030	99.030
204	5	0	22.538875	54.038772	-0.000000	586	1261	99.491	99.491	99.491
205	5	0	23.038875	54.038772	-1.249046	596	1261	99.991	99.991	99.991
206	5	0	23.138875	53.738772	-1.570796	598	1267	100.307	100.307	100.307
207	5	0	23.138875	53.238772	-1.570796	598	1277	100.807	100.807	100.807
208	5	0	23.138875	52.738772	-1.570796	598	1287	101.307	101.307	101.307
209	5	0	23.138875	52.238772	-1.670465	598	1297	101.807	101.807	101.807
210	5	0	23.088875	51.738772	-1.570796	597	1307	102.310	102.310	102.310
211	5	0	23.088875	51.238772	-1.570796	597	1317	102.810	102.810	102.810
212	5	0	23.088875	50.738772	-1.570796	597	1327	103.310	103.310	103.310
213	5	0	23.088875	50.238772	-1.670465	597	1337	103.810	103.810	103.810
214	5	0	23.038875	49.738771	-1.570796	596	1347	104.312	104.312	104.312
215	5	0	23.038875	49.238771	-1.570796	596	1357	104.812	104.812	104.812
216	5	0	23.038875	48.738771	-1.570796	596	1367	105.312	105.312	105.312
217	5	0	23.038875	48.238771	-1.681454	596	1377	105.812	105.812	105.812
218	5	0	22.988875	47.788771	-1.570796	595	1386	106.265	106.265	106.265
219	5	0	22.988875	47.288771	-1.570796	595	1396	106.765	106.765	106.765
220	5	0	22.988875	46.788771	-1.570796	595	1406	107.265	107.265	107.265
221	5	0	22.988875	46.288771	-1.670465	595	1416	107.765	107.765	107.765
222	5	0	22.938875	45.788771	-1.570796	594	1426	108.267	108.267	108.267
223	5	0	22.938875	45.288771	-1.570796	594	1436	108.767	108.767	108.767
224	5	0	22.938875	44.788771	-1.570796	594	1446	109.267	109.267	109.267
225	5	0	22.938875	44.288771	-1.681454	594	1456	109.767	109.767	109.767
226	5	0	22.888875	43.838771	-1.570796	593	1465	110.220	110.220	110.220
227	5	0	22.888875	43.338771	-2.158799	593	1475	110.720	110.720	110.720
228	5	0	22.688875	43.038771	3.041924	589	1481	111.081	111.081	111.081
229	5	0	22.188875	43.088771	-3.141593	579	1480	111.583	111.583	111.583
230	5	0	21.688875	43.088771	2.356194	569	1480	112.083	112.083	112.083
231	5	0	21.438875	43.338771	2.521343	564	1475	112.437	112.437	112.437
232	5	0	21.088875	43.588771	-3.141593	557	1470	112.867	112.867	112.867
233	5	0	20.588875	43.588771	-3.030935	547	1470	113.367	113.367	113.367
234	5	0	20.138875	43.538771	-3.041924	538	1471	113.820	113.820	113.820
235	5	0	19.638875	43.488771	-3.141593	528	1472	114.322	114.322	114.322
236	5	0	19.138875	43.488771	-3.141593	518	1472	114.822	114.822	114.822
237	5	0	18.638875	43.488771	-3.141593	508	1472	115.322	115.322	115.322
238	5	0	18.138875	43.488771	-3.041924	498	1472	115.822	115.822	115.822
239	5	0	17.638875	43.438771	-3.141593	488	1473	116.325	116.325	116.325
240	5	0	17.138875	43.438771	-2.622447	478	1473	116.825	116.825	116.825
241	5	0	16.788875	43.238771	-2.158799	471	1477	117.228	117.228	117.228
242	5	0	16.588875	42.938771	2.736701	467	1483	117.588	117.588	117.588
243	5	0	16.238875	43.088771	2.446854	460	1480	117.969	117.969	117.969
244	5	0	15.938875	43.338771	-3.141593	454	1475	118.360	118.360	118.360
245	5	0	15.438875	43.338771	-3.141593	444	1475	118.860	118.860	118.860
246	5	0	14.988875	43.338771	-3.041924	435	1475	119.310	119.310	119.310
247	5	0	14.488875	43.288771	-3.141593	425	1476	119.812	119.812	119.812
248	5	0	13.988875	43.288771	-3.141593	415	1476	120.312	120.312	120.312
249	5	0	13.488875	43.288771	-3.141593	405	1476	120.812	120.812	120.812
250	5	0	12.988875	43.288771	-2.677945	395	1476	121.312	121.312	121.312
251	5	0	12.588875	43.088771	-2.265535	387	1480	121.759	121.759	121.759
252	5	0	12.338875	42.788771	-3.141593	382	1486	122.150	122.150	122.150
253	5	0	11.838875	42.788771	-3.141593	372	1486	122.650	122.650	122.650
254	5	0	11.338875	42.788771	-3.141593	362	1486	123.150	123.150	123.150
255	5	0	10.888875	42.788771	3.041924	353	1486	123.600	123.600	123.600
256	5	0	10.388875	42.838771	2.922924	343	1485	124.102	124.102	124.102
257	5	0	9.938875	42.938771	-3.141593	334	1483	124.563	124.563	124.563
258	5	0	9.438875	42.938771	-3.030935	324	1483	125.063	125.063	125.063
259	5	0	8.988875	42.888771	-3.141593	315	1484	125.516	125.516	125.516
260	5	0	8.488875	42.888771	-3.141593	305	1484	126.016	126.016	126.016
261	5	0	7.988875	42.888771	-3.141593	295	1484	126.516	126.516	126.516
262	5	0	7.488875	42.888771	-3.141593	285	1484	127.016	127.016	127.016
263	5	0	6.988875	42.888771	-3.141593	275	1484	127.516	127.516	127.516
264	5	0	6.488875	42.888771	-3.141593	265	1484	128.016	128.016	128.016
265	5	0	5.988875	42.888771	-3.141593	255	1484	128.516	128.516	128.516
266	5	0	5.488875	42.888771	-2.819842	245	1484	129.016	129.016	129.016
267	5	0	5.038875	42.738771	-2.582993	236	1487	129.490	129.490	129.490
268	5	0	4.638875	42.488771	-3.141593	228	1492	129.962	129.962	129.962
269	5	0	4.138875	42.488771	-3.041924	218	1492	130.462	130.462	130.462
270	5	0	3.638875	42.438771	2.356194	208	1493	130.965	130.965	130.965
271	5	0	3.388875	42.688771	1.570796	203	1488	131.318	131.318	131.318
272	5	0	3.388875	43.188771	1.570796	203	1478	131.818	131.818	131.818
273	5	0	3.388875	43.688771	1.681454	203	1468	132.318	132.318	132.318
274	5	0	3.338875	44.138771	1.570796	202	1459	132.771	132.771	132.771
275	5	0	3.338875	44.638771	1.352127	202	1449	133.271	133.271	133.271
276	5	0	3.438875	45.088771	1.570796	204	1440	133.732	133.732	133.732
277	5	0	3.438875	45.588771	1.570796	204	1430	134.232	134.232	134.232
278	5	0	3.438875	46.088771	1.570796	204	1420	134.732	134.732	134.732
279	5	0	3.438875	46.588771	1.570796	204	1410	135.232	135.232	135.232
280	5	0	3.438875	47.088771	1.892547	204	1400	135.732	135.732	135.732
281	5	0	3.288875	47.538771	1.570796	201	1391	136.206	136.206	136.206
282	5	0	3.288875	48.038771	1.570796	201	1381	136.706	136.706	136.706
283	5	0	3.288875	48.538771	1.570796	201	1371	137.206	137.206	137.206
284	5	0	3.288875	49.038771	1.681454	201	1361	137.706	137.706	137.706
285	5	0	3.238875	49.488771	1.570796	200	1352	138.159	138.159	138.159
286	5	0	3.238875	49.988772	1.570796	200	1342	138.659	138.659	138.659
287	5	0	3.238875	50.488772	1.570796	200	1332	139.159	139.159	139.159
288	5	0	3.238875	50.988772	1.670465	200	1322	139.659	139.659	139.659
289	5	0	3.188875	51.488772	1.570796	199	1312	140.162	140.162	140.162
290	5	0	3.188875	51.988772	1.570796	199	1302	140.662	140.662	140.662
291	5	0	3.188875	52.488772	1.570796	199	1292	141.162	141.162	141.162
292	5	0	3.188875	52.988772	1.681454	199	1282	141.662	141.662	141.662
293	5	0	3.138875	53.438772	0.982794	198	1273	142.114	142.114	142.114
294	5	0	3.338875	53.738772	-0.000000	202	1267	142.475	142.475	142.475
295	5	0	3.838875	53.738772	-0.876058	212	1267	142.975	142.975	142.975
296	5	0	4.088875	53.438772	-0.000000	217	1273	143.365	143.365	143.365
297	5	0	4.588875	53.438772	-0.000000	227	1273	143.865	143.865	143.865
298	5	0	5.088875	53.438772	-0.000000	237	1273	144.365	144.365	144.365
299	5	0	5.588875	53.438772	-0.000000	247	1273	144.865	144.865	144.865
300	5	0	6.088875	53.438772	0.099669	257	1273	145.365	145.365	145.365
301	5	0	6.588875	53.488772	-0.000000	267	1272	145.868	145.868	145.868
302	5	0	7.088875	53.488772	-0.000000	277	1272	146.368	146.368	146.368
303	5	0	7.588875	53.488772	-0.000000	287	1272	146.868	146.868	146.868
304	5	0	8.088875	53.488772	-0.000000	297	1272	147.368	147.368	147.368
305	5	0	8.588875	53.488772	-0.000000	307	1272	147.868	147.868	147.868
306	5	0	9.088875	53.488772	-0.000000	317	1272	148.368	148.368	148.368
307	5	0	9.588875	53.488772	-0.000000	327	1272	148.868	148.868	148.868
308	5	0	10.088875	53.488772	0.218669	337	1272	149.368	149.368	149.368
309	5	0	10.538875	53.588772	0.694738	346	1270	149.829	149.829	149.829
310	5	0	10.838875	53.838772	-0.000000	352	1265	150.219	150.219	150.219
311	5	0	11.338875	53.838772	0.110657	362	1265	150.719	150.719	150.719
312	5	0	11.788875	53.888772	-0.785398	371	1264	151.172	151.172	151.172
313	5	0	12.138875	53.538772	-0.218669	378	1271	151.667	151.667	151.667
314	5	0	12.588875	53.438772	-0.000000	387	1273	152.128	152.128	152.128
315	5	0	13.088875	53.438772	-0.000000	397	1273	152.628	152.628	152.628
316	5	0	13.588875	53.438772	-0.000000	407	1273	153.128	153.128	153.128
317	5	0	14.088875	53.438772	-0.000000	417	1273	153.628	153.628	153.628
318	5	0	14.538875	53.438772	-0.000000	426	1273	154.078	154.078	154.078
319	5	0	15.038875	53.438772	0.099669	436	1273	154.578	154.578	154.578
320	5	0	15.538875	53.488772	-0.000000	446	1272	155.081	155.081	155.081
321	5	0	16.038875	53.488772	-0.000000	456	1272	155.581	155.581	155.581
322	5	0	16.538875	53.488772	-0.000000	466	1272	156.081	156.081	156.081
323	5	0	17.038875	53.488772	0.110657	476	1272	156.581	156.581	156.581
324	5	0	17.488875	53.538772	-0.000000	485	1271	157.033	157.033	157.033
325	5	0	17.988875	53.538772	-0.000000	495	1271	157.533	157.533	157.533
326	5	0	18.488875	53.538772	-0.000000	505	1271	158.033	158.033	158.033
327	5	0	18.988875	53.538772	0.099669	515	1271	158.533	158.533	158.533
328	5	0	19.488875	53.588772	-0.000000	525	1270	159.036	159.036	159.036
329	5	0	19.988875	53.588772	0.463648	535	1270	159.536	159.536	159.536
330	5	0	20.388875	53.788772	-0.000000	543	1266	159.983	159.983	159.983
331	5	0	20.888875	53.788772	0.519146	553	1266	160.483	160.483	160.483
332	5	0	21.238875	53.988772	-0.000000	560	1262	160.886	160.886	160.886
333	5	0	21.738875	53.988772	0.099669	570	1262	161.386	161.386	161.386
334	5	0	22.238875	54.038772	-3.041924	580	1261	161.889	161.889	161.889
335	5	0	21.738875	53.988772	-3.141593	570	1262	162.391	162.391	162.391
336	5	0	21.238875	53.988772	-2.622447	560	1262	162.891	162.891	162.891
337	5	0	20.888875	53.788772	-1.373401	553	1266	163.294	163.294	163.294
338	5	0	20.938875	53.538772	-3.041924	554	1271	163.549	163.549	163.549
339	5	0	20.438875	53.488772	-1.356736	544	1272	164.052	164.052	164.052
340	5	0	20.688875	52.338772	-0.110657	549	1295	165.229	165.229	165.229
341	5	0	21.138875	52.288772	-0.291457	558	1296	165.681	165.681	165.681
342	5	0	21.638875	52.138772	-1.051650	568	1299	166.203	166.203	166.203
343	5	0	21.838875	51.788772	-1.570796	572	1306	166.606	166.606	166.606
344	5	0	21.838875	51.288772	-1.570796	572	1316	167.106	167.106	167.106
345	5	0	21.838875	50.788772	-1.570796	572	1326	167.606	167.606	167.606
346	5	0	21.838875	50.288772	-1.670465	572	1336	168.106	168.106	168.106
347	5	0	21.788875	49.788772	-1.570796	571	1346	168.609	168.609	168.609
348	5	0	21.788875	49.288771	-1.670465	571	1356	169.109	169.109	169.109
349	5	0	21.738875	48.788771	-1.460139	570	1366	169.611	169.611	169.611
350	5	0	21.788875	48.338771	-1.471128	571	1375	170.064	170.064	170.064
351	5	0	21.838875	47.838771	-1.570796	572	1385	170.567	170.567	170.567
352	5	0	21.838875	47.338771	-1.570796	572	1395	171.067	171.067	171.067
353	5	0	21.838875	46.838771	-1.249046	572	1405	171.567	171.567	171.567
354	5	0	21.988875	46.388771	-1.570796	575	1414	172.041	172.041	172.041
355	5	0	21.988875	45.888771	-1.570796	575	1424	172.541	172.541	172.541
356	5	0	21.988875	45.388771	-1.570796	575	1434	173.041	173.041	173.041
357	5	0	21.988875	44.888771	-1.681454	575	1444	173.541	173.541	173.541
358	5	0	21.938875	44.438771	-2.356194	574	1453	173.994	173.994	173.994
359	5	0	21.588875	44.088771	-1.849096	567	1460	174.489	174.489	174.489
360	5	0	21.488875	43.738771	-1.695151	565	1467	174.853	174.853	174.853
361	5	0	21.438875	43.338771	1.695151	564	1475	175.256	175.256	175.256
362	5	0	21.288875	44.538771	1.107149	561	1451	176.465	176.465	176.465
363	5	0	21.488875	44.938771	1.570796	565	1443	176.912	176.912	176.912
364	5	0	21.488875	45.438771	1.570796	565	1433	177.412	177.412	177.412
365	5	0	21.488875	45.938771	1.815775	565	1423	177.912	177.912	177.912
366	5	0	21.388875	46.338771	1.670465	563	1415	178.325	178.325	178.325
367	5	0	21.338875	46.838771	1.570796	562	1405	178.827	178.827	178.827
368	5	0	21.338875	47.338771	1.570796	562	1395	179.327	179.327	179.327
369	5	0	21.338875	47.838771	1.681454	562	1385	179.827	179.827	179.827
370	5	0	21.288875	48.288771	1.670465	561	1376	180.280	180.280	180.280
371	5	0	21.238875	48.788771	1.471128	560	1366	180.783	180.783	180.783
372	5	0	21.288875	49.288771	1.570796	561	1356	181.285	181.285	181.285
373	5	0	21.288875	49.788772	1.460139	561	1346	181.785	181.785	181.785
374	5	0	21.338875	50.238772	1.570796	562	1337	182.238	182.238	182.238
375	5	0	21.338875	50.738772	1.570796	562	1327	182.738	182.738	182.738
376	5	0	21.338875	51.238772	1.570796	562	1317	183.238	183.238	183.238
377	5	0	21.338875	51.738772	3.041924	562	1307	183.738	183.738	183.738
378	5	0	20.838875	51.788772	3.030935	552	1306	184.240	184.240	184.240
379	5	0	20.388875	51.838772	3.041924	543	1305	184.693	184.693	184.693
380	5	0	19.888875	51.888772	-3.041924	533	1304	185.196	185.196	185.196
381	5	0	19.388875	51.838772	0.099669	523	1305	185.698	185.698	185.698
382	5	0	19.888875	51.888772	-0.099669	533	1304	186.201	186.201	186.201
383	5	0	20.388875	51.838772	-0.110657	543	1305	186.703	186.703	186.703
384	5	0	20.838875	51.788772	-0.099669	552	1306	187.156	187.156	187.156
385	5	0	21.338875	51.738772	-1.570796	562	1307	187.658	187.658	187.658
386	5	0	21.338875	51.238772	-1.570796	562	1317	188.158	188.158	188.158
387	5	0	21.338875	50.738772	-1.570796	562	1327	188.658	188.658	188.658
388	5	0	21.338875	50.238772	-1.681454	562	1337	189.158	189.158	189.158
389	5	0	21.288875	49.788772	-1.570796	561	1346	189.611	189.611	189.611
390	5	0	21.288875	49.288771	-1.670465	561	1356	190.111	190.111	190.111
391	5	0	21.238875	48.788771	-1.471128	560	1366	190.614	190.614	190.614
392	5	0	21.288875	48.288771	-1.460139	561	1376	191.116	191.116	191.116
393	5	0	21.338875	47.838771	-1.570796	562	1385	191.569	191.569	191.569
394	5	0	21.338875	47.338771	-1.570796	562	1395	192.069	192.069	192.069
395	5	0	21.338875	46.838771	-1.471128	562	1405	192.569	192.569	192.569
396	5	0	21.388875	46.338771	-1.325818	563	1415	193.071	193.071	193.071
397	5	0	21.488875	45.938771	-1.570796	565	1423	193.484	193.484	193.484
398	5	0	21.488875	45.438771	-1.570796	565	1433	193.984	193.984	193.984
399	5	0	21.488875	44.938771	-2.034444	565	1443	194.484	194.484	194.484
400	5	0	21.288875	44.538771	-3.141593	561	1451	194.931	194.931	194.931
401	5	0	20.788875	44.538771	-3.141593	551	1451	195.431	195.431	195.431
402	5	0	20.288875	44.538771	-3.030935	541	1451	195.931	195.931	195.931
403	5	0	19.838875	44.488771	-3.141593	532	1452	196.384	196.384	196.384
404	5	0	19.338875	44.488771	-3.141593	522	1452	196.884	196.884	196.884
405	5	0	18.838875	44.488771	-3.141593	512	1452	197.384	197.384	197.384
406	5	0	18.338875	44.488771	-3.141593	502	1452	197.884	197.884	197.884
407	5	0	17.838875	44.488771	-3.041924	492	1452	198.384	198.384	198.384
408	5	0	17.338875	44.438771	-3.141593	482	1453	198.886	198.886	198.886
409	5	0	16.838875	44.438771	-3.141593	472	1453	199.386	199.386	199.386
410	5	0	16.338875	44.438771	-3.141593	462	1453	199.886	199.886	199.886
411	5	0	15.888875	44.438771	-3.141593	453	1453	200.336	200.336	200.336
412	5	0	15.388875	44.438771	-3.141593	443	1453	200.836	200.836	200.836
413	5	0	14.888875	44.438771	-3.141593	433	1453	201.336	201.336	201.336
414	5	0	14.388875	44.438771	-3.141593	423	1453	201.836	201.836	201.836
415	5	0	13.888875	44.438771	-3.030935	413	1453	202.336	202.336	202.336
416	5	0	13.438875	44.388771	-3.141593	404	1454	202.789	202.789	202.789
417	5	0	12.938875	44.388771	-3.141593	394	1454	203.289	203.289	203.289
418	5	0	12.438875	44.388771	2.521343	384	1454	203.789	203.789	203.789
419	5	0	12.088875	44.638771	1.789465	377	1449	204.219	204.219	204.219
420	5	0	11.988875	45.088771	1.570796	375	1440	204.680	204.680	204.680
421	5	0	11.988875	45.588771	1.352127	375	1430	205.180	205.180	205.180
422	5	0	12.088875	46.038771	1.670465	377	1421	205.641	205.641	205.641
423	5	0	12.038875	46.538771	1.570796	376	1411	206.143	206.143	206.143
424	5	0	12.038875	47.038771	1.570796	376	1401	206.643	206.643	206.643
425	5	0	12.038875	47.538771	1.460139	376	1391	207.143	207.143	207.143
426	5	0	12.088875	47.988771	1.570796	377	1382	207.596	207.596	207.596
427	5	0	12.088875	48.488771	1.570796	377	1372	208.096	208.096	208.096
428	5	0	12.088875	48.988771	1.670465	377	1362	208.596	208.596	208.596
429	5	0	12.038875	49.488771	1.570796	376	1352	209.099	209.099	209.099
430	5	0	12.038875	49.988772	1.681454	376	1342	209.599	209.599	209.599
431	5	0	11.988875	50.438772	1.570796	375	1333	210.051	210.051	210.051
432	5	0	11.988875	50.938772	0.785398	375	1323	210.551	210.551	210.551
433	5	0	12.338875	51.288772	0.718830	382	1316	211.046	211.046	211.046
434	5	0	12.738875	51.638772	-0.000000	390	1309	211.578	211.578	211.578
435	5	0	13.238875	51.638772	-0.000000	400	1309	212.078	212.078	212.078
436	5	0	13.738875	51.638772	0.110657	410	1309	212.578	212.578	212.578
437	5	0	14.188875	51.688772	-0.000000	419	1308	213.031	213.031	213.031
438	5	0	14.688875	51.688772	0.099669	429	1308	213.531	213.531	213.531
439	5	0	15.188875	51.738772	-0.000000	439	1307	214.033	214.033	214.033
440	5	0	15.688875	51.738772	-0.000000	449	1307	214.533	214.533	214.533
441	5	0	16.188875	51.738772	-0.000000	459	1307	215.033	215.033	215.033
442	5	0	16.688875	51.738772	0.110657	469	1307	215.533	215.533	215.533
443	5	0	17.138875	51.788772	-0.000000	478	1306	215.986	215.986	215.986
444	5	0	17.638875	51.788772	0.099669	488	1306	216.486	216.486	216.486
445	5	0	18.138875	51.838772	-0.000000	498	1305	216.988	216.988	216.988
446	5	0	18.638875	51.838772	-0.000000	508	1305	217.488	217.488	217.488
447	5	0	19.138875	51.838772	2.245537	518	1305	217.988	217.988	217.988
448	5	0	18.938875	52.088772	-3.141593	514	1300	218.309	218.309	218.309
449	5	0	18.438875	52.088772	-3.141593	504	1300	218.809	218.809	218.809
450	5	0	17.938875	52.088772	-3.030935	494	1300	219.309	219.309	219.309
451	5	0	17.488875	52.038772	-3.141593	485	1301	219.761	219.761	219.761
452	5	0	16.988875	52.038772	-3.041924	475	1301	220.261	220.261	220.261
453	5	0	16.488875	51.988772	-3.141593	465	1302	220.764	220.764	220.764
454	5	0	15.988875	51.988772	-3.141593	455	1302	221.264	221.264	221.264
455	5	0	15.488875	51.988772	-3.141593	445	1302	221.764	221.764	221.764
456	5	0	14.988875	51.988772	-3.030935	435	1302	222.264	222.264	222.264
457	5	0	14.538875	51.938772	-3.141593	426	1303	222.717	222.717	222.717
458	5	0	14.038875	51.938772	-3.041924	416	1303	223.217	223.217	223.217
459	5	0	13.538875	51.888772	-3.141593	406	1304	223.719	223.719	223.719
460	5	0	13.038875	51.888772	-3.041924	396	1304	224.219	224.219	224.219
461	5	0	12.538875	51.838772	-2.356194	386	1305	224.722	224.722	224.722
462	5	0	12.188875	51.488772	-2.356194	379	1312	225.217	225.217	225.217
463	5	0	11.838875	51.138772	-1.789465	372	1319	225.712	225.712	225.712
464	5	0	11.738875	50.688772	-1.570796	370	1328	226.173	226.173	226.173
465	5	0	11.738875	50.188772	-1.471128	370	1338	226.673	226.673	226.673
466	5	0	11.788875	49.688771	-1.570796	371	1348	227.175	227.175	227.175
467	5	0	11.788875	49.188771	-1.460139	371	1358	227.675	227.675	227.675
468	5	0	11.838875	48.738771	-1.570796	372	1367	228.128	228.128	228.128
469	5	0	11.838875	48.238771	-1.570796	372	1377	228.628	228.628	228.628
470	5	0	11.838875	47.738771	-1.670465	372	1387	229.128	229.128	229.128
471	5	0	11.788875	47.238771	-1.570796	371	1397	229.630	229.630	229.630
472	5	0	11.788875	46.738771	-1.460139	371	1407	230.130	230.130	230.130
473	5	0	11.838875	46.288771	-1.768192	372	1416	230.583	230.583	230.583
474	5	0	11.738875	45.788771	-1.570796	370	1426	231.093	231.093	231.093
475	5	0	11.738875	45.288771	-1.460139	370	1436	231.593	231.593	231.593
476	5	0	11.788875	44.838771	-1.460139	371	1445	232.046	232.046	232.046
477	5	0	11.838875	44.388771	-0.507099	372	1454	232.499	232.499	232.499
478	5	0	12.288875	44.138771	-0.000000	381	1459	233.013	233.013	233.013
479	5	0	12.788875	44.138771	-0.000000	391	1459	233.513	233.513	233.513
480	5	0	13.288875	44.138771	-0.000000	401	1459	234.013	234.013	234.013
481	5	0	13.788875	44.138771	0.110657	411	1459	234.513	234.513	234.513
482	5	0	14.238875	44.188771	-0.000000	420	1458	234.966	234.966	234.966
483	5	0	14.738875	44.188771	-0.000000	430	1458	235.466	235.466	235.466
484	5	0	15.238875	44.188771	-0.000000	440	1458	235.966	235.966	235.966
485	5	0	15.738875	44.188771	-0.000000	450	1458	236.466	236.466	236.466
486	5	0	16.238875	44.188771	-0.000000	460	1458	236.966	236.966	236.966
487	5	0	16.738875	44.188771	-0.000000	470	1458	237.466	237.466	237.466
488	5	0	17.238875	44.188771	0.099669	480	1458	237.966	237.966	237.966
489	5	0	17.738875	44.238771	-0.000000	490	1457	238.469	238.469	238.469
490	5	0	18.238875	44.238771	-0.000000	500	1457	238.969	238.969	238.969
491	5	0	18.738875	44.238771	-0.000000	510	1457	239.469	239.469	239.469
492	5	0	19.238875	44.238771	-0.000000	520	1457	239.969	239.969	239.969
493	5	0	19.738875	44.238771	0.110657	530	1457	240.469	240.469	240.469
494	5	0	20.188875	44.288771	-0.000000	539	1456	240.921	240.921	240.921
495	5	0	20.688875	44.288771	-0.000000	549	1456	241.421	241.421	241.421
496	5	0	21.188875	44.288771	0.321751	559	1456	241.921	241.921	241.921
497	5	0	21.638875	44.438771	1.352127	568	1453	242.396	242.396	242.396
498	5	0	21.738875	44.888771	1.570796	570	1444	242.857	242.857	242.857
499	5	0	21.738875	45.388771	1.570796	570	1434	243.357	243.357	243.357
500	5	0	21.738875	45.888771	1.570796	570	1424	243.857	243.857	243.857
501	5	0	21.738875	46.388771	1.892547	570	1414	244.357	244.357	244.357
502	5	0	21.588875	46.838771	1.570796	567	1405	244.831	244.831	244.831
503	5	0	21.588875	47.338771	1.570796	567	1395	245.331	245.331	245.331
504	5	0	21.588875	47.838771	1.670465	567	1385	245.831	245.831	245.831
505	5	0	21.538875	48.338771	1.681454	566	1375	246.334	246.334	246.334
506	5	0	21.488875	48.788771	1.471128	565	1366	246.786	246.786	246.786
507	5	0	21.538875	49.288771	1.570796	566	1356	247.289	247.289	247.289
508	5	0	21.538875	49.788772	1.460139	566	1346	247.789	247.789	247.789
509	5	0	21.588875	50.238772	1.570796	567	1337	248.242	248.242	248.242
510	5	0	21.588875	50.738772	1.570796	567	1327	248.742	248.742	248.742
511	5	0	21.588875	51.238772	1.570796	567	1317	249.242	249.242	249.242
512	5	0	21.588875	51.738772	2.432966	567	1307	249.742	249.742	249.742
513	5	0	21.238875	52.038772	-3.141593	560	1301	250.203	250.203	250.203
514	5	0	20.738875	52.038772	2.922924	550	1301	250.703	250.703	250.703
515	5	0	20.288875	52.138772	-3.141593	541	1299	251.163	251.163	251.163
516	5	0	19.788875	52.138772	-3.041924	531	1299	251.663	251.663	251.663
517	5	0	19.288875	52.088772	-2.111216	521	1300	252.166	252.166	252.166
518	5	0	19.138875	51.838772	-3.141593	518	1305	252.458	252.458	252.458
519	5	0	18.638875	51.838772	-3.141593	508	1305	252.958	252.958	252.958
520	5	0	18.138875	51.838772	-3.041924	498	1305	253.458	253.458	253.458
521	5	0	17.638875	51.788772	-3.141593	488	1306	253.960	253.960	253.960
522	5	0	17.138875	51.788772	-3.030935	478	1306	254.460	254.460	254.460
523	5	0	16.688875	51.738772	-3.141593	469	1307	254.913	254.913	254.913
524	5	0	16.188875	51.738772	-3.141593	459	1307	255.413	255.413	255.413
525	5	0	15.688875	51.738772	-3.141593	449	1307	255.913	255.913	255.913
526	5	0	15.188875	51.738772	-3.041924	439	1307	256.413	256.413	256.413
527	5	0	14.688875	51.688772	-3.141593	429	1308	256.915	256.915	256.915
528	5	0	14.188875	51.688772	-3.030935	419	1308	257.415	257.415	257.415
529	5	0	13.738875	51.638772	-3.141593	410	1309	257.868	257.868	257.868
530	5	0	13.238875	51.638772	-3.141593	400	1309	258.368	258.368	258.368
531	5	0	12.738875	51.638772	2.356194	390	1309	258.868	258.868	258.868
532	5	0	12.538875	51.838772	-2.356194	386	1305	259.151	259.151	259.151
533	5	0	12.188875	51.488772	3.030935	379	1312	259.646	259.646	259.646
534	5	0	11.288875	51.588772	2.819842	361	1310	260.551	260.551	260.551
535	5	0	10.838875	51.738772	-3.141593	352	1307	261.026	261.026	261.026
536	5	0	10.338875	51.738772	-3.141593	342	1307	261.526	261.526	261.526
537	5	0	9.838875	51.738772	-3.141593	332	1307	262.026	262.026	262.026
538	5	0	9.338875	51.738772	-3.041924	322	1307	262.526	262.526	262.526
539	5	0	8.838875	51.688772	0.099669	312	1308	263.028	263.028	263.028
540	5	0	9.338875	51.738772	-0.000000	322	1307	263.531	263.531	263.531
541	5	0	9.838875	51.738772	-0.000000	332	1307	264.031	264.031	264.031
542	5	0	10.338875	51.738772	-0.000000	342	1307	264.531	264.531	264.531
543	5	0	10.838875	51.738772	-0.321751	352	1307	265.031	265.031	265.031
544	5	0	11.288875	51.588772	-1.570796	361	1310	265.505	265.505	265.505
545	5	0	11.288875	51.088772	-1.570796	361	1320	266.005	266.005	266.005
546	5	0	11.288875	50.588772	-1.681454	361	1330	266.505	266.505	266.505
547	5	0	11.238875	50.138772	-1.570796	360	1339	266.958	266.958	266.958
548	5	0	11.238875	49.638771	-1.570796	360	1349	267.458	267.458	267.458
549	5	0	11.238875	49.138771	-1.570796	360	1359	267.958	267.958	267.958
550	5	0	11.238875	48.638771	-1.570796	360	1369	268.458	268.458	268.458
551	5	0	11.238875	48.138771	-1.570796	360	1379	268.958	268.958	268.958
552	5	0	11.238875	47.638771	-1.570796	360	1389	269.458	269.458	269.458
553	5	0	11.238875	47.138771	-1.570796	360	1399	269.958	269.958	269.958
554	5	0	11.238875	46.638771	-1.373401	360	1409	270.458	270.458	270.458
555	5	0	11.338875	46.138771	-1.460139	362	1419	270.968	270.968	270.968
556	5	0	11.388875	45.688771	-1.471128	363	1428	271.421	271.421	271.421
557	5	0	11.438875	45.188771	-1.570796	364	1438	271.923	271.923	271.923
558	5	0	11.438875	44.688771	-2.446854	364	1448	272.423	272.423	272.423
559	5	0	11.138875	44.438771	-3.041924	358	1453	272.814	272.814	272.814
560	5	0	10.638875	44.388771	-3.030935	348	1454	273.316	273.316	273.316
561	5	0	10.188875	44.338771	-2.034444	339	1455	273.769	273.769	273.769
562	5	0	9.988875	43.938771	-3.141593	335	1463	274.216	274.216	274.216
563	5	0	9.488875	43.938771	-3.141593	325	1463	274.716	274.716	274.716
564	5	0	8.988875	43.938771	2.191046	315	1463	275.216	275.216	275.216
565	5	0	8.738875	44.288771	-3.141593	310	1456	275.646	275.646	275.646
566	5	0	8.238875	44.288771	-3.141593	300	1456	276.146	276.146	276.146
567	5	0	7.738875	44.288771	-3.141593	290	1456	276.646	276.646	276.646
568	5	0	7.238875	44.288771	-3.030935	280	1456	277.146	277.146	277.146
569	5	0	6.788875	44.238771	-3.141593	271	1457	277.599	277.599	277.599
570	5	0	6.288875	44.238771	-3.141593	261	1457	278.099	278.099	278.099
571	5	0	5.788875	44.238771	-3.141593	251	1457	278.599	278.599	278.599
572	5	0	5.288875	44.238771	-3.141593	241	1457	279.099	279.099	279.099
573	5	0	4.788875	44.238771	-3.141593	231	1457	279.599	279.599	279.599
574	5	0	4.288875	44.238771	2.446854	221	1457	280.099	280.099	280.099
575	5	0	3.988875	44.488771	1.570796	215	1452	280.489	280.489	280.489
576	5	0	3.988875	44.988771	1.570796	215	1442	280.989	280.989	280.989
577	5	0	3.988875	45.488771	1.892547	215	1432	281.489	281.489	281.489
578	5	0	3.838875	45.938771	1.570796	212	1423	281.964	281.964	281.964
579	5	0	3.838875	46.438771	1.471128	212	1413	282.464	282.464	282.464
580	5	0	3.888875	46.938771	1.570796	213	1403	282.966	282.966	282.966
581	5	0	3.888875	47.438771	1.352127	213	1393	283.466	283.466	283.466
582	5	0	3.988875	47.888771	1.570796	215	1384	283.927	283.927	283.927
583	5	0	3.988875	48.388771	1.681454	215	1374	284.427	284.427	284.427
584	5	0	3.938875	48.838771	1.570796	214	1365	284.880	284.880	284.880
585	5	0	3.938875	49.338771	1.373401	214	1355	285.380	285.380	285.380
586	5	0	4.038875	49.838772	1.460139	216	1345	285.890	285.890	285.890
587	5	0	4.088875	50.288772	1.789465	217	1336	286.343	286.343	286.343
588	5	0	3.988875	50.738772	1.670465	215	1327	286.804	286.804	286.804
589	5	0	3.938875	51.238772	1.107149	214	1317	287.306	287.306	287.306
590	5	0	4.138875	51.638772	-0.000000	218	1309	287.753	287.753	287.753
591	5	0	4.588875	51.638772	-0.000000	227	1309	288.203	288.203	288.203
592	5	0	5.088875	51.638772	-0.099669	237	1309	288.703	288.703	288.703
593	5	0	5.588875	51.588772	0.110657	247	1310	289.206	289.206	289.206
594	5	0	6.038875	51.638772	-0.000000	256	1309	289.659	289.659	289.659
595	5	0	6.538875	51.638772	-0.000000	266	1309	290.159	290.159	290.159
596	5	0	7.038875	51.638772	-0.000000	276	1309	290.659	290.659	290.659
597	5	0	7.538875	51.638772	0.099669	286	1309	291.159	291.159	291.159
598	5	0	8.038875	51.688772	-0.000000	296	1308	291.661	291.661	291.661
599	5	0	8.538875	51.688772	-3.141593	306	1308	292.161	292.161	292.161
600	5	0	8.038875	51.688772	-3.041924	296	1308	292.661	292.661	292.661
601	5	0	7.538875	51.638772	-3.141593	286	1309	293.164	293.164	293.164
602	5	0	7.038875	51.638772	-3.141593	276	1309	293.664	293.664	293.664
603	5	0	6.538875	51.638772	-3.141593	266	1309	294.164	294.164	294.164
604	5	0	6.038875	51.638772	-3.030935	256	1309	294.664	294.664	294.664
605	5	0	5.588875	51.588772	3.041924	247	1310	295.116	295.116	295.116
606	5	0	5.088875	51.638772	-3.141593	237	1309	295.619	295.619	295.619
607	5	0	4.588875	51.638772	-3.141593	227	1309	296.119	296.119	296.119
608	5	0	4.138875	51.638772	-2.034444	218	1309	296.569	296.569	296.569
609	5	0	3.938875	51.238772	-1.471128	214	1317	297.016	297.016	297.016
610	5	0	3.988875	50.738772	-1.352127	215	1327	297.519	297.519	297.519
611	5	0	4.088875	50.288772	-1.681454	217	1336	297.980	297.980	297.980
612	5	0	4.038875	49.838772	-1.768192	216	1345	298.432	298.432	298.432
613	5	0	3.938875	49.338771	-1.570796	214	1355	298.942	298.942	298.942
614	5	0	3.938875	48.838771	-1.460139	214	1365	299.442	299.442	299.442
615	5	0	3.988875	48.388771	-1.570796	215	1374	299.895	299.895	299.895
616	5	0	3.988875	47.888771	-1.789465	215	1384	300.395	300.395	300.395
617	5	0	3.888875	47.438771	-1.570796	213	1393	300.856	300.856	300.856
618	5	0	3.888875	46.938771	-1.670465	213	1403	301.356	301.356	301.356
619	5	0	3.838875	46.438771	-1.570796	212	1413	301.858	301.858	301.858
620	5	0	3.838875	45.938771	-1.249046	212	1423	302.358	302.358	302.358
621	5	0	3.988875	45.488771	-1.570796	215	1432	302.833	302.833	302.833
622	5	0	3.988875	44.988771	-1.570796	215	1442	303.333	303.333	303.333
623	5	0	3.988875	44.488771	-1.249046	215	1452	303.833	303.833	303.833
624	5	0	4.238875	43.738771	-2.863293	220	1467	304.623	304.623	304.623
625	5	0	3.888875	43.638771	-1.570796	213	1469	304.987	304.987	304.987
626	5	0	3.888875	43.138771	-0.404892	213	1479	305.487	305.487	305.487
627	5	0	4.238875	42.988771	0.321751	220	1482	305.868	305.868	305.868
628	5	0	4.688875	43.138771	0.463648	229	1479	306.343	306.343	306.343
629	5	0	5.088875	43.338771	0.110657	237	1475	306.790	306.790	306.790
630	5	0	5.538875	43.388771	-0.000000	246	1474	307.242	307.242	307.242
631	5	0	6.038875	43.388771	-0.000000	256	1474	307.742	307.742	307.742
632	5	0	6.538875	43.388771	-0.000000	266	1474	308.242	308.242	308.242
633	5	0	7.038875	43.388771	-0.000000	276	1474	308.742	308.742	308.742
634	5	0	7.538875	43.388771	-0.000000	286	1474	309.242	309.242	309.242
635	5	0	8.038875	43.388771	-0.000000	296	1474	309.742	309.742	309.742
636	5	0	8.538875	43.388771	-0.024995	306	1474	310.242	310.242	310.242
637	5	0	10.538875	43.338771	-0.110657	346	1475	312.243	312.243	312.243
638	5	0	10.988875	43.288771	-0.000000	355	1476	312.696	312.696	312.696
639	5	0	11.488875	43.288771	-0.000000	365	1476	313.196	313.196	313.196
640	5	0	11.988875	43.288771	0.785398	375	1476	313.696	313.696	313.696
641	5	0	12.288875	43.588771	0.418224	381	1470	314.120	314.120	314.120
642	5	0	12.738875	43.788771	-0.000000	390	1466	314.613	314.613	314.613
643	5	0	13.238875	43.788771	-0.000000	400	1466	315.113	315.113	315.113
644	5	0	13.738875	43.788771	-0.000000	410	1466	315.613	315.613	315.613
645	5	0	14.238875	43.788771	-0.000000	420	1466	316.113	316.113	316.113
646	5	0	14.738875	43.788771	0.110657	430	1466	316.613	316.613	316.613
647	5	0	15.188875	43.838771	-0.000000	439	1465	317.065	317.065	317.065
648	5	0	15.688875	43.838771	-0.000000	449	1465	317.565	317.565	317.565
649	5	0	16.188875	43.838771	-0.000000	459	1465	318.065	318.065	318.065
650	5	0	16.588875	43.838771	0.197396	467	1465	318.465	318.465	318.465
651	5	0	17.088875	43.938771	-0.000000	477	1463	318.975	318.975	318.975
652	5	0	17.588875	43.938771	0.110657	487	1463	319.475	319.475	319.475
653	5	0	18.038875	43.988771	-0.000000	496	1462	319.928	319.928	319.928
654	5	0	18.538875	43.988771	-0.000000	506	1462	320.428	320.428	320.428
655	5	0	19.038875	43.988771	-0.000000	516	1462	320.928	320.928	320.928
656	5	0	19.438875	43.988771	-3.116598	524	1462	321.328	321.328	321.328
657	5	0	17.438875	43.938771	-3.141593	484	1463	323.329	323.329	323.329
658	5	0	16.938875	43.938771	-3.141593	474	1463	323.829	323.829	323.829
659	5	0	16.438875	43.938771	-3.141593	464	1463	324.329	324.329	324.329
660	5	0	15.938875	43.938771	-3.141593	454	1463	324.829	324.829	324.829
661	5	0	15.438875	43.938771	-3.141593	444	1463	325.329	325.329	325.329
662	5	0	14.938875	43.938771	-3.141593	434	1463	325.829	325.829	325.829
663	5	0	14.438875	43.938771	-3.030935	424	1463	326.329	326.329	326.329
664	5	0	13.988875	43.888771	-3.141593	415	1464	326.781	326.781	326.781
665	5	0	13.488875	43.888771	-3.141593	405	1464	327.281	327.281	327.281
666	5	0	12.988875	43.888771	-3.141593	395	1464	327.781	327.781	327.781
667	5	0	12.488875	43.888771	3.041924	385	1464	328.281	328.281	328.281
668	5	0	11.988875	43.938771	-0.099669	375	1463	328.784	328.784	328.784
669	5	0	12.488875	43.888771	-0.000000	385	1464	329.286	329.286	329.286
670	5	0	12.988875	43.888771	-0.000000	395	1464	329.786	329.786	329.786
671	5	0	13.488875	43.888771	-0.000000	405	1464	330.286	330.286	330.286
672	5	0	13.988875	43.888771	0.110657	415	1464	330.786	330.786	330.786
673	5	0	14.438875	43.938771	-0.000000	424	1463	331.239	331.239	331.239
674	5	0	14.938875	43.938771	-0.000000	434	1463	331.739	331.739	331.739
675	5	0	15.438875	43.938771	-0.000000	444	1463	332.239	332.239	332.239
676	5	0	15.938875	43.938771	-0.000000	454	1463	332.739	332.739	332.739
677	5	0	16.438875	43.938771	-0.000000	464	1463	333.239	333.239	333.239
678	5	0	16.938875	43.938771	-0.000000	474	1463	333.739	333.739	333.739
679	5	0	17.438875	43.938771	0.024995	484	1463	334.239	334.239	334.239
680	5	0	19.438875	43.988771	-3.141593	524	1462	336.240	336.240	336.240
681	5	0	19.038875	43.988771	-3.141593	516	1462	336.640	336.640	336.640
682	5	0	18.538875	43.988771	-3.141593	506	1462	337.140	337.140	337.140
683	5	0	18.038875	43.988771	-3.030935	496	1462	337.640	337.640	337.640
684	5	0	17.588875	43.938771	-3.141593	487	1463	338.093	338.093	338.093
685	5	0	17.088875	43.938771	-2.944197	477	1463	338.593	338.593	338.593
686	5	0	16.588875	43.838771	-3.141593	467	1465	339.102	339.102	339.102
687	5	0	16.188875	43.838771	-3.141593	459	1465	339.502	339.502	339.502
688	5	0	15.688875	43.838771	-3.141593	449	1465	340.002	340.002	340.002
689	5	0	15.188875	43.838771	-3.030935	439	1465	340.502	340.502	340.502
690	5	0	14.738875	43.788771	-3.141593	430	1466	340.955	340.955	340.955
691	5	0	14.238875	43.788771	-3.141593	420	1466	341.455	341.455	341.455
692	5	0	13.738875	43.788771	-3.141593	410	1466	341.955	341.955	341.955
693	5	0	13.238875	43.788771	-3.141593	400	1466	342.455	342.455	342.455
694	5	0	12.738875	43.788771	-2.723368	390	1466	342.955	342.955	342.955
695	5	0	12.288875	43.588771	-2.356194	381	1470	343.448	343.448	343.448
696	5	0	11.988875	43.288771	-3.141593	375	1476	343.872	343.872	343.872
697	5	0	11.488875	43.288771	-3.141593	365	1476	344.372	344.372	344.372
698	5	0	10.988875	43.288771	3.030935	355	1476	344.872	344.872	344.872
699	5	0	10.538875	43.338771	3.116598	346	1475	345.325	345.325	345.325
700	5	0	8.538875	43.388771	-3.141593	306	1474	347.325	347.325	347.325
701	5	0	8.038875	43.388771	-3.141593	296	1474	347.825	347.825	347.825
702	5	0	7.538875	43.388771	-3.141593	286	1474	348.325	348.325	348.325
703	5	0	7.038875	43.388771	-3.141593	276	1474	348.825	348.825	348.825
704	5	0	6.538875	43.388771	-3.141593	266	1474	349.325	349.325	349.325
705	5	0	6.038875	43.388771	-3.141593	256	1474	349.825	349.825	349.825
706	5	0	5.538875	43.388771	-3.030935	246	1474	350.325	350.325	350.325
707	5	0	5.088875	43.338771	-2.677945	237	1475	350.778	350.778	350.778
708	5	0	4.688875	43.138771	-2.819842	229	1479	351.225	351.225	351.225
709	5	0	4.238875	42.988771	2.736701	220	1482	351.700	351.700	351.700
710	5	0	3.888875	43.138771	1.570796	213	1479	352.080	352.080	352.080
711	5	0	3.888875	43.638771	0.278300	213	1469	352.580	352.580	352.580
712	5	0	4.238875	43.738771	-0.000000	220	1467	352.944	352.944	352.944
713	5	0	4.738875	43.738771	-0.000000	230	1467	353.444	353.444	353.444
714	5	0	5.238875	43.738771	-0.000000	240	1467	353.944	353.944	353.944
715	5	0	5.738875	43.738771	-0.000000	250	1467	354.444	354.444	354.444
716	5	0	6.238875	43.738771	-0.000000	260	1467	354.944	354.944	354.944
717	5	0	6.738875	43.738771	0.110657	270	1467	355.444	355.444	355.444
718	5	0	7.188875	43.788771	-0.000000	279	1466	355.897	355.897	355.897
719	5	0	7.688875	43.788771	-0.000000	289	1466	356.397	356.397	356.397
720	5	0	8.188875	43.788771	-0.463648	299	1466	356.897	356.897	356.897
721	5	0	8.588875	43.588771	-0.321751	307	1470	357.344	357.344	357.344
722	5	0	9.038875	43.438771	-0.000000	316	1473	357.819	357.819	357.819
723	5	0	9.538875	43.438771	-0.000000	326	1473	358.319	358.319	358.319
724	5	0	10.038875	43.438771	0.463648	336	1473	358.819	358.819	358.819
725	5	0	10.438875	43.638771	0.620249	344	1469	359.266	359.266	359.266
726	5	0	10.788875	43.888771	0.099669	351	1464	359.696	359.696	359.696
727	5	0	11.288875	43.938771	0.418224	361	1463	360.199	360.199	360.199
728	5	0	11.738875	44.138771	2.070143	370	1459	360.691	360.691	360.691
729	5	0	11.438875	44.688771	0.404892	364	1448	361.318	361.318	361.318
730	5	0	11.788875	44.838771	0.896055	371	1445	361.698	361.698	361.698
731	5	0	11.988875	45.088771	-1.352127	375	1440	362.018	362.018	362.018
732	5	0	12.088875	44.638771	-0.620249	377	1449	362.479	362.479	362.479
733	5	0	12.438875	44.388771	-0.000000	384	1454	362.910	362.910	362.910
734	5	0	12.938875	44.388771	-0.000000	394	1454	363.410	363.410	363.410
735	5	0	13.438875	44.388771	0.110657	404	1454	363.910	363.910	363.910
736	5	0	13.888875	44.438771	-0.000000	413	1453	364.362	364.362	364.362
737	5	0	14.388875	44.438771	-0.000000	423	1453	364.862	364.862	364.862
738	5	0	14.888875	44.438771	-0.000000	433	1453	365.362	365.362	365.362
739	5	0	15.388875	44.438771	-0.000000	443	1453	365.862	365.862	365.862
740	5	0	15.888875	44.438771	-0.000000	453	1453	366.362	366.362	366.362
741	5	0	16.338875	44.438771	-0.000000	462	1453	366.812	366.812	366.812
742	5	0	16.838875	44.438771	-0.000000	472	1453	367.312	367.312	367.312
743	5	0	17.338875	44.438771	0.099669	482	1453	367.812	367.812	367.812
744	5	0	17.838875	44.488771	-0.000000	492	1452	368.315	368.315	368.315
745	5	0	18.338875	44.488771	-0.000000	502	1452	368.815	368.815	368.815
746	5	0	18.838875	44.488771	-0.000000	512	1452	369.315	369.315	369.315
747	5	0	19.338875	44.488771	-0.000000	522	1452	369.815	369.815	369.815
748	5	0	19.838875	44.488771	-1.264917	532	1452	370.315	370.315	370.315
749	5	0	20.138875	43.538771	0.110657	538	1471	371.311	371.311	371.311
750	5	0	20.588875	43.588771	1.768192	547	1470	371.764	371.764	371.764
751	5	0	20.538875	43.838771	-0.000000	546	1465	372.019	372.019	372.019
752	5	0	21.038875	43.838771	-0.218669	556	1465	372.519	372.519	372.519
753	5	0	21.488875	43.738771	0.165149	565	1467	372.980	372.980	372.980
754	5	0	21.788875	43.788771	2.158799	571	1466	373.284	373.284	373.284
755	5	0	21.588875	44.088771	0.785398	567	1460	373.644	373.644	373.644
756	5	0	21.938875	44.438771	1.460139	574	1453	374.139	374.139	374.139
757	5	0	21.988875	44.888771	1.570796	575	1444	374.592	374.592	374.592
758	5	0	21.988875	45.388771	1.570796	575	1434	375.092	375.092	375.092
759	5	0	21.988875	45.888771	1.570796	575	1424	375.592	375.592	375.592
760	5	0	21.988875	46.388771	1.892547	575	1414	376.092	376.092	376.092
761	5	0	21.838875	46.838771	1.570796	572	1405	376.567	376.567	376.567
762	5	0	21.838875	47.338771	1.570796	572	1395	377.067	377.067	377.067
763	5	0	21.838875	47.838771	1.670465	572	1385	377.567	377.567	377.567
764	5	0	21.788875	48.338771	1.681454	571	1375	378.069	378.069	378.069
765	5	0	21.738875	48.788771	1.471128	570	1366	378.522	378.522	378.522
766	5	0	21.788875	49.288771	1.570796	571	1356	379.024	379.024	379.024
767	5	0	21.788875	49.788772	1.471128	571	1346	379.524	379.524	379.524
768	5	0	21.838875	50.288772	1.570796	572	1336	380.027	380.027	380.027
769	5	0	21.838875	50.788772	1.570796	572	1326	380.527	380.527	380.527
770	5	0	21.838875	51.288772	1.570796	572	1316	381.027	381.027	381.027
771	5	0	21.838875	51.788772	2.089942	572	1306	381.527	381.527	381.527
772	5	0	21.638875	52.138772	2.850136	568	1299	381.930	381.930	381.930
773	5	0	21.138875	52.288772	3.030935	558	1296	382.452	382.452	382.452
774	5	0	20.688875	52.338772	1.784857	549	1295	382.905	382.905	382.905
775	5	0	20.438875	53.488772	0.099669	544	1272	384.082	384.082	384.082
776	5	0	20.938875	53.538772	0.463648	554	1271	384.584	384.584	384.584
777	5	0	21.338875	53.738772	-0.000000	562	1267	385.031	385.031	385.031
778	5	0	21.838875	53.738772	-1.373401	572	1267	385.531	385.531	385.531
779	5	0	21.888875	53.488772	0.099669	573	1272	385.786	385.786	385.786
780	5	0	22.388875	53.538772	-1.570796	583	1271	386.289	386.289	386.289
781	5	0	22.388875	53.288772	-3.041924	583	1276	386.539	386.539	386.539
782	5	0	21.888875	53.238772	-3.141593	573	1277	387.041	387.041	387.041
783	5	0	21.388875	53.238772	-2.677945	563	1277	387.541	387.541	387.541
784	5	0	20.988875	53.038772	-2.850136	555	1281	387.988	387.988	387.988
785	5	0	20.488875	52.888772	-3.030935	545	1284	388.510	388.510	388.510
786	5	0	20.038875	52.838772	-3.030935	536	1285	388.963	388.963	388.963
787	5	0	19.588875	52.788772	-3.141593	527	1286	389.416	389.416	389.416
788	5	0	19.088875	52.788772	-3.141593	517	1286	389.916	389.916	389.916
789	5	0	18.588875	52.788772	-3.141593	507	1286	390.416	390.416	390.416
790	5	0	18.088875	52.788772	-3.141593	497	1286	390.916	390.916	390.916
791	5	0	17.588875	52.788772	-3.041924	487	1286	391.416	391.416	391.416
792	5	0	17.088875	52.738772	-3.141593	477	1287	391.918	391.918	391.918
793	5	0	16.588875	52.738772	-3.141593	467	1287	392.418	392.418	392.418
794	5	0	16.088875	52.738772	-3.141593	457	1287	392.918	392.918	392.918
795	5	0	15.588875	52.738772	-3.041924	447	1287	393.418	393.418	393.418
796	5	0	15.088875	52.688772	-3.141593	437	1288	393.921	393.921	393.921
797	5	0	14.588875	52.688772	-3.141593	427	1288	394.421	394.421	394.421
798	5	0	14.088875	52.688772	-3.141593	417	1288	394.921	394.921	394.921
799	5	0	13.588875	52.688772	-3.141593	407	1288	395.421	395.421	395.421
800	5	0	13.088875	52.688772	-3.141593	397	1288	395.921	395.921	395.921
801	5	0	12.588875	52.688772	3.030935	387	1288	396.421	396.421	396.421
802	5	0	12.138875	52.738772	2.723368	378	1287	396.874	396.874	396.874
803	5	0	11.688875	52.938772	2.782822	369	1283	397.366	397.366	397.366
804	5	0	11.288875	53.088772	-2.723368	361	1280	397.793	397.793	397.793
805	5	0	10.838875	52.888772	-2.782822	352	1284	398.286	398.286	398.286
806	5	0	10.438875	52.738772	-3.141593	344	1287	398.713	398.713	398.713
807	5	0	9.938875	52.738772	-3.141593	334	1287	399.213	399.213	399.213
808	5	0	9.438875	52.738772	-3.141593	324	1287	399.713	399.713	399.713
809	5	0	8.938875	52.738772	-3.141593	314	1287	400.213	400.213	400.213
810	5	0	8.438875	52.738772	-3.141593	304	1287	400.713	400.713	400.713
811	5	0	7.938875	52.738772	-3.141593	294	1287	401.213	401.213	401.213
812	5	0	7.438875	52.738772	-3.141593	284	1287	401.713	401.713	401.713
813	5	0	6.938875	52.738772	-3.041924	274	1287	402.213	402.213	402.213
814	5	0	6.438875	52.688772	-3.141593	264	1288	402.716	402.716	402.716
815	5	0	5.938875	52.688772	-3.141593	254	1288	403.216	403.216	403.216
816	5	0	5.438875	52.688772	-3.141593	244	1288	403.716	403.716	403.716
817	5	0	4.938875	52.688772	-3.141593	234	1288	404.216	404.216	404.216
818	5	0	4.438875	52.688772	-3.141593	224	1288	404.716	404.716	404.716
819	5	0	3.938875	52.688772	-1.249046	214	1288	405.216	405.216	405.216
820	5	0	4.038875	52.388772	-0.000000	216	1294	405.532	405.532	405.532
821	5	0	4.538875	52.388772	-0.000000	226	1294	406.032	406.032	406.032
822	5	0	5.038875	52.388772	-0.000000	236	1294	406.532	406.532	406.532
823	5	0	5.538875	52.388772	-0.000000	246	1294	407.032	407.032	407.032
824	5	0	6.038875	52.388772	-0.000000	256	1294	407.532	407.532	407.532
825	5	0	6.538875	52.388772	-0.000000	266	1294	408.032	408.032	408.032
826	5	0	7.038875	52.388772	-0.000000	276	1294	408.532	408.532	408.532
827	5	0	7.538875	52.388772	0.110657	286	1294	409.032	409.032	409.032
828	5	0	7.988875	52.438772	-0.000000	295	1293	409.485	409.485	409.485
829	5	0	8.488875	52.438772	0.099669	305	1293	409.985	409.985	409.985
830	5	0	8.988875	52.488772	-0.000000	315	1292	410.487	410.487	410.487
831	5	0	9.488875	52.488772	-0.000000	325	1292	410.987	410.987	410.987
832	5	0	9.988875	52.488772	-0.000000	335	1292	411.487	411.487	411.487
833	5	0	10.488875	52.488772	-0.000000	345	1292	411.987	411.987	411.987
834	5	0	10.988875	52.488772	-0.110657	355	1292	412.487	412.487	412.487
835	5	0	11.438875	52.438772	-0.718830	364	1293	412.940	412.940	412.940
836	5	0	11.838875	52.088772	0.165149	372	1300	413.471	413.471	413.471
837	5	0	12.138875	52.138772	0.558599	378	1299	413.775	413.775	413.775
838	5	0	12.538875	52.388772	-0.000000	386	1294	414.247	414.247	414.247
839	5	0	13.038875	52.388772	-0.000000	396	1294	414.747	414.747	414.747
840	5	0	13.538875	52.388772	0.099669	406	1294	415.247	415.247	415.247
841	5	0	14.038875	52.438772	-0.000000	416	1293	415.750	415.750	415.750
842	5	0	14.538875	52.438772	0.110657	426	1293	416.250	416.250	416.250
843	5	0	14.988875	52.488772	-0.000000	435	1292	416.702	416.702	416.702
844	5	0	15.488875	52.488772	-0.000000	445	1292	417.202	417.202	417.202
845	5	0	15.988875	52.488772	-0.000000	455	1292	417.702	417.702	417.702
846	5	0	16.488875	52.488772	0.099669	465	1292	418.202	418.202	418.202
847	5	0	16.988875	52.538772	-0.000000	475	1291	418.705	418.705	418.705
848	5	0	17.488875	52.538772	0.110657	485	1291	419.205	419.205	419.205
849	5	0	17.938875	52.588772	-0.000000	494	1290	419.658	419.658	419.658
850	5	0	18.438875	52.588772	-0.000000	504	1290	420.158	420.158	420.158
851	5	0	18.938875	52.588772	0.099669	514	1290	420.658	420.658	420.658
852	5	0	19.438875	52.638772	-0.000000	524	1289	421.160	421.160	421.160
853	5	0	19.938875	52.638772	-0.110657	534	1289	421.660	421.660	421.660
854	5	0	20.388875	52.588772	-0.099669	543	1290	422.113	422.113	422.113
855	5	0	20.888875	52.538772	-0.000000	553	1291	422.615	422.615	422.615
856	5	0	21.388875	52.538772	-0.463648	563	1291	423.115	423.115	423.115
857	5	0	21.788875	52.338772	-1.012197	571	1295	423.563	423.563	423.563
858	5	0	22.038875	51.938772	-1.471128	576	1303	424.034	424.034	424.034
859	5	0	22.088875	51.438772	-1.570796	577	1313	424.537	424.537	424.537
860	5	0	22.088875	50.938772	-1.570796	577	1323	425.037	425.037	425.037
861	5	0	22.088875	50.438772	-1.670465	577	1333	425.537	425.537	425.537
862	5	0	22.038875	49.938772	-1.570796	576	1343	426.039	426.039	426.039
863	5	0	22.038875	49.438771	-1.570796	576	1353	426.539	426.539	426.539
864	5	0	22.038875	48.938771	-1.570796	576	1363	427.039	427.039	427.039
865	5	0	22.038875	48.488771	-1.460139	576	1372	427.489	427.489	427.489
866	5	0	22.088875	48.038771	-1.570796	577	1381	427.942	427.942	427.942
867	5	0	22.088875	47.538771	-1.570796	577	1391	428.442	428.442	428.442
868	5	0	22.088875	47.038771	-1.352127	577	1401	428.942	428.942	428.942
869	5	0	22.188875	46.588771	-1.471128	579	1410	429.403	429.403	429.403
870	5	0	22.238875	46.088771	1.570796	580	1420	429.906	429.906	429.906
871	5	0	22.238875	47.088771	1.570796	580	1400	430.906	430.906	430.906
872	5	0	22.238875	47.588771	1.471128	580	1390	431.406	431.406	431.406
873	5	0	22.288875	48.088771	1.570796	581	1380	431.908	431.908	431.908
874	5	0	22.288875	48.588771	1.570796	581	1370	432.408	432.408	432.408
875	5	0	22.288875	49.088771	1.570796	581	1360	432.908	432.908	432.908
876	5	0	22.288875	49.588771	1.460139	581	1350	433.408	433.408	433.408
877	5	0	22.338875	50.038772	1.570796	582	1341	433.861	433.861	433.861
878	5	0	22.338875	50.538772	1.570796	582	1331	434.361	434.361	434.361
879	5	0	22.338875	51.038772	1.570796	582	1321	434.861	434.861	434.861
880	5	0	22.338875	51.538772	1.471128	582	1311	435.361	435.361	435.361
881	5	0	22.388875	52.038772	1.570796	583	1301	435.863	435.863	435.863
882	5	0	22.388875	52.538772	1.570796	583	1291	436.363	436.363	436.363
883	5	0	22.388875	53.038772	0.674741	583	1281	436.863	436.863	436.863
884	5	0	22.638875	53.238772	-1.570796	588	1277	437.183	437.183	437.183
885	5	0	22.638875	52.738772	-1.570796	588	1287	437.683	437.683	437.683
886	5	0	22.638875	52.238772	-1.670465	588	1297	438.183	438.183	438.183
887	5	0	22.588875	51.738772	-1.570796	587	1307	438.686	438.686	438.686
888	5	0	22.588875	51.238772	-1.570796	587	1317	439.186	439.186	439.186
889	5	0	22.588875	50.738772	-1.570796	587	1327	439.686	439.686	439.686
890	5	0	22.588875	50.238772	-1.681454	587	1337	440.186	440.186	440.186
891	5	0	22.538875	49.788772	-1.570796	586	1346	440.639	440.639	440.639
892	5	0	22.538875	49.288771	-1.570796	586	1356	441.139	441.139	441.139
893	5	0	22.538875	48.788771	-1.570796	586	1366	441.639	441.639	441.639
894	5	0	22.538875	48.288771	-1.670465	586	1376	442.139	442.139	442.139
895	5	0	22.488875	47.788771	-1.570796	585	1386	442.641	442.641	442.641
896	5	0	22.488875	47.288771	-1.570796	585	1396	443.141	443.141	443.141
897	5	0	22.488875	46.788771	-1.570796	585	1406	443.641	443.641	443.641
898	5	0	22.488875	46.288771	-1.670465	585	1416	444.141	444.141	444.141
899	5	0	22.438875	45.788771	-1.570796	584	1426	444.644	444.644	444.644
900	5	0	22.438875	45.288771	-1.570796	584	1436	445.144	445.144	445.144
901	5	0	22.438875	44.788771	-1.570796	584	1446	445.644	445.644	445.644
902	5	0	22.438875	44.288771	-1.681454	584	1456	446.144	446.144	446.144
903	5	0	22.388875	43.838771	-2.356194	583	1465	446.596	446.596	446.596
904	5	0	22.138875	43.588771	2.622447	578	1470	446.950	446.950	446.950
905	5	0	21.788875	43.788771	2.158799	571	1466	447.353	447.353	447.353
906	5	0	21.588875	44.088771	0.785398	567	1460	447.714	447.714	447.714
907	5	0	21.938875	44.438771	1.460139	574	1453	448.209	448.209	448.209
908	5	0	21.988875	44.888771	1.570796	575	1444	448.661	448.661	448.661
909	5	0	21.988875	45.388771	1.570796	575	1434	449.161	449.161	449.161
910	5	0	21.988875	45.888771	1.570796	575	1424	449.661	449.661	449.661
911	5	0	21.988875	46.388771	1.892547	575	1414	450.161	450.161	450.161
912	5	0	21.838875	46.838771	1.570796	572	1405	450.636	450.636	450.636
913	5	0	21.838875	47.338771	1.570796	572	1395	451.136	451.136	451.136
914	5	0	21.838875	47.838771	1.670465	572	1385	451.636	451.636	451.636
915	5	0	21.788875	48.338771	1.681454	571	1375	452.138	452.138	452.138
916	5	0	21.738875	48.788771	1.471128	570	1366	452.591	452.591	452.591
917	5	0	21.788875	49.288771	1.570796	571	1356	453.094	453.094	453.094
918	5	0	21.788875	49.788772	1.471128	571	1346	453.594	453.594	453.594
919	5	0	21.838875	50.288772	1.570796	572	1336	454.096	454.096	454.096
920	5	0	21.838875	50.788772	1.570796	572	1326	454.596	454.596	454.596
921	5	0	21.838875	51.288772	1.570796	572	1316	455.096	455.096	455.096
922	5	0	21.838875	51.788772	2.089942	572	1306	455.596	455.596	455.596
923	5	0	21.638875	52.138772	2.850136	568	1299	455.999	455.999	455.999
924	5	0	21.138875	52.288772	3.030935	558	1296	456.521	456.521	456.521
925	5	0	20.688875	52.338772	3.041924	549	1295	456.974	456.974	456.974
926	5	0	20.188875	52.388772	-3.141593	539	1294	457.476	457.476	457.476
927	5	0	19.688875	52.388772	-3.030935	529	1294	457.976	457.976	457.976
928	5	0	19.238875	52.338772	-3.141593	520	1295	458.429	458.429	458.429
929	5	0	18.738875	52.338772	-3.141593	510	1295	458.929	458.929	458.929
930	5	0	18.238875	52.338772	-3.141593	500	1295	459.429	459.429	459.429
931	5	0	17.738875	52.338772	-3.041924	490	1295	459.929	459.929	459.929
932	5	0	17.238875	52.288772	-3.141593	480	1296	460.432	460.432	460.432
933	5	0	16.738875	52.288772	-3.041924	470	1296	460.932	460.932	460.932
934	5	0	16.238875	52.238772	-3.141593	460	1297	461.434	461.434	461.434
935	5	0	15.738875	52.238772	-3.141593	450	1297	461.934	461.934	461.934
936	5	0	15.238875	52.238772	-3.030935	440	1297	462.434	462.434	462.434
937	5	0	14.788875	52.188772	-3.141593	431	1298	462.887	462.887	462.887
938	5	0	14.288875	52.188772	-3.141593	421	1298	463.387	463.387	463.387
939	5	0	13.788875	52.188772	-3.041924	411	1298	463.887	463.887	463.887
940	5	0	13.288875	52.138772	-3.141593	401	1299	464.389	464.389	464.389
941	5	0	12.788875	52.138772	-2.819842	391	1299	464.889	464.889	464.889
942	5	0	12.338875	51.988772	-2.356194	382	1302	465.364	465.364	465.364
943	5	0	11.988875	51.638772	-3.141593	375	1309	465.859	465.859	465.859
944	5	0	11.788875	51.638772	2.129396	371	1309	466.059	466.059	466.059
945	5	0	11.538875	52.038772	2.677945	366	1301	466.530	466.530	466.530
946	5	0	11.138875	52.238772	-3.141593	358	1297	466.978	466.978	466.978
947	5	0	10.638875	52.238772	-3.141593	348	1297	467.478	467.478	467.478
948	5	0	10.138875	52.238772	-3.141593	338	1297	467.978	467.978	467.978
949	5	0	9.638875	52.238772	-3.141593	328	1297	468.478	468.478	468.478
950	5	0	9.138875	52.238772	-3.041924	318	1297	468.978	468.978	468.978
951	5	0	8.638875	52.188772	-3.141593	308	1298	469.480	469.480	469.480
952	5	0	8.138875	52.188772	-3.030935	298	1298	469.980	469.980	469.980
953	5	0	7.688875	52.138772	-3.141593	289	1299	470.433	470.433	470.433
954	5	0	7.188875	52.138772	-3.141593	279	1299	470.933	470.933	470.933
955	5	0	6.688875	52.138772	-3.141593	269	1299	471.433	471.433	471.433
956	5	0	6.188875	52.138772	-3.141593	259	1299	471.933	471.933	471.933
957	5	0	5.688875	52.138772	-3.141593	249	1299	472.433	472.433	472.433
958	5	0	5.188875	52.138772	-3.141593	239	1299	472.933	472.933	472.933
959	5	0	4.688875	52.138772	-3.141593	229	1299	473.433	473.433	473.433
960	5	0	4.188875	52.138772	-2.922924	219	1299	473.933	473.933	473.933
961	5	0	3.738875	52.038772	1.712693	210	1301	474.394	474.394	474.394
962	5	0	3.688875	52.388772	1.570796	209	1294	474.747	474.747	474.747
963	5	0	3.688875	52.888772	0.197396	209	1284	475.247	475.247	475.247
964	5	0	3.938875	52.938772	-0.000000	214	1283	475.502	475.502	475.502
965	5	0	4.438875	52.938772	-0.000000	224	1283	476.002	476.002	476.002
966	5	0	4.938875	52.938772	-0.000000	234	1283	476.502	476.502	476.502
967	5	0	5.438875	52.938772	-0.000000	244	1283	477.002	477.002	477.002
968	5	0	5.938875	52.938772	-0.000000	254	1283	477.502	477.502	477.502
969	5	0	6.438875	52.938772	0.099669	264	1283	478.002	478.002	478.002
970	5	0	6.938875	52.988772	-0.000000	274	1282	478.505	478.505	478.505
971	5	0	7.438875	52.988772	-0.000000	284	1282	479.005	479.005	479.005
972	5	0	7.938875	52.988772	-0.000000	294	1282	479.505	479.505	479.505
973	5	0	8.438875	52.988772	-0.000000	304	1282	480.005	480.005	480.005
974	5	0	8.938875	52.988772	-0.000000	314	1282	480.505	480.505	480.505
975	5	0	9.438875	52.988772	-0.000000	324	1282	481.005	481.005	481.005
976	5	0	9.938875	52.988772	-0.000000	334	1282	481.505	481.505	481.505
977	5	0	10.438875	52.988772	-0.000000	344	1282	482.005	482.005	482.005
978	5	0	10.000000	53.000000	0.000000	335	1282	482.444	482.444	482.444
