========================================
覆盖路径点统计信息
========================================
总路径点数: 1211

总路径距离: 788.283 米

----------------------------------------
按房间统计
----------------------------------------
房间 4: 1211 个点, 距离: 788.283 米

----------------------------------------
按房间+Segment统计
----------------------------------------
房间 4, Segment 0: 1211 个点, 距离: 788.283 米

----------------------------------------
详细路径点信息
----------------------------------------
ID	Room	Segment	X(m)	Y(m)	Yaw(rad)	U(px)	V(px)	Acc_Dist	Room_Dist	Seg_Dist
0	4	0	45.188875	53.088772	-0.000000	1039	1280	0.000	0.000	0.000
1	4	0	45.788875	53.088772	-0.000000	1051	1280	0.600	0.600	0.600
2	4	0	46.388875	53.088772	-0.000000	1063	1280	1.200	1.200	1.200
3	4	0	46.988875	53.088772	-0.000000	1075	1280	1.800	1.800	1.800
4	4	0	47.588875	53.088772	0.083141	1087	1280	2.400	2.400	2.400
5	4	0	48.188875	53.138772	-0.000000	1099	1279	3.002	3.002	3.002
6	4	0	48.788875	53.138772	-0.000000	1111	1279	3.602	3.602	3.602
7	4	0	49.388875	53.138772	-0.000000	1123	1279	4.202	4.202	4.202
8	4	0	49.988875	53.138772	-0.000000	1135	1279	4.802	4.802	4.802
9	4	0	50.588875	53.138772	-0.000000	1147	1279	5.402	5.402	5.402
10	4	0	51.188875	53.138772	-0.000000	1159	1279	6.002	6.002	6.002
11	4	0	51.788876	53.138772	-0.000000	1171	1279	6.602	6.602	6.602
12	4	0	52.388876	53.138772	-0.000000	1183	1279	7.202	7.202	7.202
13	4	0	52.988876	53.138772	-0.000000	1195	1279	7.802	7.802	7.802
14	4	0	53.588876	53.138772	0.090660	1207	1279	8.402	8.402	8.402
15	4	0	54.138876	53.188772	-0.000000	1218	1278	8.954	8.954	8.954
16	4	0	54.738876	53.188772	-0.000000	1230	1278	9.554	9.554	9.554
17	4	0	55.338876	53.188772	-0.000000	1242	1278	10.154	10.154	10.154
18	4	0	55.938876	53.188772	-0.950547	1254	1278	10.754	10.754	10.754
19	4	0	56.188876	52.838772	-1.837048	1259	1285	11.184	11.184	11.184
20	4	0	56.038876	52.288772	-1.570796	1256	1296	11.755	11.755	11.755
21	4	0	56.038876	51.688772	-1.373401	1256	1308	12.355	12.355	12.355
22	4	0	56.138876	51.188772	-1.653938	1258	1318	12.864	12.864	12.864
23	4	0	56.088876	50.588772	-1.304544	1257	1330	13.467	13.467	13.467
24	4	0	56.238876	50.038772	-1.951303	1260	1341	14.037	14.037	14.037
25	4	0	56.038876	49.538771	-1.487655	1256	1351	14.575	14.575	14.575
26	4	0	56.088876	48.938771	-1.653938	1257	1363	15.177	15.177	15.177
27	4	0	56.038876	48.338771	-1.570796	1256	1375	15.779	15.779	15.779
28	4	0	56.038876	47.738771	-1.570796	1256	1387	16.379	16.379	16.379
29	4	0	56.038876	47.138771	-1.152572	1256	1399	16.979	16.979	16.979
30	4	0	56.238876	46.688771	-1.480136	1260	1408	17.472	17.472	17.472
31	4	0	56.288876	46.138771	-1.735945	1261	1419	18.024	18.024	18.024
32	4	0	56.188876	45.538771	-1.750650	1259	1431	18.632	18.632	18.632
33	4	0	56.088876	44.988771	-1.661456	1257	1442	19.191	19.191	19.191
34	4	0	56.038876	44.438771	-1.653938	1256	1453	19.744	19.744	19.744
35	4	0	55.988876	43.838771	-1.570796	1255	1465	20.346	20.346	20.346
36	4	0	55.988876	43.288771	-0.851966	1255	1476	20.896	20.896	20.896
37	4	0	56.338876	42.888771	-1.570796	1262	1484	21.427	21.427	21.427
38	4	0	56.338876	42.288771	-1.570796	1262	1496	22.027	22.027	22.027
39	4	0	56.338876	41.688771	-1.570796	1262	1508	22.627	22.627	22.627
40	4	0	56.338876	41.088771	-1.570796	1262	1520	23.227	23.227	23.227
41	4	0	56.338876	40.488771	-1.570796	1262	1532	23.827	23.827	23.827
42	4	0	56.338876	39.888771	-1.570796	1262	1544	24.427	24.427	24.427
43	4	0	56.338876	39.288771	-1.487655	1262	1556	25.027	25.027	25.027
44	4	0	56.388876	38.688771	-1.570796	1263	1568	25.629	25.629	25.629
45	4	0	56.388876	38.088771	-1.570796	1263	1580	26.229	26.229	26.229
46	4	0	56.388876	37.488771	-1.570796	1263	1592	26.829	26.829	26.829
47	4	0	56.388876	36.888771	-1.570796	1263	1604	27.429	27.429	27.429
48	4	0	56.388876	36.288771	-1.570796	1263	1616	28.029	28.029	28.029
49	4	0	56.388876	35.688771	-1.661456	1263	1628	28.629	28.629	28.629
50	4	0	56.338876	35.138771	-1.570796	1262	1639	29.182	29.182	29.182
51	4	0	56.338876	34.538771	-1.570796	1262	1651	29.782	29.782	29.782
52	4	0	56.338876	33.938771	-1.570796	1262	1663	30.382	30.382	30.382
53	4	0	56.338876	33.338771	-1.570796	1262	1675	30.982	30.982	30.982
54	4	0	56.338876	32.738771	-1.570796	1262	1687	31.582	31.582	31.582
55	4	0	56.338876	32.138771	-1.570796	1262	1699	32.182	32.182	32.182
56	4	0	56.338876	31.538771	-1.405648	1262	1711	32.782	32.782	32.782
57	4	0	56.438876	30.938771	-1.661456	1264	1723	33.390	33.390	33.390
58	4	0	56.388876	30.388771	-1.487655	1263	1734	33.942	33.942	33.942
59	4	0	56.438876	29.788771	-1.661456	1264	1746	34.544	34.544	34.544
60	4	0	56.388876	29.238771	-1.405648	1263	1757	35.096	35.096	35.096
61	4	0	56.488876	28.638771	-1.884417	1265	1769	35.705	35.705	35.705
62	4	0	54.688876	23.088771	-1.487655	1229	1880	41.539	41.539	41.539
63	4	0	54.738876	22.488771	-1.653938	1230	1892	42.141	42.141	42.141
64	4	0	54.688876	21.888771	-1.653938	1229	1904	42.743	42.743	42.743
65	4	0	54.638876	21.288771	-1.661456	1228	1916	43.346	43.346	43.346
66	4	0	54.588876	20.738771	-1.570796	1227	1927	43.898	43.898	43.898
67	4	0	54.588876	20.138771	-1.919567	1227	1939	44.498	44.498	44.498
68	4	0	54.388876	19.588771	-2.634494	1223	1950	45.083	45.083	45.083
69	4	0	53.938876	19.338771	-3.141593	1214	1955	45.598	45.598	45.598
70	4	0	53.338876	19.338771	-3.141593	1202	1955	46.198	46.198	46.198
71	4	0	52.738876	19.338771	-3.141593	1190	1955	46.798	46.798	46.798
72	4	0	52.138876	19.338771	-3.141593	1178	1955	47.398	47.398	47.398
73	4	0	51.538875	19.338771	-3.141593	1166	1955	47.998	47.998	47.998
74	4	0	50.938875	19.338771	-3.141593	1154	1955	48.598	48.598	48.598
75	4	0	50.338875	19.338771	-3.058451	1142	1955	49.198	49.198	49.198
76	4	0	49.738875	19.288771	-3.141593	1130	1956	49.800	49.800	49.800
77	4	0	49.138875	19.288771	-3.141593	1118	1956	50.400	50.400	50.400
78	4	0	48.538875	19.288771	-3.141593	1106	1956	51.000	51.000	51.000
79	4	0	47.938875	19.288771	2.850136	1094	1956	51.600	51.600	51.600
80	4	0	47.438875	19.438771	2.111216	1084	1953	52.122	52.122	52.122
81	4	0	47.138875	19.938771	1.570796	1078	1943	52.705	52.705	52.705
82	4	0	47.138875	20.538771	1.653938	1078	1931	53.305	53.305	53.305
83	4	0	47.088875	21.138771	1.570796	1077	1919	53.907	53.907	53.907
84	4	0	47.088875	21.738771	1.480136	1077	1907	54.507	54.507	54.507
85	4	0	47.138875	22.288771	1.390943	1078	1896	55.059	55.059	55.059
86	4	0	47.238875	22.838771	1.460139	1080	1885	55.618	55.618	55.618
87	4	0	47.288875	23.288771	1.919567	1081	1876	56.071	56.071	56.071
88	4	0	47.088875	23.838771	1.570796	1077	1865	56.656	56.656	56.656
89	4	0	47.088875	24.438771	1.570796	1077	1853	57.256	57.256	57.256
90	4	0	47.088875	25.038771	1.653938	1077	1841	57.856	57.856	57.856
91	4	0	47.038875	25.638771	1.570796	1076	1829	58.458	58.458	58.458
92	4	0	47.038875	26.188771	1.487655	1076	1818	59.008	59.008	59.008
93	4	0	47.088875	26.788771	1.570796	1077	1806	59.611	59.611	59.611
94	4	0	47.088875	27.388771	1.304544	1077	1794	60.211	60.211	60.211
95	4	0	47.238875	27.938771	0.588003	1080	1783	60.781	60.781	60.781
96	4	0	47.688875	28.238771	-0.000000	1089	1777	61.321	61.321	61.321
97	4	0	48.288875	28.238771	-0.000000	1101	1777	61.921	61.921	61.921
98	4	0	48.888875	28.238771	-0.083141	1113	1777	62.521	62.521	62.521
99	4	0	49.488875	28.188771	0.090660	1125	1778	63.124	63.124	63.124
100	4	0	50.038875	28.238771	0.358771	1136	1777	63.676	63.676	63.676
101	4	0	50.438875	28.388771	2.432966	1144	1774	64.103	64.103	64.103
102	4	0	50.088875	28.688771	-2.422763	1137	1768	64.564	64.564	64.564
103	4	0	49.688875	28.338771	2.956245	1129	1775	65.095	65.095	65.095
104	4	0	48.088875	28.638771	2.761086	1097	1769	66.723	66.723	66.723
105	4	0	47.588875	28.838771	2.297439	1087	1765	67.262	67.262	67.262
106	4	0	47.188875	29.288771	1.750650	1079	1756	67.864	67.864	67.864
107	4	0	47.088875	29.838771	1.487655	1077	1745	68.423	68.423	68.423
108	4	0	47.138875	30.438771	1.681454	1078	1733	69.025	69.025	69.025
109	4	0	47.088875	30.888771	1.570796	1077	1724	69.478	69.478	69.478
110	4	0	47.088875	31.488771	1.570796	1077	1712	70.078	70.078	70.078
111	4	0	47.088875	32.088771	1.570796	1077	1700	70.678	70.678	70.678
112	4	0	47.088875	32.688771	1.570796	1077	1688	71.278	71.278	71.278
113	4	0	47.088875	33.288771	1.570796	1077	1676	71.878	71.878	71.878
114	4	0	47.088875	33.888771	1.653938	1077	1664	72.478	72.478	72.478
115	4	0	47.038875	34.488771	1.304544	1076	1652	73.080	73.080	73.080
116	4	0	47.188875	35.038771	0.844154	1079	1641	73.650	73.650	73.650
117	4	0	47.588875	35.488771	0.197396	1087	1632	74.252	74.252	74.252
118	4	0	48.088875	35.588771	0.083141	1097	1630	74.762	74.762	74.762
119	4	0	48.688875	35.638771	0.083141	1109	1629	75.364	75.364	75.364
120	4	0	49.288875	35.688771	0.718830	1121	1628	75.966	75.966	75.966
121	4	0	49.688875	36.038771	0.083141	1129	1621	76.498	76.498	76.498
122	4	0	50.288875	36.088771	-0.090660	1141	1620	77.100	77.100	77.100
123	4	0	50.838875	36.038771	0.463648	1152	1621	77.652	77.652	77.652
124	4	0	51.338875	36.288771	-0.000000	1162	1616	78.211	78.211	78.211
125	4	0	51.938876	36.288771	-0.540420	1174	1616	78.811	78.811	78.811
126	4	0	52.438876	35.988771	-0.643501	1184	1622	79.394	79.394	79.394
127	4	0	52.838876	35.688771	-0.083141	1192	1628	79.894	79.894	79.894
128	4	0	53.438876	35.638771	-0.266252	1204	1629	80.496	80.496	80.496
129	4	0	53.988876	35.488771	-0.785398	1215	1632	81.066	81.066	81.066
130	4	0	54.388876	35.088771	-1.390943	1223	1640	81.632	81.632	81.632
131	4	0	54.488876	34.538771	-1.570796	1225	1651	82.191	82.191	82.191
132	4	0	54.488876	33.938771	-1.570796	1225	1663	82.791	82.791	82.791
133	4	0	54.488876	33.338771	-1.570796	1225	1675	83.391	83.391	83.391
134	4	0	54.488876	32.738771	-1.570796	1225	1687	83.991	83.991	83.991
135	4	0	54.488876	32.138771	-1.570796	1225	1699	84.591	84.591	84.591
136	4	0	54.488876	31.538771	-1.837048	1225	1711	85.191	85.191	85.191
137	4	0	54.338876	30.988771	-2.279423	1222	1722	85.761	85.761	85.761
138	4	0	54.038876	30.638771	-1.653938	1216	1729	86.222	86.222	86.222
139	4	0	53.988876	30.038771	-2.158799	1215	1741	86.824	86.824	86.824
140	4	0	53.688876	29.588771	-2.129396	1209	1750	87.365	87.365	87.365
141	4	0	53.438876	29.188771	-2.158799	1204	1758	87.837	87.837	87.837
142	4	0	53.138876	28.738771	-1.012197	1198	1767	88.377	88.377	88.377
143	4	0	53.388876	28.338771	-0.083141	1203	1775	88.849	88.849	88.849
144	4	0	53.988876	28.288771	-0.661043	1215	1776	89.451	89.451	89.451
145	4	0	54.438876	27.938771	-1.390943	1224	1783	90.021	90.021	90.021
146	4	0	54.538876	27.388771	-1.570796	1226	1794	90.580	90.580	90.580
147	4	0	54.538876	26.788771	-1.570796	1226	1806	91.180	91.180	91.180
148	4	0	54.538876	26.188771	-1.570796	1226	1818	91.780	91.780	91.780
149	4	0	54.538876	25.588771	-1.570796	1226	1830	92.380	92.380	92.380
150	4	0	54.538876	24.988771	-1.487655	1226	1842	92.980	92.980	92.980
151	4	0	54.588876	24.388771	-1.570796	1227	1854	93.582	93.582	93.582
152	4	0	54.588876	23.788771	-1.789465	1227	1866	94.182	94.182	94.182
153	4	0	54.488876	23.338771	1.284175	1225	1875	94.643	94.643	94.643
154	4	0	55.888876	28.088771	-1.570796	1253	1780	99.595	99.595	99.595
155	4	0	55.888876	27.488771	-1.653938	1253	1792	100.195	100.195	100.195
156	4	0	55.838876	26.888771	-1.570796	1252	1804	100.798	100.798	100.798
157	4	0	55.838876	26.288771	-1.570796	1252	1816	101.398	101.398	101.398
158	4	0	55.838876	25.738771	-1.735945	1252	1827	101.948	101.948	101.948
159	4	0	55.738876	25.138771	-1.661456	1250	1839	102.556	102.556	102.556
160	4	0	55.688876	24.588771	-1.570796	1249	1850	103.108	103.108	103.108
161	4	0	55.688876	23.988771	-1.405648	1249	1862	103.708	103.708	103.708
162	4	0	55.788876	23.388771	-1.661456	1251	1874	104.316	104.316	104.316
163	4	0	55.738876	22.838771	-1.570796	1250	1885	104.869	104.869	104.869
164	4	0	55.738876	22.238771	-1.570796	1250	1897	105.469	105.469	105.469
165	4	0	55.738876	21.638771	-1.570796	1250	1909	106.069	106.069	106.069
166	4	0	55.738876	21.038771	-1.653938	1250	1921	106.669	106.669	106.669
167	4	0	55.688876	20.438771	-1.570796	1249	1933	107.271	107.271	107.271
168	4	0	55.688876	19.838771	-1.570796	1249	1945	107.871	107.871	107.871
169	4	0	55.688876	19.238771	-1.661456	1249	1957	108.471	108.471	108.471
170	4	0	55.638876	18.688771	-3.050933	1248	1968	109.023	109.023	109.023
171	4	0	55.088876	18.638771	-3.141593	1237	1969	109.575	109.575	109.575
172	4	0	54.488876	18.638771	3.058451	1225	1969	110.175	110.175	110.175
173	4	0	53.888876	18.688771	2.961739	1213	1968	110.777	110.777	110.777
174	4	0	53.338876	18.788771	-3.058451	1202	1966	111.336	111.336	111.336
175	4	0	52.738876	18.738771	-2.961739	1190	1967	111.938	111.938	111.938
176	4	0	52.188876	18.638771	-3.141593	1179	1969	112.497	112.497	112.497
177	4	0	51.588875	18.638771	-3.141593	1167	1969	113.097	113.097	113.097
178	4	0	50.988875	18.638771	-3.141593	1155	1969	113.697	113.697	113.697
179	4	0	50.388875	18.638771	-3.141593	1143	1969	114.297	114.297	114.297
180	4	0	49.788875	18.638771	-3.141593	1131	1969	114.897	114.897	114.897
181	4	0	49.188875	18.638771	-3.141593	1119	1969	115.497	115.497	115.497
182	4	0	48.588875	18.638771	-3.141593	1107	1969	116.097	116.097	116.097
183	4	0	47.988875	18.638771	-3.141593	1095	1969	116.697	116.697	116.697
184	4	0	47.388875	18.638771	-3.141593	1083	1969	117.297	117.297	117.297
185	4	0	46.788875	18.638771	-3.141593	1071	1969	117.897	117.897	117.897
186	4	0	46.188875	18.638771	2.034444	1059	1969	118.497	118.497	118.497
187	4	0	45.988875	19.038771	1.570796	1055	1961	118.945	118.945	118.945
188	4	0	45.988875	19.638771	1.570796	1055	1949	119.545	119.545	119.545
189	4	0	45.988875	20.238771	1.570796	1055	1937	120.145	120.145	120.145
190	4	0	45.988875	20.838771	1.570796	1055	1925	120.745	120.745	120.745
191	4	0	45.988875	21.438771	1.480136	1055	1913	121.345	121.345	121.345
192	4	0	46.038875	21.988771	1.653938	1056	1902	121.897	121.897	121.897
193	4	0	45.988875	22.588771	1.653938	1055	1890	122.499	122.499	122.499
194	4	0	45.938875	23.188771	1.570796	1054	1878	123.101	123.101	123.101
195	4	0	45.938875	23.788771	1.570796	1054	1866	123.701	123.701	123.701
196	4	0	45.938875	24.388771	1.570796	1054	1854	124.301	124.301	124.301
197	4	0	45.938875	24.988771	1.570796	1054	1842	124.901	124.901	124.901
198	4	0	45.938875	25.588771	1.570796	1054	1830	125.501	125.501	125.501
199	4	0	45.938875	26.188771	1.570796	1054	1818	126.101	126.101	126.101
200	4	0	45.938875	26.788771	1.570796	1054	1806	126.701	126.701	126.701
201	4	0	45.938875	27.388771	1.570796	1054	1794	127.301	127.301	127.301
202	4	0	45.938875	27.988771	1.570796	1054	1782	127.901	127.901	127.901
203	4	0	45.938875	28.588771	1.570796	1054	1770	128.501	128.501	128.501
204	4	0	45.938875	29.188771	1.570796	1054	1758	129.101	129.101	129.101
205	4	0	45.938875	29.788771	1.570796	1054	1746	129.701	129.701	129.701
206	4	0	45.938875	30.388771	1.570796	1054	1734	130.301	130.301	130.301
207	4	0	45.938875	30.988771	1.570796	1054	1722	130.901	130.901	130.901
208	4	0	45.938875	31.588771	1.661456	1054	1710	131.501	131.501	131.501
209	4	0	45.888875	32.138771	1.570796	1053	1699	132.053	132.053	132.053
210	4	0	45.888875	32.738771	1.570796	1053	1687	132.653	132.653	132.653
211	4	0	45.888875	33.338771	1.570796	1053	1675	133.253	133.253	133.253
212	4	0	45.888875	33.938771	1.570796	1053	1663	133.853	133.853	133.853
213	4	0	45.888875	34.538771	1.570796	1053	1651	134.453	134.453	134.453
214	4	0	45.888875	35.138771	1.570796	1053	1639	135.053	135.053	135.053
215	4	0	45.888875	35.738771	1.570796	1053	1627	135.653	135.653	135.653
216	4	0	45.888875	36.338771	1.570796	1053	1615	136.253	136.253	136.253
217	4	0	45.888875	36.938771	1.570796	1053	1603	136.853	136.853	136.853
218	4	0	45.888875	37.538771	1.570796	1053	1591	137.453	137.453	137.453
219	4	0	45.888875	38.138771	1.570796	1053	1579	138.053	138.053	138.053
220	4	0	45.888875	38.738771	1.570796	1053	1567	138.653	138.653	138.653
221	4	0	45.888875	39.338771	1.570796	1053	1555	139.253	139.253	139.253
222	4	0	45.888875	39.938771	1.570796	1053	1543	139.853	139.853	139.853
223	4	0	45.888875	40.538771	1.570796	1053	1531	140.453	140.453	140.453
224	4	0	45.888875	41.138771	1.653938	1053	1519	141.053	141.053	141.053
225	4	0	45.838875	41.738771	1.570796	1052	1507	141.655	141.655	141.655
226	4	0	45.838875	42.338771	1.570796	1052	1495	142.255	142.255	142.255
227	4	0	45.838875	42.938771	1.570796	1052	1483	142.855	142.855	142.855
228	4	0	45.838875	43.538771	1.570796	1052	1471	143.455	143.455	143.455
229	4	0	45.838875	44.138771	1.570796	1052	1459	144.055	144.055	144.055
230	4	0	45.838875	44.738771	1.570796	1052	1447	144.655	144.655	144.655
231	4	0	45.838875	45.338771	1.570796	1052	1435	145.255	145.255	145.255
232	4	0	45.838875	45.938771	1.570796	1052	1423	145.855	145.855	145.855
233	4	0	45.838875	46.538771	1.661456	1052	1411	146.455	146.455	146.455
234	4	0	45.788875	47.088771	1.570796	1051	1400	147.008	147.008	147.008
235	4	0	45.788875	47.688771	1.570796	1051	1388	147.608	147.608	147.608
236	4	0	45.788875	48.288771	1.570796	1051	1376	148.208	148.208	148.208
237	4	0	45.788875	48.888771	1.653938	1051	1364	148.808	148.808	148.808
238	4	0	45.738875	49.488771	1.570796	1050	1352	149.410	149.410	149.410
239	4	0	45.738875	50.088772	1.570796	1050	1340	150.010	150.010	150.010
240	4	0	45.738875	50.688772	1.661456	1050	1328	150.610	150.610	150.610
241	4	0	45.688875	51.238772	1.570796	1049	1317	151.162	151.162	151.162
242	4	0	45.688875	51.838772	1.570796	1049	1305	151.762	151.762	151.762
243	4	0	45.688875	52.438772	0.090660	1049	1293	152.362	152.362	152.362
244	4	0	46.238875	52.488772	-0.519146	1060	1292	152.914	152.914	152.914
245	4	0	46.588875	52.288772	-1.653938	1067	1296	153.317	153.317	153.317
246	4	0	46.538875	51.688772	-1.570796	1066	1308	153.919	153.919	153.919
247	4	0	46.538875	51.088772	-1.570796	1066	1320	154.519	154.519	154.519
248	4	0	46.538875	50.488772	-1.570796	1066	1332	155.119	155.119	155.119
249	4	0	46.538875	49.888772	-1.570796	1066	1344	155.719	155.719	155.719
250	4	0	46.538875	49.288771	-1.390943	1066	1356	156.319	156.319	156.319
251	4	0	46.638875	48.738771	-0.785398	1068	1367	156.878	156.878	156.878
252	4	0	47.038875	48.338771	-0.982794	1076	1375	157.444	157.444	157.444
253	4	0	47.338875	47.888771	-1.107149	1082	1384	157.985	157.985	157.985
254	4	0	47.538875	47.488771	-2.553590	1086	1392	158.432	158.432	158.432
255	4	0	47.088875	47.188771	-2.231839	1077	1398	158.973	158.973	158.973
256	4	0	46.738875	46.738771	-1.837048	1070	1407	159.543	159.543	159.543
257	4	0	46.588875	46.188771	-1.570796	1067	1418	160.113	160.113	160.113
258	4	0	46.588875	45.588771	-1.487655	1067	1430	160.713	160.713	160.713
259	4	0	46.638875	44.988771	-1.570796	1068	1442	161.315	161.315	161.315
260	4	0	46.638875	44.388771	-1.570796	1068	1454	161.915	161.915	161.915
261	4	0	46.638875	43.788771	-1.570796	1068	1466	162.515	162.515	162.515
262	4	0	46.638875	43.188771	-1.570796	1068	1478	163.115	163.115	163.115
263	4	0	46.638875	42.588771	-1.480136	1068	1490	163.715	163.715	163.715
264	4	0	46.688875	42.038771	-1.570796	1069	1501	164.268	164.268	164.268
265	4	0	46.688875	41.438771	-1.222025	1069	1513	164.868	164.868	164.868
266	4	0	46.888875	40.888771	-0.588003	1073	1524	165.453	165.453	165.453
267	4	0	47.188875	40.688771	-2.480549	1079	1528	165.813	165.813	165.813
268	4	0	46.738875	40.338771	-1.750650	1070	1535	166.383	166.383	166.383
269	4	0	46.638875	39.788771	-1.570796	1068	1546	166.942	166.942	166.942
270	4	0	46.638875	39.188771	-1.570796	1068	1558	167.542	167.542	167.542
271	4	0	46.638875	38.588771	-1.570796	1068	1570	168.142	168.142	168.142
272	4	0	46.638875	37.988771	-1.570796	1068	1582	168.742	168.742	168.742
273	4	0	46.638875	37.388771	-1.487655	1068	1594	169.342	169.342	169.342
274	4	0	46.688875	36.788771	-0.909753	1069	1606	169.945	169.945	169.945
275	4	0	47.038875	36.338771	-0.266252	1076	1615	170.515	170.515	170.515
276	4	0	47.588875	36.188771	-0.000000	1087	1618	171.085	171.085	171.085
277	4	0	48.188875	36.188771	-0.000000	1099	1618	171.685	171.685	171.685
278	4	0	48.788875	36.188771	-0.110657	1111	1618	172.285	172.285	172.285
279	4	0	49.238875	36.138771	-2.761086	1120	1619	172.737	172.737	172.737
280	4	0	48.738875	35.938771	-3.058451	1110	1623	173.276	173.276	173.276
281	4	0	48.138875	35.888771	-3.050933	1098	1624	173.878	173.878	173.878
282	4	0	47.588875	35.838771	-2.480549	1087	1625	174.430	174.430	174.430
283	4	0	47.138875	35.488771	-2.111216	1078	1632	175.000	175.000	175.000
284	4	0	46.838875	34.988771	-1.750650	1072	1642	175.584	175.584	175.584
285	4	0	46.738875	34.438771	-1.487655	1070	1653	176.143	176.143	176.143
286	4	0	46.788875	33.838771	-1.570796	1071	1665	176.745	176.745	176.745
287	4	0	46.788875	33.238771	-1.570796	1071	1677	177.345	177.345	177.345
288	4	0	46.788875	32.638771	-1.570796	1071	1689	177.945	177.945	177.945
289	4	0	46.788875	32.038771	-1.570796	1071	1701	178.545	178.545	178.545
290	4	0	46.788875	31.438771	-1.570796	1071	1713	179.145	179.145	179.145
291	4	0	46.788875	30.838771	-1.570796	1071	1725	179.745	179.745	179.745
292	4	0	46.788875	30.288771	-1.570796	1071	1736	180.295	180.295	180.295
293	4	0	46.788875	29.688771	-1.304544	1071	1748	180.895	180.895	180.895
294	4	0	46.938875	29.138771	-0.909753	1074	1759	181.465	181.465	181.465
295	4	0	47.288875	28.688771	-1.570796	1081	1768	182.035	182.035	182.035
296	4	0	47.288875	28.438771	-2.297439	1081	1773	182.285	182.285	182.285
297	4	0	46.888875	27.988771	-1.750650	1073	1782	182.887	182.887	182.887
298	4	0	46.788875	27.438771	-1.570796	1071	1793	183.446	183.446	183.446
299	4	0	46.788875	26.838771	-1.661456	1071	1805	184.046	184.046	184.046
300	4	0	46.738875	26.288771	-1.570796	1070	1816	184.598	184.598	184.598
301	4	0	46.738875	25.688771	-1.487655	1070	1828	185.198	185.198	185.198
302	4	0	46.788875	25.088771	-1.570796	1071	1840	185.800	185.800	185.800
303	4	0	46.788875	24.488771	-1.570796	1071	1852	186.400	186.400	186.400
304	4	0	46.788875	23.888771	-1.480136	1071	1864	187.000	187.000	187.000
305	4	0	46.838875	23.338771	-1.471128	1072	1875	187.553	187.553	187.553
306	4	0	46.888875	22.838771	-1.661456	1073	1885	188.055	188.055	188.055
307	4	0	46.838875	22.288771	-1.653938	1072	1896	188.607	188.607	188.607
308	4	0	46.788875	21.688771	-1.570796	1071	1908	189.209	189.209	189.209
309	4	0	46.788875	21.088771	-1.480136	1071	1920	189.809	189.809	189.809
310	4	0	46.838875	20.538771	-1.570796	1072	1931	190.362	190.362	190.362
311	4	0	46.838875	19.938771	-1.222025	1072	1943	190.962	190.962	190.962
312	4	0	47.038875	19.388771	-0.588003	1076	1954	191.547	191.547	191.547
313	4	0	47.488875	19.088771	-0.165149	1085	1960	192.088	192.088	192.088
314	4	0	48.088875	18.988771	-0.000000	1097	1962	192.696	192.696	192.696
315	4	0	48.688875	18.988771	-0.000000	1109	1962	193.296	193.296	193.296
316	4	0	49.288875	18.988771	-0.000000	1121	1962	193.896	193.896	193.896
317	4	0	49.888875	18.988771	0.090660	1133	1962	194.496	194.496	194.496
318	4	0	50.438875	19.038771	-0.000000	1144	1961	195.048	195.048	195.048
319	4	0	51.038875	19.038771	-0.000000	1156	1961	195.648	195.648	195.648
320	4	0	51.638875	19.038771	-0.000000	1168	1961	196.248	196.248	196.248
321	4	0	52.238876	19.038771	-0.000000	1180	1961	196.848	196.848	196.848
322	4	0	52.838876	19.038771	-0.000000	1192	1961	197.448	197.448	197.448
323	4	0	53.438876	19.038771	-0.000000	1204	1961	198.048	198.048	198.048
324	4	0	54.038876	19.038771	0.463648	1216	1961	198.648	198.648	198.648
325	4	0	54.538876	19.288771	1.030377	1226	1956	199.207	199.207	199.207
326	4	0	54.838876	19.788771	1.480136	1232	1946	199.790	199.790	199.790
327	4	0	54.888876	20.338771	1.570796	1233	1935	200.343	200.343	200.343
328	4	0	54.888876	20.938771	1.390943	1233	1923	200.943	200.943	200.943
329	4	0	54.988876	21.488771	1.570796	1235	1912	201.502	201.502	201.502
330	4	0	54.988876	22.088771	1.487655	1235	1900	202.102	202.102	202.102
331	4	0	55.038876	22.688771	1.661456	1236	1888	202.704	202.704	202.704
332	4	0	54.988876	23.238771	1.750650	1235	1877	203.256	203.256	203.256
333	4	0	54.888876	23.788771	1.570796	1233	1866	203.815	203.815	203.815
334	4	0	54.888876	24.388771	1.661456	1233	1854	204.415	204.415	204.415
335	4	0	54.838876	24.938771	1.570796	1232	1843	204.967	204.967	204.967
336	4	0	54.838876	25.538771	1.570796	1232	1831	205.567	205.567	205.567
337	4	0	54.838876	26.138771	1.570796	1232	1819	206.167	206.167	206.167
338	4	0	54.838876	26.738771	1.570796	1232	1807	206.767	206.767	206.767
339	4	0	54.838876	27.338771	1.735945	1232	1795	207.367	207.367	207.367
340	4	0	54.738876	27.938771	2.158799	1230	1783	207.976	207.976	207.976
341	4	0	54.438876	28.388771	2.761086	1224	1774	208.516	208.516	208.516
342	4	0	53.938876	28.588771	2.553590	1214	1770	209.055	209.055	209.055
343	4	0	53.638876	28.788771	1.279340	1208	1766	209.415	209.415	209.415
344	4	0	53.788876	29.288771	0.785398	1211	1756	209.937	209.937	209.937
345	4	0	54.188876	29.688771	1.304544	1219	1748	210.503	210.503	210.503
346	4	0	54.338876	30.238771	1.190290	1222	1737	211.073	211.073	211.073
347	4	0	54.538876	30.738771	1.107149	1226	1727	211.612	211.612	211.612
348	4	0	54.788876	31.238771	1.570796	1231	1717	212.171	212.171	212.171
349	4	0	54.788876	31.838771	1.570796	1231	1705	212.771	212.771	212.771
350	4	0	54.788876	32.438771	1.570796	1231	1693	213.371	213.371	213.371
351	4	0	54.788876	33.038771	1.570796	1231	1681	213.971	213.971	213.971
352	4	0	54.788876	33.588771	1.570796	1231	1670	214.521	214.521	214.521
353	4	0	54.788876	34.188771	1.570796	1231	1658	215.121	215.121	215.121
354	4	0	54.788876	34.788771	1.862253	1231	1646	215.721	215.721	215.721
355	4	0	54.638876	35.288771	2.356194	1228	1636	216.243	216.243	216.243
356	4	0	54.188876	35.738771	2.761086	1219	1627	216.879	216.879	216.879
357	4	0	53.688876	35.938771	3.058451	1209	1623	217.418	217.418	217.418
358	4	0	53.088876	35.988771	2.634494	1197	1622	218.020	218.020	218.020
359	4	0	52.638876	36.238771	-0.000000	1188	1617	218.535	218.535	218.535
360	4	0	53.238876	36.238771	-0.000000	1200	1617	219.135	219.135	219.135
361	4	0	53.838876	36.238771	0.266252	1212	1617	219.735	219.735	219.735
362	4	0	54.388876	36.388771	0.909753	1223	1614	220.305	220.305	220.305
363	4	0	54.738876	36.838771	1.487655	1230	1605	220.875	220.875	220.875
364	4	0	54.788876	37.438771	1.570796	1231	1593	221.477	221.477	221.477
365	4	0	54.788876	38.038771	1.570796	1231	1581	222.077	222.077	222.077
366	4	0	54.788876	38.638771	1.570796	1231	1569	222.677	222.677	222.677
367	4	0	54.788876	39.238771	1.570796	1231	1557	223.277	223.277	223.277
368	4	0	54.788876	39.838771	1.750650	1231	1545	223.877	223.877	223.877
369	4	0	54.688876	40.388771	2.422763	1229	1534	224.436	224.436	224.436
370	4	0	54.288876	40.738771	0.844154	1221	1527	224.967	224.967	224.967
371	4	0	54.688876	41.188771	1.480136	1229	1518	225.569	225.569	225.569
372	4	0	54.738876	41.738771	1.570796	1230	1507	226.122	226.122	226.122
373	4	0	54.738876	42.338771	1.222025	1230	1495	226.722	226.722	226.722
374	4	0	54.938876	42.888771	1.279340	1234	1484	227.307	227.307	227.307
375	4	0	55.088876	43.388771	1.570796	1237	1474	227.829	227.829	227.829
376	4	0	55.088876	43.988771	1.750650	1237	1462	228.429	228.429	228.429
377	4	0	54.988876	44.538771	1.735945	1235	1451	228.988	228.988	228.988
378	4	0	54.888876	45.138771	1.570796	1233	1439	229.596	229.596	229.596
379	4	0	54.888876	45.738771	1.570796	1233	1427	230.196	230.196	230.196
380	4	0	54.888876	46.338771	1.570796	1233	1415	230.796	230.796	230.796
381	4	0	54.888876	46.938771	1.661456	1233	1403	231.396	231.396	231.396
382	4	0	54.838876	47.488771	1.570796	1232	1392	231.949	231.949	231.949
383	4	0	54.838876	48.088771	1.570796	1232	1380	232.549	232.549	232.549
384	4	0	54.838876	48.688771	1.837048	1232	1368	233.149	233.149	233.149
385	4	0	54.688876	49.238771	2.553590	1229	1357	233.719	233.719	233.719
386	4	0	54.238876	49.538771	3.058451	1220	1351	234.259	234.259	234.259
387	4	0	53.638876	49.588771	1.989021	1208	1350	234.862	234.862	234.862
388	4	0	53.438876	50.038772	1.570796	1204	1341	235.354	235.354	235.354
389	4	0	53.438876	50.638772	1.570796	1204	1329	235.954	235.954	235.954
390	4	0	53.438876	51.238772	1.570796	1204	1317	236.554	236.554	236.554
391	4	0	53.438876	51.838772	1.661456	1204	1305	237.154	237.154	237.154
392	4	0	53.388876	52.388772	0.321751	1203	1294	237.706	237.706	237.706
393	4	0	53.838876	52.538772	0.083141	1212	1291	238.181	238.181	238.181
394	4	0	54.438876	52.588772	-0.000000	1224	1290	238.783	238.783	238.783
395	4	0	55.038876	52.588772	-0.463648	1236	1290	239.383	239.383	239.383
396	4	0	55.438876	52.388772	-1.570796	1244	1294	239.830	239.830	239.830
397	4	0	55.438876	51.788772	-1.390943	1244	1306	240.430	240.430	240.430
398	4	0	55.538876	51.238772	-1.653938	1246	1317	240.989	240.989	240.989
399	4	0	55.488876	50.638772	-1.390943	1245	1329	241.591	241.591	241.591
400	4	0	55.588876	50.088772	-1.837048	1247	1340	242.150	242.150	242.150
401	4	0	55.438876	49.538771	-1.570796	1244	1351	242.720	242.720	242.720
402	4	0	55.438876	48.938771	-1.570796	1244	1363	243.320	243.320	243.320
403	4	0	55.438876	48.388771	-1.570796	1244	1374	243.870	243.870	243.870
404	4	0	55.438876	47.788771	-1.570796	1244	1386	244.470	244.470	244.470
405	4	0	55.438876	47.188771	-1.480136	1244	1398	245.070	245.070	245.070
406	4	0	55.488876	46.638771	-1.222025	1245	1409	245.622	245.622	245.622
407	4	0	55.688876	46.088771	-1.862253	1249	1420	246.208	246.208	246.208
408	4	0	55.538876	45.588771	-1.653938	1246	1430	246.730	246.730	246.730
409	4	0	55.488876	44.988771	-1.653938	1245	1442	247.332	247.332	247.332
410	4	0	55.438876	44.388771	-1.661456	1244	1454	247.934	247.934	247.934
411	4	0	55.388876	43.838771	-1.570796	1243	1465	248.486	248.486	248.486
412	4	0	55.388876	43.238771	-1.030377	1243	1477	249.086	249.086	249.086
413	4	0	55.688876	42.738771	-1.480136	1249	1487	249.669	249.669	249.669
414	4	0	55.738876	42.188771	-1.570796	1250	1498	250.221	250.221	250.221
415	4	0	55.738876	41.588771	-1.570796	1250	1510	250.821	250.821	250.821
416	4	0	55.738876	40.988771	-1.570796	1250	1522	251.421	251.421	251.421
417	4	0	55.738876	40.388771	-1.570796	1250	1534	252.021	252.021	252.021
418	4	0	55.738876	39.788771	-1.570796	1250	1546	252.621	252.621	252.621
419	4	0	55.738876	39.188771	-1.487655	1250	1558	253.221	253.221	253.221
420	4	0	55.788876	38.588771	-1.570796	1251	1570	253.823	253.823	253.823
421	4	0	55.788876	37.988771	-1.570796	1251	1582	254.423	254.423	254.423
422	4	0	55.788876	37.388771	-1.570796	1251	1594	255.023	255.023	255.023
423	4	0	55.788876	36.788771	-1.570796	1251	1606	255.623	255.623	255.623
424	4	0	55.788876	36.188771	-1.570796	1251	1618	256.223	256.223	256.223
425	4	0	55.788876	35.588771	-1.661456	1251	1630	256.823	256.823	256.823
426	4	0	55.738876	35.038771	-1.570796	1250	1641	257.376	257.376	257.376
427	4	0	55.738876	34.438771	-1.570796	1250	1653	257.976	257.976	257.976
428	4	0	55.738876	33.838771	-1.570796	1250	1665	258.576	258.576	258.576
429	4	0	55.738876	33.238771	-1.570796	1250	1677	259.176	259.176	259.176
430	4	0	55.738876	32.638771	-1.570796	1250	1689	259.776	259.776	259.776
431	4	0	55.738876	32.038771	-1.487655	1250	1701	260.376	260.376	260.376
432	4	0	55.788876	31.438771	-1.487655	1251	1713	260.978	260.978	260.978
433	4	0	55.838876	30.838771	-1.661456	1252	1725	261.580	261.580	261.580
434	4	0	55.788876	30.288771	-1.480136	1251	1736	262.132	262.132	262.132
435	4	0	55.838876	29.738771	-1.653938	1252	1747	262.684	262.684	262.684
436	4	0	55.788876	29.138771	-1.405648	1251	1759	263.286	263.286	263.286
437	4	0	55.888876	28.538771	0.165149	1253	1771	263.895	263.895	263.895
438	4	0	56.188876	28.588771	1.735945	1259	1770	264.199	264.199	264.199
439	4	0	56.088876	29.188771	1.480136	1257	1758	264.807	264.807	264.807
440	4	0	56.138876	29.738771	1.653938	1258	1747	265.359	265.359	265.359
441	4	0	56.088876	30.338771	1.480136	1257	1735	265.962	265.962	265.962
442	4	0	56.138876	30.888771	1.735945	1258	1724	266.514	266.514	266.514
443	4	0	56.038876	31.488771	1.570796	1256	1712	267.122	267.122	267.122
444	4	0	56.038876	32.088771	1.570796	1256	1700	267.722	267.722	267.722
445	4	0	56.038876	32.688771	1.570796	1256	1688	268.322	268.322	268.322
446	4	0	56.038876	33.288771	1.570796	1256	1676	268.922	268.922	268.922
447	4	0	56.038876	33.888771	1.570796	1256	1664	269.522	269.522	269.522
448	4	0	56.038876	34.488771	1.570796	1256	1652	270.122	270.122	270.122
449	4	0	56.038876	35.088771	1.480136	1256	1640	270.722	270.722	270.722
450	4	0	56.088876	35.638771	1.570796	1257	1629	271.274	271.274	271.274
451	4	0	56.088876	36.238771	1.570796	1257	1617	271.874	271.874	271.874
452	4	0	56.088876	36.838771	1.570796	1257	1605	272.474	272.474	272.474
453	4	0	56.088876	37.438771	1.570796	1257	1593	273.074	273.074	273.074
454	4	0	56.088876	38.038771	1.570796	1257	1581	273.674	273.674	273.674
455	4	0	56.088876	38.638771	1.653938	1257	1569	274.274	274.274	274.274
456	4	0	56.038876	39.238771	1.570796	1256	1557	274.876	274.876	274.876
457	4	0	56.038876	39.838771	1.570796	1256	1545	275.476	275.476	275.476
458	4	0	56.038876	40.438771	1.570796	1256	1533	276.076	276.076	276.076
459	4	0	56.038876	41.038771	1.570796	1256	1521	276.676	276.676	276.676
460	4	0	56.038876	41.638771	1.570796	1256	1509	277.276	277.276	277.276
461	4	0	56.038876	42.238771	1.570796	1256	1497	277.876	277.876	277.876
462	4	0	56.038876	42.838771	2.289626	1256	1485	278.476	278.476	278.476
463	4	0	55.688876	43.238771	1.570796	1249	1477	279.008	279.008	279.008
464	4	0	55.688876	43.838771	1.487655	1249	1465	279.608	279.608	279.608
465	4	0	55.738876	44.438771	1.480136	1250	1453	280.210	280.210	280.210
466	4	0	55.788876	44.988771	1.405648	1251	1442	280.762	280.762	280.762
467	4	0	55.888876	45.588771	1.390943	1253	1430	281.371	281.371	281.371
468	4	0	55.988876	46.138771	1.951303	1255	1419	281.930	281.930	281.930
469	4	0	55.788876	46.638771	1.653938	1251	1409	282.468	282.468	282.468
470	4	0	55.738876	47.238771	1.570796	1250	1397	283.070	283.070	283.070
471	4	0	55.738876	47.838771	1.487655	1250	1385	283.670	283.670	283.670
472	4	0	55.788876	48.438771	1.661456	1251	1373	284.272	284.272	284.272
473	4	0	55.738876	48.988771	1.570796	1250	1362	284.825	284.825	284.825
474	4	0	55.738876	49.588771	1.190290	1250	1350	285.425	285.425	285.425
475	4	0	55.938876	50.088772	1.837048	1254	1340	285.963	285.963	285.963
476	4	0	55.788876	50.638772	1.487655	1251	1329	286.533	286.533	286.533
477	4	0	55.838876	51.238772	1.750650	1252	1317	287.135	287.135	287.135
478	4	0	55.738876	51.788772	1.570796	1250	1306	287.694	287.694	287.694
479	4	0	55.738876	52.388772	1.373401	1250	1294	288.294	288.294	288.294
480	4	0	55.838876	52.888772	-3.141593	1252	1284	288.804	288.804	288.804
481	4	0	55.238876	52.888772	-3.141593	1240	1284	289.404	289.404	289.404
482	4	0	54.638876	52.888772	-3.141593	1228	1284	290.004	290.004	290.004
483	4	0	54.038876	52.888772	-3.050933	1216	1284	290.604	290.604	290.604
484	4	0	53.488876	52.838772	-3.141593	1205	1285	291.156	291.156	291.156
485	4	0	52.888876	52.838772	-3.133260	1193	1285	291.756	291.756	291.756
486	4	0	46.888875	52.788772	-3.141593	1073	1286	297.757	297.757	297.757
487	4	0	46.288875	52.788772	-3.141593	1061	1286	298.357	298.357	298.357
488	4	0	45.688875	52.788772	-2.356194	1049	1286	298.957	298.957	298.957
489	4	0	45.388875	52.488772	-1.570796	1043	1292	299.381	299.381	299.381
490	4	0	45.388875	51.888772	-1.570796	1043	1304	299.981	299.981	299.981
491	4	0	45.388875	51.288772	-1.480136	1043	1316	300.581	300.581	300.581
492	4	0	45.438875	50.738772	-1.570796	1044	1327	301.133	301.133	301.133
493	4	0	45.438875	50.138772	-1.570796	1044	1339	301.733	301.733	301.733
494	4	0	45.438875	49.538771	-1.487655	1044	1351	302.333	302.333	302.333
495	4	0	45.488875	48.938771	-1.570796	1045	1363	302.935	302.935	302.935
496	4	0	45.488875	48.338771	-1.570796	1045	1375	303.535	303.535	303.535
497	4	0	45.488875	47.738771	-1.570796	1045	1387	304.135	304.135	304.135
498	4	0	45.488875	47.138771	-1.480136	1045	1399	304.735	304.735	304.735
499	4	0	45.538875	46.588771	-1.570796	1046	1410	305.287	305.287	305.287
500	4	0	45.538875	45.988771	-1.570796	1046	1422	305.887	305.887	305.887
501	4	0	45.538875	45.388771	-1.570796	1046	1434	306.487	306.487	306.487
502	4	0	45.538875	44.788771	-1.570796	1046	1446	307.087	307.087	307.087
503	4	0	45.538875	44.188771	-1.570796	1046	1458	307.687	307.687	307.687
504	4	0	45.538875	43.588771	-1.570796	1046	1470	308.287	308.287	308.287
505	4	0	45.538875	42.988771	-1.570796	1046	1482	308.887	308.887	308.887
506	4	0	45.538875	42.388771	-1.570796	1046	1494	309.487	309.487	309.487
507	4	0	45.538875	41.788771	-1.487655	1046	1506	310.087	310.087	310.087
508	4	0	45.588875	41.188771	-1.570796	1047	1518	310.690	310.690	310.690
509	4	0	45.588875	40.588771	-1.570796	1047	1530	311.290	311.290	311.290
510	4	0	45.588875	39.988771	-1.570796	1047	1542	311.890	311.890	311.890
511	4	0	45.588875	39.388771	-1.570796	1047	1554	312.490	312.490	312.490
512	4	0	45.588875	38.788771	-1.570796	1047	1566	313.090	313.090	313.090
513	4	0	45.588875	38.188771	-1.570796	1047	1578	313.690	313.690	313.690
514	4	0	45.588875	37.588771	-1.570796	1047	1590	314.290	314.290	314.290
515	4	0	45.588875	36.988771	-1.570796	1047	1602	314.890	314.890	314.890
516	4	0	45.588875	36.388771	-1.570796	1047	1614	315.490	315.490	315.490
517	4	0	45.588875	35.788771	-1.570796	1047	1626	316.090	316.090	316.090
518	4	0	45.588875	35.188771	-1.570796	1047	1638	316.690	316.690	316.690
519	4	0	45.588875	34.588771	-1.570796	1047	1650	317.290	317.290	317.290
520	4	0	45.588875	33.988771	-1.570796	1047	1662	317.890	317.890	317.890
521	4	0	45.588875	33.388771	-1.570796	1047	1674	318.490	318.490	318.490
522	4	0	45.588875	32.788771	-1.570796	1047	1686	319.090	319.090	319.090
523	4	0	45.588875	32.188771	-1.487655	1047	1698	319.690	319.690	319.690
524	4	0	45.638875	31.588771	-1.570796	1048	1710	320.292	320.292	320.292
525	4	0	45.638875	30.988771	-1.570796	1048	1722	320.892	320.892	320.892
526	4	0	45.638875	30.388771	-1.570796	1048	1734	321.492	321.492	321.492
527	4	0	45.638875	29.788771	-1.570796	1048	1746	322.092	322.092	322.092
528	4	0	45.638875	29.188771	-1.570796	1048	1758	322.692	322.692	322.692
529	4	0	45.638875	28.588771	-1.570796	1048	1770	323.292	323.292	323.292
530	4	0	45.638875	27.988771	-1.570796	1048	1782	323.892	323.892	323.892
531	4	0	45.638875	27.388771	-1.570796	1048	1794	324.492	324.492	324.492
532	4	0	45.638875	26.788771	-1.570796	1048	1806	325.092	325.092	325.092
533	4	0	45.638875	26.188771	-1.570796	1048	1818	325.692	325.692	325.692
534	4	0	45.638875	25.588771	-1.570796	1048	1830	326.292	326.292	326.292
535	4	0	45.638875	24.988771	-1.570796	1048	1842	326.892	326.892	326.892
536	4	0	45.638875	24.388771	-1.570796	1048	1854	327.492	327.492	327.492
537	4	0	45.638875	23.788771	-1.570796	1048	1866	328.092	328.092	328.092
538	4	0	45.638875	23.188771	-1.480136	1048	1878	328.692	328.692	328.692
539	4	0	45.688875	22.638771	-1.487655	1049	1889	329.244	329.244	329.244
540	4	0	45.738875	22.038771	-1.661456	1050	1901	329.846	329.846	329.846
541	4	0	45.688875	21.488771	-1.570796	1049	1912	330.398	330.398	330.398
542	4	0	45.688875	20.888771	-1.570796	1049	1924	330.998	330.998	330.998
543	4	0	45.688875	20.288771	-1.570796	1049	1936	331.598	331.598	331.598
544	4	0	45.688875	19.688771	-1.570796	1049	1948	332.198	332.198	332.198
545	4	0	45.688875	19.088771	-1.570796	1049	1960	332.798	332.798	332.798
546	4	0	45.688875	18.488771	-0.321751	1049	1972	333.398	333.398	333.398
547	4	0	46.138875	18.338771	-0.000000	1058	1975	333.873	333.873	333.873
548	4	0	46.738875	18.338771	-0.000000	1070	1975	334.473	334.473	334.473
549	4	0	47.338875	18.338771	-0.000000	1082	1975	335.073	335.073	335.073
550	4	0	47.938875	18.338771	-0.000000	1094	1975	335.673	335.673	335.673
551	4	0	48.538875	18.338771	-0.000000	1106	1975	336.273	336.273	336.273
552	4	0	49.138875	18.338771	-0.000000	1118	1975	336.873	336.873	336.873
553	4	0	49.738875	18.338771	-0.000000	1130	1975	337.473	337.473	337.473
554	4	0	50.338875	18.338771	-0.000000	1142	1975	338.073	338.073	338.073
555	4	0	50.938875	18.338771	-0.000000	1154	1975	338.673	338.673	338.673
556	4	0	51.538875	18.338771	-0.000000	1166	1975	339.273	339.273	339.273
557	4	0	52.138876	18.338771	0.165149	1178	1975	339.873	339.873	339.873
558	4	0	52.738876	18.438771	0.090660	1190	1973	340.481	340.481	340.481
559	4	0	53.288876	18.488771	-0.266252	1201	1972	341.033	341.033	341.033
560	4	0	53.838876	18.338771	-0.000000	1212	1975	341.603	341.603	341.603
561	4	0	54.438876	18.338771	-0.000000	1224	1975	342.203	342.203	342.203
562	4	0	55.038876	18.338771	-0.000000	1236	1975	342.803	342.803	342.803
563	4	0	55.638876	18.338771	0.785398	1248	1975	343.403	343.403	343.403
564	4	0	55.938876	18.638771	1.480136	1254	1969	343.827	343.827	343.827
565	4	0	55.988876	19.188771	1.570796	1255	1958	344.380	344.380	344.380
566	4	0	55.988876	19.788771	1.570796	1255	1946	344.980	344.980	344.980
567	4	0	55.988876	20.388771	1.570796	1255	1934	345.580	345.580	345.580
568	4	0	55.988876	20.988771	1.487655	1255	1922	346.180	346.180	346.180
569	4	0	56.038876	21.588771	1.570796	1256	1910	346.782	346.782	346.782
570	4	0	56.038876	22.188771	1.570796	1256	1898	347.382	347.382	347.382
571	4	0	56.038876	22.788771	1.487655	1256	1886	347.982	347.982	347.982
572	4	0	56.088876	23.388771	1.750650	1257	1874	348.584	348.584	348.584
573	4	0	55.988876	23.938771	1.570796	1255	1863	349.143	349.143	349.143
574	4	0	55.988876	24.538771	1.480136	1255	1851	349.743	349.743	349.743
575	4	0	56.038876	25.088771	1.405648	1256	1840	350.295	350.295	350.295
576	4	0	56.138876	25.688771	1.570796	1258	1828	350.903	350.903	350.903
577	4	0	56.138876	26.288771	1.570796	1258	1816	351.503	351.503	351.503
578	4	0	56.138876	26.888771	1.480136	1258	1804	352.103	352.103	352.103
579	4	0	56.188876	27.438771	1.570796	1259	1793	352.656	352.656	352.656
580	4	0	56.188876	28.038771	-0.463648	1259	1781	353.256	353.256	353.256
581	4	0	56.488876	27.888771	-1.570796	1265	1784	353.591	353.591	353.591
582	4	0	56.488876	27.288771	-1.653938	1265	1796	354.191	354.191	354.191
583	4	0	56.438876	26.688771	-1.570796	1264	1808	354.793	354.793	354.793
584	4	0	56.438876	26.088771	-1.570796	1264	1820	355.393	355.393	355.393
585	4	0	56.438876	25.538771	-1.735945	1264	1831	355.943	355.943	355.943
586	4	0	56.338876	24.938771	-1.653938	1262	1843	356.552	356.552	356.552
587	4	0	56.288876	24.338771	-1.570796	1261	1855	357.154	357.154	357.154
588	4	0	56.288876	23.738771	-1.390943	1261	1867	357.754	357.754	357.754
589	4	0	56.388876	23.188771	-1.661456	1263	1878	358.313	358.313	358.313
590	4	0	56.338876	22.638771	-1.570796	1262	1889	358.865	358.865	358.865
591	4	0	56.338876	22.038771	-1.570796	1262	1901	359.465	359.465	359.465
592	4	0	56.338876	21.438771	-1.653938	1262	1913	360.065	360.065	360.065
593	4	0	56.288876	20.838771	-1.570796	1261	1925	360.667	360.667	360.667
594	4	0	56.288876	20.238771	-1.570796	1261	1937	361.267	361.267	361.267
595	4	0	56.288876	19.638771	-1.570796	1261	1949	361.867	361.867	361.867
596	4	0	56.288876	19.038771	-1.661456	1261	1961	362.467	362.467	362.467
597	4	0	56.238876	18.488771	-1.892547	1260	1972	363.019	363.019	363.019
598	4	0	56.088876	18.038771	-3.141593	1257	1981	363.494	363.494	363.494
599	4	0	55.488876	18.038771	-3.141593	1245	1981	364.094	364.094	364.094
600	4	0	54.888876	18.038771	-3.141593	1233	1981	364.694	364.694	364.694
601	4	0	54.288876	18.038771	3.058451	1221	1981	365.294	365.294	365.294
602	4	0	53.688876	18.088771	2.961739	1209	1980	365.896	365.896	365.896
603	4	0	53.138876	18.188771	-3.058451	1198	1978	366.455	366.455	366.455
604	4	0	52.538876	18.138771	-2.961739	1186	1979	367.057	367.057	367.057
605	4	0	51.988876	18.038771	-3.141593	1175	1981	367.616	367.616	367.616
606	4	0	51.388875	18.038771	-3.141593	1163	1981	368.216	368.216	368.216
607	4	0	50.788875	18.038771	-3.141593	1151	1981	368.816	368.816	368.816
608	4	0	50.188875	18.038771	-3.141593	1139	1981	369.416	369.416	369.416
609	4	0	49.588875	18.038771	-3.141593	1127	1981	370.016	370.016	370.016
610	4	0	48.988875	18.038771	-3.141593	1115	1981	370.616	370.616	370.616
611	4	0	48.388875	18.038771	-3.141593	1103	1981	371.216	371.216	371.216
612	4	0	47.788875	18.038771	-3.141593	1091	1981	371.816	371.816	371.816
613	4	0	47.188875	18.038771	-3.141593	1079	1981	372.416	372.416	372.416
614	4	0	46.588875	18.038771	-3.141593	1067	1981	373.016	373.016	373.016
615	4	0	45.988875	18.038771	-3.141593	1055	1981	373.616	373.616	373.616
616	4	0	45.388875	18.038771	1.570796	1043	1981	374.216	374.216	374.216
617	4	0	45.388875	18.638771	1.570796	1043	1969	374.816	374.816	374.816
618	4	0	45.388875	19.238771	1.570796	1043	1957	375.416	375.416	375.416
619	4	0	45.388875	19.838771	1.570796	1043	1945	376.016	376.016	376.016
620	4	0	45.388875	20.438771	1.570796	1043	1933	376.616	376.616	376.616
621	4	0	45.388875	21.038771	1.487655	1043	1921	377.216	377.216	377.216
622	4	0	45.438875	21.638771	1.570796	1044	1909	377.818	377.818	377.818
623	4	0	45.438875	22.238771	1.750650	1044	1897	378.418	378.418	378.418
624	4	0	45.338875	22.788771	1.570796	1042	1886	378.977	378.977	378.977
625	4	0	45.338875	23.388771	1.570796	1042	1874	379.577	379.577	379.577
626	4	0	45.338875	23.988771	1.570796	1042	1862	380.177	380.177	380.177
627	4	0	45.338875	24.588771	1.570796	1042	1850	380.777	380.777	380.777
628	4	0	45.338875	25.188771	1.570796	1042	1838	381.377	381.377	381.377
629	4	0	45.338875	25.788771	1.570796	1042	1826	381.977	381.977	381.977
630	4	0	45.338875	26.388771	1.570796	1042	1814	382.577	382.577	382.577
631	4	0	45.338875	26.988771	1.570796	1042	1802	383.177	383.177	383.177
632	4	0	45.338875	27.588771	1.570796	1042	1790	383.777	383.777	383.777
633	4	0	45.338875	28.188771	1.570796	1042	1778	384.377	384.377	384.377
634	4	0	45.338875	28.788771	1.570796	1042	1766	384.977	384.977	384.977
635	4	0	45.338875	29.388771	1.570796	1042	1754	385.577	385.577	385.577
636	4	0	45.338875	29.988771	1.570796	1042	1742	386.177	386.177	386.177
637	4	0	45.338875	30.588771	1.570796	1042	1730	386.777	386.777	386.777
638	4	0	45.338875	31.188771	1.570796	1042	1718	387.377	387.377	387.377
639	4	0	45.338875	31.788771	1.661456	1042	1706	387.977	387.977	387.977
640	4	0	45.288875	32.338771	1.570796	1041	1695	388.529	388.529	388.529
641	4	0	45.288875	32.938771	1.570796	1041	1683	389.129	389.129	389.129
642	4	0	45.288875	33.538771	1.570796	1041	1671	389.729	389.729	389.729
643	4	0	45.288875	34.138771	1.570796	1041	1659	390.329	390.329	390.329
644	4	0	45.288875	34.738771	1.570796	1041	1647	390.929	390.929	390.929
645	4	0	45.288875	35.338771	1.570796	1041	1635	391.529	391.529	391.529
646	4	0	45.288875	35.938771	1.570796	1041	1623	392.129	392.129	392.129
647	4	0	45.288875	36.538771	1.570796	1041	1611	392.729	392.729	392.729
648	4	0	45.288875	37.138771	1.570796	1041	1599	393.329	393.329	393.329
649	4	0	45.288875	37.738771	1.570796	1041	1587	393.929	393.929	393.929
650	4	0	45.288875	38.338771	1.570796	1041	1575	394.529	394.529	394.529
651	4	0	45.288875	38.938771	1.570796	1041	1563	395.129	395.129	395.129
652	4	0	45.288875	39.538771	1.570796	1041	1551	395.729	395.729	395.729
653	4	0	45.288875	40.138771	1.570796	1041	1539	396.329	396.329	396.329
654	4	0	45.288875	40.738771	1.570796	1041	1527	396.929	396.929	396.929
655	4	0	45.288875	41.338771	1.653938	1041	1515	397.529	397.529	397.529
656	4	0	45.238875	41.938771	1.570796	1040	1503	398.131	398.131	398.131
657	4	0	45.238875	42.538771	1.570796	1040	1491	398.731	398.731	398.731
658	4	0	45.238875	43.138771	1.570796	1040	1479	399.331	399.331	399.331
659	4	0	45.238875	43.738771	1.570796	1040	1467	399.931	399.931	399.931
660	4	0	45.238875	44.338771	1.570796	1040	1455	400.531	400.531	400.531
661	4	0	45.238875	44.938771	1.570796	1040	1443	401.131	401.131	401.131
662	4	0	45.238875	45.538771	1.570796	1040	1431	401.731	401.731	401.731
663	4	0	45.238875	46.138771	1.570796	1040	1419	402.331	402.331	402.331
664	4	0	45.238875	46.738771	1.661456	1040	1407	402.931	402.931	402.931
665	4	0	45.188875	47.288771	1.570796	1039	1396	403.483	403.483	403.483
666	4	0	45.188875	47.888771	1.570796	1039	1384	404.083	404.083	404.083
667	4	0	45.188875	48.488771	1.653938	1039	1372	404.683	404.683	404.683
668	4	0	45.138875	49.088771	1.570796	1038	1360	405.286	405.286	405.286
669	4	0	45.138875	49.688771	1.570796	1038	1348	405.886	405.886	405.886
670	4	0	45.138875	50.288772	1.653938	1038	1336	406.486	406.486	406.486
671	4	0	45.088875	50.888772	1.570796	1037	1324	407.088	407.088	407.088
672	4	0	45.088875	51.488772	1.570796	1037	1312	407.688	407.688	407.688
673	4	0	45.088875	52.088772	1.570796	1037	1300	408.288	408.288	408.288
674	4	0	45.088875	52.688772	-1.446074	1037	1288	408.888	408.888	408.888
675	4	0	47.188875	35.938771	2.601173	1079	1623	425.769	425.769	425.769
676	4	0	46.688875	36.238771	2.111216	1069	1617	426.352	426.352	426.352
677	4	0	46.388875	36.738771	1.661456	1063	1607	426.935	426.935	426.935
678	4	0	46.338875	37.288771	1.570796	1062	1596	427.487	427.487	427.487
679	4	0	46.338875	37.888771	1.570796	1062	1584	428.087	428.087	428.087
680	4	0	46.338875	38.488771	1.570796	1062	1572	428.687	428.687	428.687
681	4	0	46.338875	39.088771	1.570796	1062	1560	429.287	429.287	429.287
682	4	0	46.338875	39.688771	1.487655	1062	1548	429.887	429.887	429.887
683	4	0	46.388875	40.288771	1.190290	1063	1536	430.489	430.489	430.489
684	4	0	46.588875	40.788771	1.951303	1067	1526	431.028	431.028	431.028
685	4	0	46.388875	41.288771	1.570796	1063	1516	431.566	431.566	431.566
686	4	0	46.388875	41.888771	1.661456	1063	1504	432.166	432.166	432.166
687	4	0	46.338875	42.438771	1.570796	1062	1493	432.719	432.719	432.719
688	4	0	46.338875	43.038771	1.570796	1062	1481	433.319	433.319	433.319
689	4	0	46.338875	43.638771	1.570796	1062	1469	433.919	433.919	433.919
690	4	0	46.338875	44.238771	1.570796	1062	1457	434.519	434.519	434.519
691	4	0	46.338875	44.838771	1.653938	1062	1445	435.119	435.119	435.119
692	4	0	46.288875	45.438771	1.570796	1061	1433	435.721	435.721	435.721
693	4	0	46.288875	46.038771	1.480136	1061	1421	436.321	436.321	436.321
694	4	0	46.338875	46.588771	1.030377	1062	1410	436.873	436.873	436.873
695	4	0	46.638875	47.088771	0.909753	1068	1400	437.456	437.456	437.456
696	4	0	46.988875	47.538771	1.712693	1075	1391	438.026	438.026	438.026
697	4	0	46.938875	47.888771	2.231839	1074	1384	438.380	438.380	438.380
698	4	0	46.588875	48.338771	2.158799	1067	1375	438.950	438.950	438.950
699	4	0	46.288875	48.788771	1.653938	1061	1366	439.491	439.491	439.491
700	4	0	46.238875	49.388771	1.570796	1060	1354	440.093	440.093	440.093
701	4	0	46.238875	49.988772	1.570796	1060	1342	440.693	440.693	440.693
702	4	0	46.238875	50.588772	1.570796	1060	1330	441.293	441.293	441.293
703	4	0	46.238875	51.188772	1.570796	1060	1318	441.893	441.893	441.893
704	4	0	46.238875	51.788772	2.034444	1060	1306	442.493	442.493	442.493
705	4	0	46.038875	52.188772	-1.661456	1056	1298	442.940	442.940	442.940
706	4	0	45.988875	51.638772	-1.570796	1055	1309	443.492	443.492	443.492
707	4	0	45.988875	51.038772	-1.536911	1055	1321	444.092	444.092	444.092
708	4	0	46.088875	48.088771	-1.570796	1057	1380	447.044	447.044	447.044
709	4	0	46.088875	47.488771	-1.487655	1057	1392	447.644	447.644	447.644
710	4	0	46.138875	46.888771	-1.570796	1058	1404	448.246	448.246	448.246
711	4	0	46.138875	46.288771	-1.570796	1058	1416	448.846	448.846	448.846
712	4	0	46.138875	45.688771	-1.570796	1058	1428	449.446	449.446	449.446
713	4	0	46.138875	45.088771	-1.570796	1058	1440	450.046	450.046	450.046
714	4	0	46.138875	44.488771	-1.570796	1058	1452	450.646	450.646	450.646
715	4	0	46.138875	43.888771	-1.570796	1058	1464	451.246	451.246	451.246
716	4	0	46.138875	43.288771	-1.570796	1058	1476	451.846	451.846	451.846
717	4	0	46.138875	42.688771	-1.570796	1058	1488	452.446	452.446	452.446
718	4	0	46.138875	42.088771	-1.570796	1058	1500	453.046	453.046	453.046
719	4	0	46.138875	41.488771	-1.480136	1058	1512	453.646	453.646	453.646
720	4	0	46.188875	40.938771	-1.570796	1059	1523	454.198	454.198	454.198
721	4	0	46.188875	36.138771	-1.570796	1059	1619	458.998	458.998	458.998
722	4	0	46.188875	35.538771	-1.570796	1059	1631	459.598	459.598	459.598
723	4	0	46.188875	34.938771	-1.570796	1059	1643	460.198	460.198	460.198
724	4	0	46.188875	34.338771	-1.570796	1059	1655	460.798	460.798	460.798
725	4	0	46.188875	33.738771	-1.570796	1059	1667	461.398	461.398	461.398
726	4	0	46.188875	33.138771	-1.570796	1059	1679	461.998	461.998	461.998
727	4	0	46.188875	32.538771	-1.487655	1059	1691	462.598	462.598	462.598
728	4	0	46.238875	31.938771	-1.570796	1060	1703	463.200	463.200	463.200
729	4	0	46.238875	31.338771	-1.570796	1060	1715	463.800	463.800	463.800
730	4	0	46.238875	30.738771	-1.570796	1060	1727	464.400	464.400	464.400
731	4	0	46.238875	30.138771	-1.570796	1060	1739	465.000	465.000	465.000
732	4	0	46.238875	29.538771	-1.570796	1060	1751	465.600	465.600	465.600
733	4	0	46.238875	28.938771	-1.570796	1060	1763	466.200	466.200	466.200
734	4	0	46.238875	28.338771	-1.570796	1060	1775	466.800	466.800	466.800
735	4	0	46.238875	27.738771	-1.570796	1060	1787	467.400	467.400	467.400
736	4	0	46.238875	27.138771	-1.570796	1060	1799	468.000	468.000	468.000
737	4	0	46.238875	26.538771	-1.570796	1060	1811	468.600	468.600	468.600
738	4	0	46.238875	25.938771	-1.570796	1060	1823	469.200	469.200	469.200
739	4	0	46.238875	25.338771	-1.570796	1060	1835	469.800	469.800	469.800
740	4	0	46.238875	24.738771	-1.570796	1060	1847	470.400	470.400	470.400
741	4	0	46.238875	24.138771	-1.570796	1060	1859	471.000	471.000	471.000
742	4	0	46.238875	23.538771	-1.570796	1060	1871	471.600	471.600	471.600
743	4	0	46.238875	22.938771	-1.480136	1060	1883	472.200	472.200	472.200
744	4	0	46.288875	22.388771	-1.487655	1061	1894	472.753	472.753	472.753
745	4	0	46.338875	21.788771	-1.653938	1062	1906	473.355	473.355	473.355
746	4	0	46.288875	21.188771	-1.570796	1061	1918	473.957	473.957	473.957
747	4	0	46.288875	20.588771	-1.570796	1061	1930	474.557	474.557	474.557
748	4	0	46.288875	19.988771	-1.570796	1061	1942	475.157	475.157	475.157
749	4	0	46.288875	19.388771	-1.249046	1061	1954	475.757	475.757	475.757
750	4	0	46.438875	18.938771	-0.000000	1064	1963	476.231	476.231	476.231
751	4	0	47.038875	18.938771	2.279423	1076	1963	476.831	476.831	476.831
752	4	0	46.738875	19.288771	1.951303	1070	1956	477.292	477.292	477.292
753	4	0	46.538875	19.788771	1.570796	1066	1946	477.831	477.831	477.831
754	4	0	46.538875	20.388771	1.570796	1066	1934	478.431	478.431	478.431
755	4	0	46.538875	20.988771	1.653938	1066	1922	479.031	479.031	479.031
756	4	0	46.488875	21.588771	1.487655	1065	1910	479.633	479.633	479.633
757	4	0	46.538875	22.188771	1.480136	1066	1898	480.235	480.235	480.235
758	4	0	46.588875	22.738771	1.661456	1067	1887	480.787	480.787	480.787
759	4	0	46.538875	23.288771	1.653938	1066	1876	481.339	481.339	481.339
760	4	0	46.488875	23.888771	1.570796	1065	1864	481.941	481.941	481.941
761	4	0	46.488875	24.488771	1.570796	1065	1852	482.541	482.541	482.541
762	4	0	46.488875	25.088771	1.661456	1065	1840	483.141	483.141	483.141
763	4	0	46.438875	25.638771	1.570796	1064	1829	483.694	483.694	483.694
764	4	0	46.438875	26.238771	1.487655	1064	1817	484.294	484.294	484.294
765	4	0	46.488875	26.838771	1.570796	1065	1805	484.896	484.896	484.896
766	4	0	46.488875	27.438771	1.480136	1065	1793	485.496	485.496	485.496
767	4	0	46.538875	27.988771	0.960070	1066	1782	486.048	486.048	486.048
768	4	0	46.888875	28.488771	1.989021	1073	1772	486.658	486.658	486.658
769	4	0	46.688875	28.938771	1.837048	1069	1763	487.151	487.151	487.151
770	4	0	46.538875	29.488771	1.661456	1066	1752	487.721	487.721	487.721
771	4	0	46.488875	30.038771	1.487655	1065	1741	488.273	488.273	488.273
772	4	0	46.538875	30.638771	1.661456	1066	1729	488.875	488.875	488.875
773	4	0	46.488875	31.188771	1.570796	1065	1718	489.427	489.427	489.427
774	4	0	46.488875	31.788771	1.570796	1065	1706	490.027	490.027	490.027
775	4	0	46.488875	32.388771	1.570796	1065	1694	490.627	490.627	490.627
776	4	0	46.488875	32.988771	1.570796	1065	1682	491.227	491.227	491.227
777	4	0	46.488875	33.588771	1.653938	1065	1670	491.827	491.827	491.827
778	4	0	46.438875	34.188771	1.487655	1064	1658	492.429	492.429	492.429
779	4	0	46.488875	34.788771	1.304544	1065	1646	493.032	493.032	493.032
780	4	0	46.638875	35.338771	0.909753	1068	1635	493.602	493.602	493.602
781	4	0	46.988875	35.788771	0.839314	1075	1626	494.172	494.172	494.172
782	4	0	54.438876	44.088771	-1.487655	1224	1460	505.325	505.325	505.325
783	4	0	54.488876	43.488771	-2.214297	1225	1472	505.927	505.927	505.927
784	4	0	54.188876	43.088771	-1.653938	1219	1480	506.427	506.427	506.427
785	4	0	54.138876	42.488771	-1.570796	1218	1492	507.029	507.029	507.029
786	4	0	54.138876	41.888771	-1.735945	1218	1504	507.629	507.629	507.629
787	4	0	54.038876	41.288771	-3.141593	1216	1516	508.237	508.237	508.237
788	4	0	53.488876	41.288771	-3.141593	1205	1516	508.787	508.787	508.787
789	4	0	52.888876	41.288771	-3.141593	1193	1516	509.387	509.387	509.387
790	4	0	52.288876	41.288771	-3.141593	1181	1516	509.987	509.987	509.987
791	4	0	51.688876	41.288771	-3.058451	1169	1516	510.587	510.587	510.587
792	4	0	51.088875	41.238771	-3.141593	1157	1517	511.189	511.189	511.189
793	4	0	50.488875	41.238771	-3.141593	1145	1517	511.789	511.789	511.789
794	4	0	49.888875	41.238771	-3.141593	1133	1517	512.389	512.389	512.389
795	4	0	49.288875	41.238771	-3.141593	1121	1517	512.989	512.989	512.989
796	4	0	48.688875	41.238771	-3.141593	1109	1517	513.589	513.589	513.589
797	4	0	48.088875	41.238771	-3.141593	1097	1517	514.189	514.189	514.189
798	4	0	47.488875	41.238771	1.989021	1085	1517	514.789	514.789	514.789
799	4	0	47.288875	41.688771	1.653938	1081	1508	515.282	515.282	515.282
800	4	0	47.238875	42.288771	1.570796	1080	1496	515.884	515.884	515.884
801	4	0	47.238875	42.888771	1.570796	1080	1484	516.484	516.484	516.484
802	4	0	47.238875	43.488771	1.570796	1080	1472	517.084	517.084	517.084
803	4	0	47.238875	44.088771	1.570796	1080	1460	517.684	517.684	517.684
804	4	0	47.238875	44.688771	1.570796	1080	1448	518.284	518.284	518.284
805	4	0	47.238875	45.288771	1.661456	1080	1436	518.884	518.884	518.884
806	4	0	47.188875	45.838771	1.405648	1079	1425	519.436	519.436	519.436
807	4	0	47.288875	46.438771	0.950547	1081	1413	520.044	520.044	520.044
808	4	0	47.538875	46.788771	0.266252	1086	1406	520.475	520.475	520.475
809	4	0	48.088875	46.938771	1.373401	1097	1403	521.045	521.045	521.045
810	4	0	48.188875	47.438771	1.570796	1099	1393	521.555	521.555	521.555
811	4	0	48.188875	48.038771	2.356194	1099	1381	522.155	522.155	522.155
812	4	0	47.888875	48.338771	2.279423	1093	1375	522.579	522.579	522.579
813	4	0	47.588875	48.688771	2.432966	1087	1368	523.040	523.040	523.040
814	4	0	47.238875	48.988771	1.750650	1080	1362	523.501	523.501	523.501
815	4	0	47.138875	49.538771	1.570796	1078	1351	524.060	524.060	524.060
816	4	0	47.138875	50.138772	1.570796	1078	1339	524.660	524.660	524.660
817	4	0	47.138875	50.738772	1.570796	1078	1327	525.260	525.260	525.260
818	4	0	47.138875	51.338772	1.570796	1078	1315	525.860	525.860	525.860
819	4	0	47.138875	51.938772	0.862170	1078	1303	526.460	526.460	526.460
820	4	0	47.438875	52.288772	0.083141	1084	1296	526.921	526.921	526.921
821	4	0	48.038875	52.338772	-0.000000	1096	1295	527.523	527.523	527.523
822	4	0	48.638875	52.338772	-0.000000	1108	1295	528.123	528.123	528.123
823	4	0	49.238875	52.338772	-0.000000	1120	1295	528.723	528.723	528.723
824	4	0	49.838875	52.338772	-0.000000	1132	1295	529.323	529.323	529.323
825	4	0	50.438875	52.338772	0.090660	1144	1295	529.923	529.923	529.923
826	4	0	50.988875	52.388772	-0.000000	1155	1294	530.475	530.475	530.475
827	4	0	51.588875	52.388772	-0.000000	1167	1294	531.075	531.075	531.075
828	4	0	52.188876	52.388772	-0.083141	1179	1294	531.675	531.675	531.675
829	4	0	52.788876	52.338772	-1.487655	1191	1295	532.277	532.277	532.277
830	4	0	52.838876	51.738772	-1.570796	1192	1307	532.879	532.879	532.879
831	4	0	52.838876	51.138772	-1.570796	1192	1319	533.479	533.479	533.479
832	4	0	52.838876	50.538772	-1.570796	1192	1331	534.079	534.079	534.079
833	4	0	52.838876	49.938772	-1.480136	1192	1343	534.679	534.679	534.679
834	4	0	52.888876	49.388771	-0.950547	1193	1354	535.232	535.232	535.232
835	4	0	53.138876	49.038771	-0.083141	1198	1361	535.662	535.662	535.662
836	4	0	53.738876	48.988771	-0.380506	1210	1362	536.264	536.264	536.264
837	4	0	54.238876	48.788771	-1.570796	1220	1366	536.802	536.802	536.802
838	4	0	54.238876	48.188771	-1.570796	1220	1378	537.402	537.402	537.402
839	4	0	54.238876	47.588771	-1.480136	1220	1390	538.002	538.002	538.002
840	4	0	54.288876	47.038771	-1.570796	1221	1401	538.555	538.555	538.555
841	4	0	54.288876	46.438771	-1.570796	1221	1413	539.155	539.155	539.155
842	4	0	54.288876	45.838771	-1.570796	1221	1425	539.755	539.755	539.755
843	4	0	54.288876	45.238771	-1.390943	1221	1437	540.355	540.355	540.355
844	4	0	54.388876	44.688771	0.540420	1223	1448	540.914	540.914	540.914
845	4	0	54.638876	44.838771	1.653938	1228	1445	541.205	541.205	541.205
846	4	0	54.588876	45.438771	1.570796	1227	1433	541.807	541.807	541.807
847	4	0	54.588876	46.038771	1.570796	1227	1421	542.407	542.407	542.407
848	4	0	54.588876	46.638771	1.570796	1227	1409	543.007	543.007	543.007
849	4	0	54.588876	47.238771	1.661456	1227	1397	543.607	543.607	543.607
850	4	0	54.538876	47.788771	1.570796	1226	1386	544.159	544.159	544.159
851	4	0	54.538876	48.388771	1.653938	1226	1374	544.759	544.759	544.759
852	4	0	54.488876	48.988771	2.553590	1225	1362	545.362	545.362	545.362
853	4	0	54.038876	49.288771	-3.141593	1216	1356	545.902	545.902	545.902
854	4	0	53.438876	49.288771	2.129396	1204	1356	546.502	546.502	546.502
855	4	0	53.188876	49.688771	1.653938	1199	1348	546.974	546.974	546.974
856	4	0	53.138876	50.288772	1.570796	1198	1336	547.576	547.576	547.576
857	4	0	53.138876	50.888772	1.570796	1198	1324	548.176	548.176	548.176
858	4	0	53.138876	51.488772	1.570796	1198	1312	548.776	548.776	548.776
859	4	0	53.138876	52.088772	1.951303	1198	1300	549.376	549.376	549.376
860	4	0	52.938876	52.588772	2.961739	1194	1290	549.915	549.915	549.915
861	4	0	52.388876	52.688772	-3.141593	1183	1288	550.474	550.474	550.474
862	4	0	51.788876	52.688772	-3.141593	1171	1288	551.074	551.074	551.074
863	4	0	51.188875	52.688772	-3.141593	1159	1288	551.674	551.674	551.674
864	4	0	50.588875	52.688772	-3.058451	1147	1288	552.274	552.274	552.274
865	4	0	49.988875	52.638772	-3.141593	1135	1289	552.876	552.876	552.876
866	4	0	49.388875	52.638772	-3.141593	1123	1289	553.476	553.476	553.476
867	4	0	48.788875	52.638772	-3.141593	1111	1289	554.076	554.076	554.076
868	4	0	48.188875	52.638772	-3.141593	1099	1289	554.676	554.676	554.676
869	4	0	47.588875	52.638772	-2.944197	1087	1289	555.276	555.276	555.276
870	4	0	47.088875	52.538772	-1.997424	1077	1291	555.786	555.786	555.786
871	4	0	46.838875	51.988772	-1.570796	1072	1302	556.390	556.390	556.390
872	4	0	46.838875	51.388772	-1.570796	1072	1314	556.990	556.990	556.990
873	4	0	46.838875	50.788772	-1.570796	1072	1326	557.590	557.590	557.590
874	4	0	46.838875	50.188772	-1.570796	1072	1338	558.190	558.190	558.190
875	4	0	46.838875	49.588771	-1.570796	1072	1350	558.790	558.790	558.790
876	4	0	46.838875	49.038771	-0.726642	1072	1361	559.340	559.340	559.340
877	4	0	47.288875	48.638771	-1.107149	1081	1369	559.942	559.942	559.942
878	4	0	47.538875	48.138771	-0.708626	1086	1379	560.501	560.501	560.501
879	4	0	47.888875	47.838771	-1.570796	1093	1385	560.962	560.962	560.962
880	4	0	47.888875	47.238771	-2.761086	1093	1397	561.562	561.562	561.562
881	4	0	47.388875	47.038771	-2.231839	1083	1401	562.100	562.100	562.100
882	4	0	47.038875	46.588771	-1.837048	1076	1410	562.670	562.670	562.670
883	4	0	46.888875	46.038771	-1.570796	1073	1421	563.241	563.241	563.241
884	4	0	46.888875	45.438771	-1.480136	1073	1433	563.841	563.841	563.841
885	4	0	46.938875	44.888771	-1.570796	1074	1444	564.393	564.393	564.393
886	4	0	46.938875	44.288771	-1.570796	1074	1456	564.993	564.993	564.993
887	4	0	46.938875	43.688771	-1.570796	1074	1468	565.593	565.593	565.593
888	4	0	46.938875	43.088771	-1.570796	1074	1480	566.193	566.193	566.193
889	4	0	46.938875	42.488771	-1.487655	1074	1492	566.793	566.793	566.793
890	4	0	46.988875	41.888771	-1.570796	1075	1504	567.395	567.395	567.395
891	4	0	46.988875	41.288771	-0.718830	1075	1516	567.995	567.995	567.995
892	4	0	47.388875	40.938771	-0.000000	1083	1523	568.526	568.526	568.526
893	4	0	47.988875	40.938771	-0.000000	1095	1523	569.126	569.126	569.126
894	4	0	48.588875	40.938771	-0.000000	1107	1523	569.726	569.726	569.726
895	4	0	49.188875	40.938771	-0.000000	1119	1523	570.326	570.326	570.326
896	4	0	49.788875	40.938771	-0.000000	1131	1523	570.926	570.926	570.926
897	4	0	50.388875	40.938771	-0.000000	1143	1523	571.526	571.526	571.526
898	4	0	50.988875	40.938771	0.083141	1155	1523	572.126	572.126	572.126
899	4	0	51.588875	40.988771	-0.000000	1167	1522	572.729	572.729	572.729
900	4	0	52.188876	40.988771	-0.000000	1179	1522	573.329	573.329	573.329
901	4	0	52.788876	40.988771	-0.000000	1191	1522	573.929	573.929	573.929
902	4	0	53.388876	40.988771	-0.000000	1203	1522	574.529	574.529	574.529
903	4	0	53.988876	40.988771	0.643501	1215	1522	575.129	575.129	575.129
904	4	0	54.388876	41.288771	1.487655	1223	1516	575.629	575.629	575.629
905	4	0	54.438876	41.888771	1.570796	1224	1504	576.231	576.231	576.231
906	4	0	54.438876	42.488771	1.279340	1224	1492	576.831	576.831	576.831
907	4	0	54.588876	42.988771	1.222025	1227	1482	577.353	577.353	577.353
908	4	0	54.788876	43.538771	1.653938	1231	1471	577.938	577.938	577.938
909	4	0	54.738876	44.138771	1.500490	1230	1459	578.540	578.540	578.540
910	4	0	55.238876	51.238772	1.735945	1240	1317	585.658	585.658	585.658
911	4	0	55.138876	51.838772	1.892547	1238	1305	586.266	586.266	586.266
912	4	0	54.988876	52.288772	-3.141593	1235	1296	586.740	586.740	586.740
913	4	0	54.388876	52.288772	-3.050933	1223	1296	587.340	587.340	587.340
914	4	0	53.838876	52.238772	-1.768192	1212	1297	587.892	587.892	587.892
915	4	0	53.738876	51.738772	-1.570796	1210	1307	588.402	588.402	588.402
916	4	0	53.738876	51.138772	-1.570796	1210	1319	589.002	589.002	589.002
917	4	0	53.738876	50.538772	-1.570796	1210	1331	589.602	589.602	589.602
918	4	0	53.738876	49.938772	-0.179853	1210	1343	590.202	590.202	590.202
919	4	0	54.288876	49.838772	-0.463648	1221	1345	590.761	590.761	590.761
920	4	0	54.788876	49.588771	-0.982794	1231	1350	591.320	591.320	591.320
921	4	0	55.088876	49.138771	-1.487655	1237	1359	591.861	591.861	591.861
922	4	0	55.138876	48.538771	-1.570796	1238	1371	592.463	592.463	592.463
923	4	0	55.138876	47.938771	-1.570796	1238	1383	593.063	593.063	593.063
924	4	0	55.138876	47.538771	1.549523	1238	1391	593.463	593.463	593.463
925	4	0	55.188876	49.888772	1.570796	1239	1344	595.814	595.814	595.814
926	4	0	55.188876	50.438772	2.158799	1239	1333	596.364	596.364	596.364
927	4	0	54.888876	50.888772	-1.480136	1233	1324	596.905	596.905	596.905
928	4	0	54.938876	50.338772	-1.929567	1234	1335	597.457	597.457	597.457
929	4	0	54.788876	49.938772	2.792822	1231	1343	597.884	597.884	597.884
930	4	0	54.238876	50.138772	2.034444	1220	1339	598.469	598.469	598.469
931	4	0	54.038876	50.538772	1.570796	1216	1331	598.917	598.917	598.917
932	4	0	54.038876	51.138772	1.570796	1216	1319	599.517	599.517	599.517
933	4	0	54.038876	51.738772	0.620249	1216	1307	600.117	600.117	600.117
934	4	0	54.388876	51.988772	-0.321751	1223	1302	600.547	600.547	600.547
935	4	0	54.838876	51.838772	-1.405648	1232	1305	601.021	601.021	601.021
936	4	0	54.938876	51.238772	-1.481922	1234	1317	601.629	601.629	601.629
937	4	0	55.388876	46.188771	1.989021	1243	1418	606.699	606.699	606.699
938	4	0	55.188876	46.638771	-1.570796	1239	1409	607.192	607.192	607.192
939	4	0	55.188876	46.038771	-1.570796	1239	1421	607.792	607.792	607.792
940	4	0	55.188876	45.438771	-1.712693	1239	1433	608.392	608.392	608.392
941	4	0	54.438876	40.188771	-1.487655	1224	1538	613.695	613.695	613.695
942	4	0	54.488876	39.588771	-1.570796	1225	1550	614.297	614.297	614.297
943	4	0	54.488876	38.988771	-1.570796	1225	1562	614.897	614.897	614.897
944	4	0	54.488876	38.388771	-1.570796	1225	1574	615.497	615.497	615.497
945	4	0	54.488876	37.788771	-1.570796	1225	1586	616.097	616.097	616.097
946	4	0	54.488876	37.188771	-2.034444	1225	1598	616.697	616.697	616.697
947	4	0	54.238876	36.688771	-2.875341	1220	1608	617.256	617.256	617.256
948	4	0	53.688876	36.538771	-3.141593	1209	1611	617.826	617.826	617.826
949	4	0	53.088876	36.538771	-3.141593	1197	1611	618.426	618.426	618.426
950	4	0	52.488876	36.538771	-3.141593	1185	1611	619.026	619.026	619.026
951	4	0	51.888876	36.538771	-3.141593	1173	1611	619.626	619.626	619.626
952	4	0	51.288875	36.538771	-3.141593	1161	1611	620.226	620.226	620.226
953	4	0	50.688875	36.538771	-3.141593	1149	1611	620.826	620.826	620.826
954	4	0	50.088875	36.538771	-3.141593	1137	1611	621.426	621.426	621.426
955	4	0	49.488875	36.538771	-3.050933	1125	1611	622.026	622.026	622.026
956	4	0	48.938875	36.488771	-3.141593	1114	1612	622.578	622.578	622.578
957	4	0	48.338875	36.488771	-3.141593	1102	1612	623.178	623.178	623.178
958	4	0	47.738875	36.488771	2.875341	1090	1612	623.778	623.778	623.778
959	4	0	47.188875	36.638771	2.034444	1079	1609	624.349	624.349	624.349
960	4	0	46.938875	37.138771	1.570796	1074	1599	624.908	624.908	624.908
961	4	0	46.938875	37.738771	1.570796	1074	1587	625.508	625.508	625.508
962	4	0	46.938875	38.338771	1.570796	1074	1575	626.108	626.108	626.108
963	4	0	46.938875	38.938771	1.570796	1074	1563	626.708	626.708	626.708
964	4	0	46.938875	39.538771	1.487655	1074	1551	627.308	627.308	627.308
965	4	0	46.988875	40.138771	0.588003	1075	1539	627.910	627.910	627.910
966	4	0	47.438875	40.438771	-0.000000	1084	1533	628.450	628.450	628.450
967	4	0	48.038875	40.438771	-0.000000	1096	1533	629.050	629.050	629.050
968	4	0	48.638875	40.438771	0.083141	1108	1533	629.650	629.650	629.650
969	4	0	49.238875	40.488771	-0.000000	1120	1532	630.253	630.253	630.253
970	4	0	49.838875	40.488771	-0.000000	1132	1532	630.853	630.853	630.853
971	4	0	50.438875	40.488771	-0.000000	1144	1532	631.453	631.453	631.453
972	4	0	51.038875	40.488771	0.090660	1156	1532	632.053	632.053	632.053
973	4	0	51.588875	40.538771	-0.000000	1167	1531	632.605	632.605	632.605
974	4	0	52.188876	40.538771	-0.000000	1179	1531	633.205	633.205	633.205
975	4	0	52.788876	40.538771	-0.000000	1191	1531	633.805	633.805	633.805
976	4	0	53.388876	40.538771	-0.000000	1203	1531	634.405	634.405	634.405
977	4	0	53.988876	40.538771	-2.432966	1215	1531	635.005	635.005	635.005
978	4	0	53.638876	40.238771	-3.141593	1208	1537	635.466	635.466	635.466
979	4	0	53.038876	40.238771	-3.141593	1196	1537	636.066	636.066	636.066
980	4	0	52.438876	40.238771	-3.141593	1184	1537	636.666	636.666	636.666
981	4	0	51.888876	40.238771	-3.141593	1173	1537	637.216	637.216	637.216
982	4	0	51.288875	40.238771	-3.050933	1161	1537	637.816	637.816	637.816
983	4	0	50.738875	40.188771	-3.141593	1150	1538	638.368	638.368	638.368
984	4	0	50.138875	40.188771	-3.141593	1138	1538	638.968	638.968	638.968
985	4	0	49.538875	40.188771	-3.141593	1126	1538	639.568	639.568	639.568
986	4	0	48.938875	40.188771	-3.058451	1114	1538	640.168	640.168	640.168
987	4	0	48.338875	40.138771	-3.141593	1102	1539	640.770	640.770	640.770
988	4	0	47.738875	40.138771	-2.761086	1090	1539	641.370	641.370	641.370
989	4	0	47.238875	39.938771	-1.570796	1080	1543	641.909	641.909	641.909
990	4	0	47.238875	39.338771	-1.570796	1080	1555	642.509	642.509	642.509
991	4	0	47.238875	38.738771	-1.570796	1080	1567	643.109	643.109	643.109
992	4	0	47.238875	38.138771	-1.570796	1080	1579	643.709	643.709	643.709
993	4	0	47.238875	37.538771	-1.570796	1080	1591	644.309	644.309	644.309
994	4	0	47.238875	36.988771	-0.348771	1080	1602	644.859	644.859	644.859
995	4	0	47.788875	36.788771	-0.000000	1091	1606	645.444	645.444	645.444
996	4	0	48.388875	36.788771	-0.000000	1103	1606	646.044	646.044	646.044
997	4	0	48.988875	36.788771	0.083141	1115	1606	646.644	646.644	646.644
998	4	0	49.588875	36.838771	-0.000000	1127	1605	647.246	647.246	647.246
999	4	0	50.188875	36.838771	-0.000000	1139	1605	647.846	647.846	647.846
1000	4	0	50.788875	36.838771	-0.000000	1151	1605	648.446	648.446	648.446
1001	4	0	51.388875	36.838771	-0.000000	1163	1605	649.046	649.046	649.046
1002	4	0	51.988876	36.838771	-0.000000	1175	1605	649.646	649.646	649.646
1003	4	0	52.588876	36.838771	-0.000000	1187	1605	650.246	650.246	650.246
1004	4	0	53.188876	36.838771	-0.000000	1199	1605	650.846	650.846	650.846
1005	4	0	53.788876	36.838771	0.643501	1211	1605	651.446	651.446	651.446
1006	4	0	54.188876	37.138771	1.570796	1219	1599	651.946	651.946	651.946
1007	4	0	54.188876	37.738771	1.570796	1219	1587	652.546	652.546	652.546
1008	4	0	54.188876	38.338771	1.570796	1219	1575	653.146	653.146	653.146
1009	4	0	54.188876	38.938771	1.570796	1219	1563	653.746	653.746	653.746
1010	4	0	54.188876	39.538771	1.653938	1219	1551	654.346	654.346	654.346
1011	4	0	54.138876	40.138771	-1.446970	1218	1539	654.948	654.948	654.948
1012	4	0	55.588876	28.488771	1.735945	1247	1772	666.688	666.688	666.688
1013	4	0	55.488876	29.088771	1.570796	1245	1760	667.296	667.296	667.296
1014	4	0	55.488876	29.688771	1.570796	1245	1748	667.896	667.896	667.896
1015	4	0	55.488876	30.238771	1.480136	1245	1737	668.446	668.446	668.446
1016	4	0	55.538876	30.788771	1.653938	1246	1726	668.998	668.998	668.998
1017	4	0	55.488876	31.388771	1.653938	1245	1714	669.601	669.601	669.601
1018	4	0	55.438876	31.988771	1.570796	1244	1702	670.203	670.203	670.203
1019	4	0	55.438876	32.588771	1.570796	1244	1690	670.803	670.803	670.803
1020	4	0	55.438876	33.188771	1.570796	1244	1678	671.403	671.403	671.403
1021	4	0	55.438876	33.788771	1.570796	1244	1666	672.003	672.003	672.003
1022	4	0	55.438876	34.388771	1.570796	1244	1654	672.603	672.603	672.603
1023	4	0	55.438876	34.988771	1.480136	1244	1642	673.203	673.203	673.203
1024	4	0	55.488876	35.538771	1.570796	1245	1631	673.755	673.755	673.755
1025	4	0	55.488876	36.138771	1.570796	1245	1619	674.355	674.355	674.355
1026	4	0	55.488876	36.738771	1.570796	1245	1607	674.955	674.955	674.955
1027	4	0	55.488876	37.338771	1.570796	1245	1595	675.555	675.555	675.555
1028	4	0	55.488876	37.938771	1.570796	1245	1583	676.155	676.155	676.155
1029	4	0	55.488876	38.538771	1.653938	1245	1571	676.755	676.755	676.755
1030	4	0	55.438876	39.138771	1.570796	1244	1559	677.357	677.357	677.357
1031	4	0	55.438876	39.738771	1.570796	1244	1547	677.957	677.957	677.957
1032	4	0	55.438876	40.338771	1.570796	1244	1535	678.557	678.557	678.557
1033	4	0	55.438876	40.938771	1.570796	1244	1523	679.157	679.157	679.157
1034	4	0	55.438876	41.538771	1.570796	1244	1511	679.757	679.757	679.757
1035	4	0	55.438876	42.138771	1.750650	1244	1499	680.357	680.357	680.357
1036	4	0	55.338876	42.688771	-2.446854	1242	1488	680.916	680.916	680.916
1037	4	0	55.038876	42.438771	-1.570796	1236	1493	681.307	681.307	681.307
1038	4	0	55.038876	41.838771	-1.653938	1236	1505	681.907	681.907	681.907
1039	4	0	54.988876	41.238771	-1.862253	1235	1517	682.509	682.509	682.509
1040	4	0	54.838876	40.738771	-1.190290	1232	1527	683.031	683.031	683.031
1041	4	0	55.038876	40.238771	-1.487655	1236	1537	683.569	683.569	683.569
1042	4	0	55.088876	39.638771	-1.570796	1237	1549	684.171	684.171	684.171
1043	4	0	55.088876	39.038771	-1.570796	1237	1561	684.771	684.771	684.771
1044	4	0	55.088876	38.438771	-1.570796	1237	1573	685.371	685.371	685.371
1045	4	0	55.088876	37.838771	-1.570796	1237	1585	685.971	685.971	685.971
1046	4	0	55.088876	37.238771	-1.750650	1237	1597	686.571	686.571	686.571
1047	4	0	54.988876	36.688771	-2.181522	1235	1608	687.130	687.130	687.130
1048	4	0	54.638876	36.188771	-2.034444	1228	1618	687.741	687.741	687.741
1049	4	0	54.488876	35.888771	-0.851966	1225	1624	688.076	688.076	688.076
1050	4	0	54.838876	35.488771	-1.222025	1232	1632	688.607	688.607	688.607
1051	4	0	55.038876	34.938771	-1.480136	1236	1643	689.193	689.193	689.193
1052	4	0	55.088876	34.388771	-1.570796	1237	1654	689.745	689.745	689.745
1053	4	0	55.088876	33.788771	-1.653938	1237	1666	690.345	690.345	690.345
1054	4	0	55.038876	33.188771	-1.480136	1236	1678	690.947	690.947	690.947
1055	4	0	55.088876	32.638771	-1.570796	1237	1689	691.499	691.499	691.499
1056	4	0	55.088876	32.038771	-1.570796	1237	1701	692.099	692.099	692.099
1057	4	0	55.088876	31.438771	-1.750650	1237	1713	692.699	692.699	692.699
1058	4	0	54.988876	30.888771	-2.231839	1235	1724	693.258	693.258	693.258
1059	4	0	54.638876	30.438771	-1.653938	1228	1733	693.828	693.828	693.828
1060	4	0	54.588876	29.838771	-2.111216	1227	1745	694.431	694.431	694.431
1061	4	0	54.288876	29.338771	-2.214297	1221	1755	695.014	695.014	695.014
1062	4	0	53.988876	28.938771	-0.380506	1215	1763	695.514	695.514	695.514
1063	4	0	54.488876	28.738771	-0.785398	1225	1767	696.052	696.052	696.052
1064	4	0	54.888876	28.338771	-1.190290	1233	1775	696.618	696.618	696.618
1065	4	0	55.088876	27.838771	-1.487655	1237	1785	697.156	697.156	697.156
1066	4	0	55.138876	27.238771	-1.570796	1238	1797	697.758	697.758	697.758
1067	4	0	55.138876	26.638771	-1.570796	1238	1809	698.358	698.358	698.358
1068	4	0	55.138876	26.038771	-1.570796	1238	1821	698.958	698.958	698.958
1069	4	0	55.138876	25.438771	-1.570796	1238	1833	699.558	699.558	699.558
1070	4	0	55.138876	24.838771	-1.480136	1238	1845	700.158	700.158	700.158
1071	4	0	55.188876	24.288771	-1.570796	1239	1856	700.711	700.711	700.711
1072	4	0	55.188876	23.688771	-1.390943	1239	1868	701.311	701.311	701.311
1073	4	0	55.288876	23.138771	-1.480136	1241	1879	701.870	701.870	701.870
1074	4	0	55.338876	22.588771	-1.653938	1242	1890	702.422	702.422	702.422
1075	4	0	55.288876	21.988771	-1.570796	1241	1902	703.024	703.024	703.024
1076	4	0	55.288876	21.388771	-1.750650	1241	1914	703.624	703.624	703.624
1077	4	0	55.188876	20.838771	-1.570796	1239	1925	704.183	704.183	704.183
1078	4	0	55.188876	20.238771	-1.653938	1239	1937	704.783	704.783	704.783
1079	4	0	55.138876	19.638771	-2.111216	1238	1949	705.385	705.385	705.385
1080	4	0	54.838876	19.138771	-0.179853	1232	1959	705.968	705.968	705.968
1081	4	0	55.388876	19.038771	1.570796	1243	1961	706.527	706.527	706.527
1082	4	0	55.388876	19.588771	1.561363	1243	1950	707.077	707.077	707.077
1083	4	0	55.438876	24.888771	1.570796	1244	1844	712.377	712.377	712.377
1084	4	0	55.438876	25.488771	1.390943	1244	1832	712.977	712.977	712.977
1085	4	0	55.538876	26.038771	1.570796	1246	1821	713.537	713.537	713.537
1086	4	0	55.538876	26.638771	1.487655	1246	1809	714.137	714.137	714.137
1087	4	0	55.588876	27.238771	1.570796	1247	1797	714.739	714.739	714.739
1088	4	0	55.588876	27.838771	2.214297	1247	1785	715.339	715.339	715.339
1089	4	0	55.288876	28.238771	2.279423	1241	1777	715.839	715.839	715.839
1090	4	0	54.688876	28.938771	1.570796	1229	1763	716.761	716.761	716.761
1091	4	0	54.688876	29.338771	1.222025	1229	1755	717.161	717.161	717.161
1092	4	0	54.888876	29.888771	0.862170	1233	1744	717.746	717.746	717.746
1093	4	0	55.188876	30.238771	-1.570796	1239	1737	718.207	718.207	718.207
1094	4	0	55.188876	29.688771	-1.570796	1239	1748	718.757	718.757	718.757
1095	4	0	55.188876	29.088771	-1.405648	1239	1760	719.357	719.357	719.357
1096	4	0	55.288876	28.488771	-1.734457	1241	1772	719.965	719.965	719.965
1097	4	0	54.388876	23.038771	-1.487655	1223	1881	725.489	725.489	725.489
1098	4	0	54.438876	22.438771	-1.653938	1224	1893	726.091	726.091	726.091
1099	4	0	54.388876	21.838771	-1.661456	1223	1905	726.693	726.693	726.693
1100	4	0	54.338876	21.288771	-1.653938	1222	1916	727.245	727.245	727.245
1101	4	0	54.288876	20.688771	-1.570796	1221	1928	727.847	727.847	727.847
1102	4	0	54.288876	20.088771	-2.158799	1221	1940	728.447	728.447	728.447
1103	4	0	53.988876	19.638771	-3.141593	1215	1949	728.988	728.988	728.988
1104	4	0	53.388876	19.638771	-3.141593	1203	1949	729.588	729.588	729.588
1105	4	0	52.788876	19.638771	-3.141593	1191	1949	730.188	730.188	730.188
1106	4	0	52.188876	19.638771	-3.141593	1179	1949	730.788	730.788	730.788
1107	4	0	51.588875	19.638771	3.050933	1167	1949	731.388	731.388	731.388
1108	4	0	51.038875	19.688771	-3.058451	1156	1948	731.940	731.940	731.940
1109	4	0	50.438875	19.638771	-3.058451	1144	1949	732.543	732.543	732.543
1110	4	0	49.838875	19.588771	-3.141593	1132	1950	733.145	733.145	733.145
1111	4	0	49.238875	19.588771	-3.141593	1120	1950	733.745	733.745	733.745
1112	4	0	48.638875	19.588771	-3.141593	1108	1950	734.345	734.345	734.345
1113	4	0	48.038875	19.588771	2.850136	1096	1950	734.945	734.945	734.945
1114	4	0	47.538875	19.738771	1.750650	1086	1947	735.467	735.467	735.467
1115	4	0	47.438875	20.288771	1.570796	1084	1936	736.026	736.026	736.026
1116	4	0	47.438875	20.888771	1.653938	1084	1924	736.626	736.626	736.626
1117	4	0	47.388875	21.488771	1.487655	1083	1912	737.228	737.228	737.228
1118	4	0	47.438875	22.088771	1.487655	1084	1900	737.830	737.830	737.830
1119	4	0	47.488875	22.688771	0.418224	1085	1888	738.432	738.432	738.432
1120	4	0	47.938875	22.888771	0.404892	1094	1884	738.924	738.924	738.924
1121	4	0	48.288875	23.038771	2.582993	1101	1881	739.305	739.305	739.305
1122	4	0	47.888875	23.288771	2.601173	1093	1876	739.777	739.777	739.777
1123	4	0	47.388875	23.588771	1.570796	1083	1870	740.360	740.360	740.360
1124	4	0	47.388875	24.138771	1.570796	1083	1859	740.910	740.910	740.910
1125	4	0	47.388875	24.738771	1.570796	1083	1847	741.510	741.510	741.510
1126	4	0	47.388875	25.338771	1.653938	1083	1835	742.110	742.110	742.110
1127	4	0	47.338875	25.938771	1.487655	1082	1823	742.712	742.712	742.712
1128	4	0	47.388875	26.538771	1.570796	1083	1811	743.314	743.314	743.314
1129	4	0	47.388875	27.138771	1.487655	1083	1799	743.914	743.914	743.914
1130	4	0	47.438875	27.738771	0.380506	1084	1787	744.516	744.516	744.516
1131	4	0	47.938875	27.938771	-0.000000	1094	1783	745.055	745.055	745.055
1132	4	0	48.538875	27.938771	-0.000000	1106	1783	745.655	745.655	745.655
1133	4	0	49.138875	27.938771	-0.090660	1118	1783	746.255	746.255	746.255
1134	4	0	49.688875	27.888771	0.083141	1129	1784	746.807	746.807	746.807
1135	4	0	50.288875	27.938771	0.321751	1141	1783	747.409	747.409	747.409
1136	4	0	50.738875	28.088771	1.570796	1150	1780	747.883	747.883	747.883
1137	4	0	50.738875	28.538771	1.989021	1150	1771	748.333	748.333	748.333
1138	4	0	50.538875	28.988771	-3.141593	1146	1762	748.826	748.826	748.826
1139	4	0	49.938875	28.988771	-2.289626	1134	1762	749.426	749.426	749.426
1140	4	0	49.588875	28.588771	-3.141593	1127	1770	749.957	749.957	749.957
1141	4	0	49.038875	28.588771	3.058451	1116	1770	750.507	750.507	750.507
1142	4	0	48.438875	28.638771	2.279423	1104	1769	751.109	751.109	751.109
1143	4	0	48.138875	28.988771	2.761086	1098	1762	751.570	751.570	751.570
1144	4	0	47.638875	29.188771	2.034444	1088	1758	752.109	752.109	752.109
1145	4	0	47.388875	29.688771	1.570796	1083	1748	752.668	752.668	752.668
1146	4	0	47.388875	30.288771	0.380506	1083	1736	753.268	753.268	753.268
1147	4	0	47.888875	30.488771	-0.000000	1093	1732	753.806	753.806	753.806
1148	4	0	48.488875	30.488771	-0.000000	1105	1732	754.406	754.406	754.406
1149	4	0	49.038875	30.488771	1.051650	1116	1732	754.956	754.956	754.956
1150	4	0	49.238875	30.838771	2.158799	1120	1725	755.360	755.360	755.360
1151	4	0	49.038875	31.138771	-2.214297	1116	1719	755.720	755.720	755.720
1152	4	0	48.738875	30.738771	-3.141593	1110	1727	756.220	756.220	756.220
1153	4	0	48.138875	30.738771	3.058451	1098	1727	756.820	756.820	756.820
1154	4	0	47.538875	30.788771	1.862253	1086	1726	757.422	757.422	757.422
1155	4	0	47.388875	31.288771	1.570796	1083	1716	757.944	757.944	757.944
1156	4	0	47.388875	31.888771	1.570796	1083	1704	758.544	758.544	758.544
1157	4	0	47.388875	32.488771	1.570796	1083	1692	759.144	759.144	759.144
1158	4	0	47.388875	33.088771	1.570796	1083	1680	759.744	759.744	759.744
1159	4	0	47.388875	33.688771	1.661456	1083	1668	760.344	760.344	760.344
1160	4	0	47.338875	34.238771	1.487655	1082	1657	760.896	760.896	760.896
1161	4	0	47.388875	34.838771	0.785398	1083	1645	761.499	761.499	761.499
1162	4	0	47.788875	35.238771	0.179853	1091	1637	762.064	762.064	762.064
1163	4	0	48.338875	35.338771	-0.000000	1102	1635	762.623	762.623	762.623
1164	4	0	48.938875	35.338771	-0.000000	1114	1635	763.223	763.223	763.223
1165	4	0	49.538875	35.338771	0.927295	1126	1635	763.823	763.823	763.823
1166	4	0	49.838875	35.738771	0.083141	1132	1627	764.323	764.323	764.323
1167	4	0	50.438875	35.788771	-0.507099	1144	1626	764.925	764.925	764.925
1168	4	0	50.888875	35.538771	0.927295	1153	1631	765.440	765.440	765.440
1169	4	0	51.038875	35.738771	0.507099	1156	1627	765.690	765.690	765.690
1170	4	0	51.488875	35.988771	-0.165149	1165	1622	766.205	766.205	766.205
1171	4	0	52.088876	35.888771	-1.063698	1177	1624	766.813	766.813	766.813
1172	4	0	52.338876	35.438771	-0.090660	1182	1633	767.328	767.328	767.328
1173	4	0	52.888876	35.388771	-0.083141	1193	1634	767.880	767.880	767.880
1174	4	0	53.488876	35.338771	-0.463648	1205	1635	768.482	768.482	768.482
1175	4	0	53.988876	35.088771	-1.190290	1215	1640	769.041	769.041	769.041
1176	4	0	54.188876	34.588771	-1.570796	1219	1650	769.580	769.580	769.580
1177	4	0	54.188876	33.988771	-1.570796	1219	1662	770.180	770.180	770.180
1178	4	0	54.188876	33.388771	-1.570796	1219	1674	770.780	770.780	770.780
1179	4	0	54.188876	32.838771	-1.570796	1219	1685	771.330	771.330	771.330
1180	4	0	54.188876	32.238771	-1.570796	1219	1697	771.930	771.930	771.930
1181	4	0	54.188876	31.638771	-1.862253	1219	1709	772.530	772.530	772.530
1182	4	0	54.038876	31.138771	-2.279423	1216	1719	773.052	773.052	773.052
1183	4	0	53.738876	30.788771	-1.570796	1210	1726	773.513	773.513	773.513
1184	4	0	53.738876	30.188771	-2.356194	1210	1738	774.113	774.113	774.113
1185	4	0	53.338876	29.788771	-2.034444	1202	1746	774.678	774.678	774.678
1186	4	0	53.138876	29.388771	-2.214297	1198	1754	775.126	775.126	775.126
1187	4	0	52.838876	28.988771	-3.141593	1192	1762	775.626	775.626	775.626
1188	4	0	52.238876	28.988771	-1.989021	1180	1762	776.226	776.226	776.226
1189	4	0	52.038876	28.538771	-0.197396	1176	1771	776.718	776.718	776.718
1190	4	0	52.288876	28.488771	-0.000000	1181	1772	776.973	776.973	776.973
1191	4	0	52.888876	28.488771	-1.063698	1193	1772	777.573	777.573	777.573
1192	4	0	53.138876	28.038771	-0.000000	1198	1781	778.088	778.088	778.088
1193	4	0	53.738876	28.038771	-0.588003	1210	1781	778.688	778.688	778.688
1194	4	0	54.188876	27.738771	-1.487655	1219	1787	779.229	779.229	779.229
1195	4	0	54.238876	27.138771	-1.570796	1220	1799	779.831	779.831	779.831
1196	4	0	54.238876	26.538771	-1.570796	1220	1811	780.431	780.431	780.431
1197	4	0	54.238876	25.938771	-1.570796	1220	1823	781.031	781.031	781.031
1198	4	0	54.238876	25.338771	-1.570796	1220	1835	781.631	781.631	781.631
1199	4	0	54.238876	24.738771	-1.487655	1220	1847	782.231	782.231	782.231
1200	4	0	54.288876	24.138771	-1.750650	1221	1859	782.833	782.833	782.833
1201	4	0	54.188876	23.588771	-2.761086	1219	1870	783.392	783.392	783.392
1202	4	0	53.688876	23.388771	-3.141593	1209	1874	783.930	783.930	783.930
1203	4	0	53.088876	23.388771	-3.058451	1197	1874	784.530	784.530	784.530
1204	4	0	52.488876	23.338771	3.050933	1185	1875	785.132	785.132	785.132
1205	4	0	51.938876	23.388771	-3.058451	1174	1874	785.685	785.685	785.685
1206	4	0	51.338875	23.338771	-3.050933	1162	1875	786.287	786.287	786.287
1207	4	0	50.788875	23.288771	-0.896055	1151	1876	786.839	786.839	786.839
1208	4	0	50.988875	23.038771	-0.291457	1155	1881	787.159	787.159	787.159
1209	4	0	51.488875	22.888771	0.083141	1165	1884	787.681	787.681	787.681
1210	4	0	52.088876	22.938771	1.583699	1177	1883	788.283	788.283	788.283
