========================================
覆盖路径点统计信息
========================================
总路径点数: 993

总路径距离: 607.147 米

----------------------------------------
按房间统计
----------------------------------------
房间 1: 993 个点, 距离: 607.147 米

----------------------------------------
按房间+Segment统计
----------------------------------------
房间 1, Segment 0: 993 个点, 距离: 607.147 米

----------------------------------------
详细路径点信息
----------------------------------------
ID	Room	Segment	X(m)	Y(m)	Yaw(rad)	U(px)	V(px)	Acc_Dist	Room_Dist	Seg_Dist
0	1	0	3.488875	31.588771	0.000000	205	1710	0.000	0.000	0.000
1	1	0	3.838875	31.988771	48.814075	212	1702	0.532	0.532	0.532
2	1	0	4.338875	31.988771	0.000000	222	1702	1.032	1.032	1.032
3	1	0	4.788875	31.838771	-18.434949	231	1705	1.506	1.506	1.506
4	1	0	5.538875	31.888771	3.814075	246	1704	2.258	2.258	2.258
5	1	0	5.888875	31.888771	0.000000	253	1704	2.608	2.608	2.608
6	1	0	6.388875	31.888771	0.000000	263	1704	3.108	3.108	3.108
7	1	0	7.188875	31.938771	3.576334	279	1703	3.909	3.909	3.909
8	1	0	7.488875	31.888771	-9.462322	285	1704	4.213	4.213	4.213
9	1	0	8.038875	31.938771	5.194429	296	1703	4.765	4.765	4.765
10	1	0	8.588875	31.938771	0.000000	307	1703	5.315	5.315	5.315
11	1	0	8.838875	31.688771	-45.000000	312	1708	5.669	5.669	5.669
12	1	0	8.838875	31.138771	-90.000000	312	1719	6.219	6.219	6.219
13	1	0	8.888875	30.588771	-84.805571	313	1730	6.771	6.771	6.771
14	1	0	8.338875	30.538771	-174.805571	302	1731	7.324	7.324	7.324
15	1	0	7.788875	30.538771	180.000000	291	1731	7.874	7.874	7.874
16	1	0	7.238875	30.488771	-174.805571	280	1732	8.426	8.426	8.426
17	1	0	6.688875	30.488771	180.000000	269	1732	8.976	8.976	8.976
18	1	0	6.088875	30.488771	180.000000	257	1732	9.576	9.576	9.576
19	1	0	5.538875	30.488771	180.000000	246	1732	10.126	10.126	10.126
20	1	0	4.888875	30.538771	175.601295	233	1731	10.778	10.778	10.778
21	1	0	4.388875	30.488771	-174.289407	223	1732	11.280	11.280	11.280
22	1	0	3.938875	30.338771	-161.565051	214	1735	11.755	11.755	11.755
23	1	0	3.538875	30.488771	159.443955	206	1732	12.182	12.182	12.182
24	1	0	3.488875	31.038771	95.194429	205	1721	12.734	12.734	12.734
25	1	0	3.888875	30.888771	-20.556045	213	1724	13.161	13.161	13.161
26	1	0	4.438875	30.938771	5.194429	224	1723	13.714	13.714	13.714
27	1	0	4.988875	30.938771	0.000000	235	1723	14.264	14.264	14.264
28	1	0	5.538875	30.988771	5.194429	246	1722	14.816	14.816	14.816
29	1	0	6.088875	30.988771	0.000000	257	1722	15.366	15.366	15.366
30	1	0	6.638875	31.038771	5.194429	268	1721	15.918	15.918	15.918
31	1	0	7.188875	31.038771	0.000000	279	1721	16.468	16.468	16.468
32	1	0	7.738875	31.088771	5.194429	290	1720	17.020	17.020	17.020
33	1	0	8.288875	31.088771	0.000000	301	1720	17.570	17.570	17.570
34	1	0	8.288875	31.638771	90.000000	301	1709	18.120	18.120	18.120
35	1	0	7.738875	31.638771	180.000000	290	1709	18.670	18.670	18.670
36	1	0	7.188875	31.588771	-174.805571	279	1710	19.223	19.223	19.223
37	1	0	6.638875	31.588771	180.000000	268	1710	19.773	19.773	19.773
38	1	0	6.088875	31.538771	-174.805571	257	1711	20.325	20.325	20.325
39	1	0	5.538875	31.538771	180.000000	246	1711	20.875	20.875	20.875
40	1	0	4.988875	31.488771	-174.805571	235	1712	21.427	21.427	21.427
41	1	0	4.438875	31.488771	180.000000	224	1712	21.977	21.977	21.977
42	1	0	3.888875	31.438771	-174.805571	213	1713	22.529	22.529	22.529
43	1	0	3.538875	29.938771	-103.134022	206	1743	24.070	24.070	24.070
44	1	0	3.538875	29.338771	-90.000000	206	1755	24.670	24.670	24.670
45	1	0	3.588875	28.838771	-84.289407	207	1765	25.172	25.172	25.172
46	1	0	3.638875	28.288771	-84.805571	208	1776	25.724	25.724	25.724
47	1	0	3.488875	27.588771	-102.094757	205	1790	26.440	26.440	26.440
48	1	0	3.538875	27.038771	-84.805571	206	1801	26.993	26.993	26.993
49	1	0	3.538875	26.488771	-90.000000	206	1812	27.543	27.543	27.543
50	1	0	3.588875	25.938771	-84.805571	207	1823	28.095	28.095	28.095
51	1	0	3.588875	25.388771	-90.000000	207	1834	28.645	28.645	28.645
52	1	0	3.638875	24.838771	-84.805571	208	1845	29.197	29.197	29.197
53	1	0	3.738875	24.388771	-77.471192	210	1854	29.658	29.658	29.658
54	1	0	3.688875	23.738771	-94.398705	209	1867	30.310	30.310	30.310
55	1	0	3.688875	23.188771	-90.000000	209	1878	30.860	30.860	30.860
56	1	0	3.738875	22.638771	-84.805571	210	1889	31.412	31.412	31.412
57	1	0	3.738875	22.088771	-90.000000	210	1900	31.962	31.962	31.962
58	1	0	3.788875	21.538771	-84.805571	211	1911	32.515	32.515	32.515
59	1	0	3.788875	20.988771	-90.000000	211	1922	33.065	33.065	33.065
60	1	0	3.788875	20.438771	-90.000000	211	1933	33.615	33.615	33.615
61	1	0	3.838875	19.888771	-84.805571	212	1944	34.167	34.167	34.167
62	1	0	3.838875	19.338771	-90.000000	212	1955	34.717	34.717	34.717
63	1	0	3.888875	18.788771	-84.805571	213	1966	35.269	35.269	35.269
64	1	0	3.888875	18.238771	-90.000000	213	1977	35.819	35.819	35.819
65	1	0	3.938875	17.688771	-84.805571	214	1988	36.371	36.371	36.371
66	1	0	3.938875	17.138771	-90.000000	214	1999	36.921	36.921	36.921
67	1	0	3.988875	16.588771	-84.805571	215	2010	37.474	37.474	37.474
68	1	0	3.988875	16.038771	-90.000000	215	2021	38.024	38.024	38.024
69	1	0	4.038875	15.488771	-84.805571	216	2032	38.576	38.576	38.576
70	1	0	4.038875	14.938771	-90.000000	216	2043	39.126	39.126	39.126
71	1	0	4.088875	14.388771	-84.805571	217	2054	39.678	39.678	39.678
72	1	0	4.088875	13.838771	-90.000000	217	2065	40.228	40.228	40.228
73	1	0	4.138875	13.288771	-84.805571	218	2076	40.780	40.780	40.780
74	1	0	4.138875	12.738771	-90.000000	218	2087	41.330	41.330	41.330
75	1	0	4.188875	12.188771	-84.805571	219	2098	41.883	41.883	41.883
76	1	0	4.188875	11.638771	-90.000000	219	2109	42.433	42.433	42.433
77	1	0	4.238875	11.088771	-84.805571	220	2120	42.985	42.985	42.985
78	1	0	4.238875	10.538771	-90.000000	220	2131	43.535	43.535	43.535
79	1	0	4.288875	9.988771	-84.805571	221	2142	44.087	44.087	44.087
80	1	0	4.288875	9.438771	-90.000000	221	2153	44.637	44.637	44.637
81	1	0	4.338875	8.888771	-84.805571	222	2164	45.190	45.190	45.190
82	1	0	4.338875	8.338771	-90.000000	222	2175	45.740	45.740	45.740
83	1	0	4.238875	7.988771	-105.945396	220	2182	46.104	46.104	46.104
84	1	0	4.738875	7.988771	0.000000	230	2182	46.604	46.604	46.604
85	1	0	5.288875	7.988771	0.000000	241	2182	47.154	47.154	47.154
86	1	0	5.838875	8.038771	5.194429	252	2181	47.706	47.706	47.706
87	1	0	6.388875	8.038771	0.000000	263	2181	48.256	48.256	48.256
88	1	0	6.988875	8.038771	0.000000	275	2181	48.856	48.856	48.856
89	1	0	7.538875	8.038771	0.000000	286	2181	49.406	49.406	49.406
90	1	0	8.138875	8.038771	0.000000	298	2181	50.006	50.006	50.006
91	1	0	8.688875	8.038771	0.000000	309	2181	50.556	50.556	50.556
92	1	0	9.288875	8.038771	0.000000	321	2181	51.156	51.156	51.156
93	1	0	9.788875	8.088771	5.710593	331	2180	51.658	51.658	51.658
94	1	0	10.388875	8.088771	0.000000	343	2180	52.258	52.258	52.258
95	1	0	10.938875	8.088771	0.000000	354	2180	52.808	52.808	52.808
96	1	0	11.488875	8.138771	5.194429	365	2179	53.361	53.361	53.361
97	1	0	12.038875	8.138771	0.000000	376	2179	53.911	53.911	53.911
98	1	0	12.588875	8.188771	5.194429	387	2178	54.463	54.463	54.463
99	1	0	13.138875	8.188771	0.000000	398	2178	55.013	55.013	55.013
100	1	0	13.688875	8.188771	0.000000	409	2178	55.563	55.563	55.563
101	1	0	14.238875	8.238771	5.194429	420	2177	56.115	56.115	56.115
102	1	0	14.788875	8.238771	0.000000	431	2177	56.665	56.665	56.665
103	1	0	15.338875	8.288771	5.194429	442	2176	57.217	57.217	57.217
104	1	0	15.888875	8.288771	0.000000	453	2176	57.767	57.767	57.767
105	1	0	16.438875	8.338771	5.194429	464	2175	58.320	58.320	58.320
106	1	0	16.988875	8.338771	0.000000	475	2175	58.870	58.870	58.870
107	1	0	17.538875	8.388771	5.194429	486	2174	59.422	59.422	59.422
108	1	0	18.088875	8.388771	0.000000	497	2174	59.972	59.972	59.972
109	1	0	18.638875	8.438771	5.194429	508	2173	60.524	60.524	60.524
110	1	0	19.188875	8.438771	0.000000	519	2173	61.074	61.074	61.074
111	1	0	19.738875	8.488771	5.194429	530	2172	61.626	61.626	61.626
112	1	0	20.288875	8.488771	0.000000	541	2172	62.176	62.176	62.176
113	1	0	20.838875	8.538771	5.194429	552	2171	62.729	62.729	62.729
114	1	0	21.388875	8.538771	0.000000	563	2171	63.279	63.279	63.279
115	1	0	21.938875	8.588771	5.194429	574	2170	63.831	63.831	63.831
116	1	0	22.488875	8.588771	0.000000	585	2170	64.381	64.381	64.381
117	1	0	22.888875	8.738771	20.556045	593	2167	64.808	64.808	64.808
118	1	0	22.888875	9.288771	90.000000	593	2156	65.358	65.358	65.358
119	1	0	22.888875	9.838771	90.000000	593	2145	65.908	65.908	65.908
120	1	0	22.888875	10.388771	90.000000	593	2134	66.458	66.458	66.458
121	1	0	22.888875	10.888771	90.000000	593	2124	66.958	66.958	66.958
122	1	0	22.888875	11.438771	90.000000	593	2113	67.508	67.508	67.508
123	1	0	22.888875	11.938771	90.000000	593	2103	68.008	68.008	68.008
124	1	0	22.888875	12.488771	90.000000	593	2092	68.558	68.558	68.558
125	1	0	22.838875	13.038771	95.194429	592	2081	69.110	69.110	69.110
126	1	0	22.838875	13.588771	90.000000	592	2070	69.660	69.660	69.660
127	1	0	22.788875	14.138771	95.194429	591	2059	70.213	70.213	70.213
128	1	0	22.788875	14.688771	90.000000	591	2048	70.763	70.763	70.763
129	1	0	22.738875	15.238771	95.194429	590	2037	71.315	71.315	71.315
130	1	0	22.738875	15.738771	90.000000	590	2027	71.815	71.815	71.815
131	1	0	22.688875	16.288771	95.194429	589	2016	72.367	72.367	72.367
132	1	0	22.688875	16.838771	90.000000	589	2005	72.917	72.917	72.917
133	1	0	22.638875	17.388771	95.194429	588	1994	73.470	73.470	73.470
134	1	0	22.638875	17.938771	90.000000	588	1983	74.020	74.020	74.020
135	1	0	22.638875	18.488771	90.000000	588	1972	74.570	74.570	74.570
136	1	0	22.588875	19.038771	95.194429	587	1961	75.122	75.122	75.122
137	1	0	22.588875	19.588771	90.000000	587	1950	75.672	75.672	75.672
138	1	0	22.538875	20.138771	95.194429	586	1939	76.224	76.224	76.224
139	1	0	22.538875	20.688771	90.000000	586	1928	76.774	76.774	76.774
140	1	0	22.488875	21.238771	95.194429	585	1917	77.326	77.326	77.326
141	1	0	22.488875	21.788771	90.000000	585	1906	77.876	77.876	77.876
142	1	0	22.438875	22.338771	95.194429	584	1895	78.429	78.429	78.429
143	1	0	22.438875	22.888771	90.000000	584	1884	78.979	78.979	78.979
144	1	0	22.388875	23.438771	95.194429	583	1873	79.531	79.531	79.531
145	1	0	22.388875	23.988771	90.000000	583	1862	80.081	80.081	80.081
146	1	0	22.338875	24.538771	95.194429	582	1851	80.633	80.633	80.633
147	1	0	22.338875	25.088771	90.000000	582	1840	81.183	81.183	81.183
148	1	0	22.288875	25.638771	95.194429	581	1829	81.735	81.735	81.735
149	1	0	22.288875	26.188771	90.000000	581	1818	82.285	82.285	82.285
150	1	0	22.238875	26.738771	95.194429	580	1807	82.838	82.838	82.838
151	1	0	22.238875	27.288771	90.000000	580	1796	83.388	83.388	83.388
152	1	0	22.188875	27.838771	95.194429	579	1785	83.940	83.940	83.940
153	1	0	22.188875	28.388771	90.000000	579	1774	84.490	84.490	84.490
154	1	0	22.138875	28.938771	95.194429	578	1763	85.042	85.042	85.042
155	1	0	22.138875	29.488771	90.000000	578	1752	85.592	85.592	85.592
156	1	0	22.088875	30.038771	95.194429	577	1741	86.144	86.144	86.144
157	1	0	22.088875	30.588771	90.000000	577	1730	86.694	86.694	86.694
158	1	0	22.038875	31.138771	95.194429	576	1719	87.247	87.247	87.247
159	1	0	22.038875	31.688771	90.000000	576	1708	87.797	87.797	87.797
160	1	0	21.788875	31.988771	129.805571	571	1702	88.187	88.187	88.187
161	1	0	21.238875	31.938771	-174.805571	560	1703	88.740	88.740	88.740
162	1	0	20.738875	31.988771	174.289407	550	1702	89.242	89.242	89.242
163	1	0	20.188875	31.988771	180.000000	539	1702	89.792	89.792	89.792
164	1	0	19.688875	31.988771	180.000000	529	1702	90.292	90.292	90.292
165	1	0	19.138875	31.988771	180.000000	518	1702	90.842	90.842	90.842
166	1	0	18.638875	31.988771	180.000000	508	1702	91.342	91.342	91.342
167	1	0	18.088875	31.988771	180.000000	497	1702	91.892	91.892	91.892
168	1	0	17.588875	31.988771	180.000000	487	1702	92.392	92.392	92.392
169	1	0	17.038875	31.988771	180.000000	476	1702	92.942	92.942	92.942
170	1	0	16.538875	31.988771	180.000000	466	1702	93.442	93.442	93.442
171	1	0	15.988875	31.988771	180.000000	455	1702	93.992	93.992	93.992
172	1	0	15.438875	31.938771	-174.805571	444	1703	94.544	94.544	94.544
173	1	0	14.888875	31.938771	180.000000	433	1703	95.094	95.094	95.094
174	1	0	14.338875	31.888771	-174.805571	422	1704	95.647	95.647	95.647
175	1	0	13.788875	31.888771	180.000000	411	1704	96.197	96.197	96.197
176	1	0	13.238875	31.888771	180.000000	400	1704	96.747	96.747	96.747
177	1	0	12.688875	31.838771	-174.805571	389	1705	97.299	97.299	97.299
178	1	0	12.138875	31.838771	180.000000	378	1705	97.849	97.849	97.849
179	1	0	11.588875	31.788771	-174.805571	367	1706	98.401	98.401	98.401
180	1	0	11.038875	31.788771	180.000000	356	1706	98.951	98.951	98.951
181	1	0	10.488875	31.738771	-174.805571	345	1707	99.503	99.503	99.503
182	1	0	9.938875	31.738771	180.000000	334	1707	100.053	100.053	100.053
183	1	0	9.388875	31.688771	-174.805571	323	1708	100.606	100.606	100.606
184	1	0	9.688875	31.388771	-45.000000	329	1714	101.030	101.030	101.030
185	1	0	10.238875	31.438771	5.194429	340	1713	101.582	101.582	101.582
186	1	0	10.938875	31.438771	0.000000	354	1713	102.282	102.282	102.282
187	1	0	11.738875	31.388771	-3.576334	370	1714	103.084	103.084	103.084
188	1	0	12.138875	31.288771	-14.036243	378	1716	103.496	103.496	103.496
189	1	0	12.688875	31.288771	0.000000	389	1716	104.046	104.046	104.046
190	1	0	13.238875	31.338771	5.194429	400	1715	104.598	104.598	104.598
191	1	0	13.788875	31.338771	0.000000	411	1715	105.148	105.148	105.148
192	1	0	14.338875	31.338771	0.000000	422	1715	105.698	105.698	105.698
193	1	0	14.888875	31.388771	5.194429	433	1714	106.251	106.251	106.251
194	1	0	15.438875	31.388771	0.000000	444	1714	106.801	106.801	106.801
195	1	0	15.988875	31.438771	5.194429	455	1713	107.353	107.353	107.353
196	1	0	16.538875	31.438771	0.000000	466	1713	107.903	107.903	107.903
197	1	0	17.088875	31.488771	5.194429	477	1712	108.455	108.455	108.455
198	1	0	17.638875	31.488771	0.000000	488	1712	109.005	109.005	109.005
199	1	0	18.188875	31.538771	5.194429	499	1711	109.557	109.557	109.557
200	1	0	18.738875	31.538771	0.000000	510	1711	110.107	110.107	110.107
201	1	0	19.288875	31.588771	5.194429	521	1710	110.660	110.660	110.660
202	1	0	19.838875	31.588771	0.000000	532	1710	111.210	111.210	111.210
203	1	0	20.388875	31.638771	5.194429	543	1709	111.762	111.762	111.762
204	1	0	20.938875	31.638771	0.000000	554	1709	112.312	112.312	112.312
205	1	0	21.488875	31.688771	5.194429	565	1708	112.864	112.864	112.864
206	1	0	21.588875	31.088771	-80.537678	567	1720	113.472	113.472	113.472
207	1	0	21.588875	30.638771	-90.000000	567	1729	113.922	113.922	113.922
208	1	0	21.588875	30.088771	-90.000000	567	1740	114.472	114.472	114.472
209	1	0	21.638875	29.538771	-84.805571	568	1751	115.025	115.025	115.025
210	1	0	21.638875	28.988771	-90.000000	568	1762	115.575	115.575	115.575
211	1	0	21.638875	28.388771	-90.000000	568	1774	116.175	116.175	116.175
212	1	0	21.638875	27.838771	-90.000000	568	1785	116.725	116.725	116.725
213	1	0	21.688875	27.288771	-84.805571	569	1796	117.277	117.277	117.277
214	1	0	21.688875	26.738771	-90.000000	569	1807	117.827	117.827	117.827
215	1	0	21.738875	26.188771	-84.805571	570	1818	118.379	118.379	118.379
216	1	0	21.738875	25.638771	-90.000000	570	1829	118.929	118.929	118.929
217	1	0	21.788875	25.088771	-84.805571	571	1840	119.482	119.482	119.482
218	1	0	21.788875	24.538771	-90.000000	571	1851	120.032	120.032	120.032
219	1	0	21.838875	23.988771	-84.805571	572	1862	120.584	120.584	120.584
220	1	0	21.838875	23.438771	-90.000000	572	1873	121.134	121.134	121.134
221	1	0	21.888875	22.888771	-84.805571	573	1884	121.686	121.686	121.686
222	1	0	21.888875	22.338771	-90.000000	573	1895	122.236	122.236	122.236
223	1	0	21.938875	21.788771	-84.805571	574	1906	122.788	122.788	122.788
224	1	0	21.938875	21.238771	-90.000000	574	1917	123.338	123.338	123.338
225	1	0	21.988875	20.688771	-84.805571	575	1928	123.891	123.891	123.891
226	1	0	21.988875	20.138771	-90.000000	575	1939	124.441	124.441	124.441
227	1	0	22.038875	19.588771	-84.805571	576	1950	124.993	124.993	124.993
228	1	0	22.038875	19.038771	-90.000000	576	1961	125.543	125.543	125.543
229	1	0	22.088875	18.488771	-84.805571	577	1972	126.095	126.095	126.095
230	1	0	22.088875	17.938771	-90.000000	577	1983	126.645	126.645	126.645
231	1	0	22.138875	17.388771	-84.805571	578	1994	127.197	127.197	127.197
232	1	0	22.138875	16.838771	-90.000000	578	2005	127.747	127.747	127.747
233	1	0	22.138875	16.288771	-90.000000	578	2016	128.297	128.297	128.297
234	1	0	22.188875	15.738771	-84.805571	579	2027	128.850	128.850	128.850
235	1	0	22.188875	15.188771	-90.000000	579	2038	129.400	129.400	129.400
236	1	0	22.238875	14.638771	-84.805571	580	2049	129.952	129.952	129.952
237	1	0	22.238875	14.088771	-90.000000	580	2060	130.502	130.502	130.502
238	1	0	22.288875	13.538771	-84.805571	581	2071	131.054	131.054	131.054
239	1	0	22.288875	12.988771	-90.000000	581	2082	131.604	131.604	131.604
240	1	0	22.338875	12.438771	-84.805571	582	2093	132.156	132.156	132.156
241	1	0	22.338875	11.888771	-90.000000	582	2104	132.706	132.706	132.706
242	1	0	22.388875	11.338771	-84.805571	583	2115	133.259	133.259	133.259
243	1	0	22.388875	10.788771	-90.000000	583	2126	133.809	133.809	133.809
244	1	0	22.438875	10.238771	-84.805571	584	2137	134.361	134.361	134.361
245	1	0	22.438875	9.688771	-90.000000	584	2148	134.911	134.911	134.911
246	1	0	22.488875	9.138771	-84.805571	585	2159	135.463	135.463	135.463
247	1	0	21.938875	9.138771	180.000000	574	2159	136.013	136.013	136.013
248	1	0	21.938875	9.738771	90.000000	574	2147	136.613	136.613	136.613
249	1	0	21.938875	10.288771	90.000000	574	2136	137.163	137.163	137.163
250	1	0	21.938875	10.888771	90.000000	574	2124	137.763	137.763	137.763
251	1	0	21.838875	11.338771	102.528808	572	2115	138.224	138.224	138.224
252	1	0	21.638875	11.588771	128.659808	568	2110	138.544	138.544	138.544
253	1	0	21.288875	11.288771	-139.398705	561	2116	139.005	139.005	139.005
254	1	0	21.038875	10.988771	-129.805571	556	2122	139.396	139.396	139.396
255	1	0	20.588875	10.938771	-173.659808	547	2123	139.849	139.849	139.849
256	1	0	19.938875	10.938771	180.000000	534	2123	140.499	140.499	140.499
257	1	0	19.638875	11.238771	135.000000	528	2117	140.923	140.923	140.923
258	1	0	20.188875	11.238771	0.000000	539	2117	141.473	141.473	141.473
259	1	0	20.738875	11.288771	5.194429	550	2116	142.025	142.025	142.025
260	1	0	20.538875	11.588771	123.690068	546	2110	142.386	142.386	142.386
261	1	0	20.088875	11.588771	180.000000	537	2110	142.836	142.836	142.836
262	1	0	19.088875	11.188771	-158.198591	517	2118	143.913	143.913	143.913
263	1	0	18.538875	11.188771	180.000000	506	2118	144.463	144.463	144.463
264	1	0	17.988875	11.138771	-174.805571	495	2119	145.015	145.015	145.015
265	1	0	17.438875	11.138771	180.000000	484	2119	145.565	145.565	145.565
266	1	0	16.888875	11.088771	-174.805571	473	2120	146.117	146.117	146.117
267	1	0	16.338875	11.088771	180.000000	462	2120	146.667	146.667	146.667
268	1	0	15.788875	11.038771	-174.805571	451	2121	147.220	147.220	147.220
269	1	0	15.238875	11.038771	180.000000	440	2121	147.770	147.770	147.770
270	1	0	14.688875	10.988771	-174.805571	429	2122	148.322	148.322	148.322
271	1	0	14.138875	10.988771	180.000000	418	2122	148.872	148.872	148.872
272	1	0	13.588875	10.938771	-174.805571	407	2123	149.424	149.424	149.424
273	1	0	13.038875	10.938771	180.000000	396	2123	149.974	149.974	149.974
274	1	0	12.488875	10.888771	-174.805571	385	2124	150.526	150.526	150.526
275	1	0	11.938875	10.888771	180.000000	374	2124	151.076	151.076	151.076
276	1	0	11.388875	10.838771	-174.805571	363	2125	151.629	151.629	151.629
277	1	0	10.838875	10.838771	180.000000	352	2125	152.179	152.179	152.179
278	1	0	10.288875	10.838771	180.000000	341	2125	152.729	152.729	152.729
279	1	0	9.738875	10.788771	-174.805571	330	2126	153.281	153.281	153.281
280	1	0	9.188875	10.788771	180.000000	319	2126	153.831	153.831	153.831
281	1	0	8.638875	10.738771	-174.805571	308	2127	154.383	154.383	154.383
282	1	0	8.088875	10.738771	180.000000	297	2127	154.933	154.933	154.933
283	1	0	7.538875	10.688771	-174.805571	286	2128	155.485	155.485	155.485
284	1	0	6.988875	10.688771	180.000000	275	2128	156.035	156.035	156.035
285	1	0	6.438875	10.638771	-174.805571	264	2129	156.588	156.588	156.588
286	1	0	5.888875	10.638771	180.000000	253	2129	157.138	157.138	157.138
287	1	0	5.288875	10.638771	180.000000	241	2129	157.738	157.738	157.738
288	1	0	4.788875	10.588771	-174.289407	231	2130	158.240	158.240	158.240
289	1	0	4.838875	10.038771	-84.805571	232	2141	158.793	158.793	158.793
290	1	0	4.838875	9.488771	-90.000000	232	2152	159.343	159.343	159.343
291	1	0	4.888875	8.938771	-84.805571	233	2163	159.895	159.895	159.895
292	1	0	4.888875	8.388771	-90.000000	233	2174	160.445	160.445	160.445
293	1	0	5.438875	8.388771	0.000000	244	2174	160.995	160.995	160.995
294	1	0	5.988875	8.438771	5.194429	255	2173	161.547	161.547	161.547
295	1	0	6.538875	8.438771	0.000000	266	2173	162.097	162.097	162.097
296	1	0	7.088875	8.488771	5.194429	277	2172	162.649	162.649	162.649
297	1	0	7.638875	8.488771	0.000000	288	2172	163.199	163.199	163.199
298	1	0	8.188875	8.538771	5.194429	299	2171	163.752	163.752	163.752
299	1	0	8.738875	8.538771	0.000000	310	2171	164.302	164.302	164.302
300	1	0	9.288875	8.588771	5.194429	321	2170	164.854	164.854	164.854
301	1	0	9.838875	8.588771	0.000000	332	2170	165.404	165.404	165.404
302	1	0	10.388875	8.638771	5.194429	343	2169	165.956	165.956	165.956
303	1	0	10.938875	8.638771	0.000000	354	2169	166.506	166.506	166.506
304	1	0	11.438875	8.588771	-5.710593	364	2170	167.009	167.009	167.009
305	1	0	11.988875	8.638771	5.194429	375	2169	167.561	167.561	167.561
306	1	0	12.588875	8.738771	9.462322	387	2167	168.169	168.169	168.169
307	1	0	13.138875	8.738771	0.000000	398	2167	168.719	168.719	168.719
308	1	0	13.688875	8.738771	0.000000	409	2167	169.269	169.269	169.269
309	1	0	14.088875	8.638771	-14.036243	417	2169	169.681	169.681	169.681
310	1	0	14.638875	8.638771	0.000000	428	2169	170.231	170.231	170.231
311	1	0	15.138875	8.638771	0.000000	438	2169	170.731	170.731	170.731
312	1	0	15.738875	8.688771	4.763642	450	2168	171.334	171.334	171.334
313	1	0	16.438875	8.738771	4.085617	464	2167	172.035	172.035	172.035
314	1	0	16.838875	8.738771	0.000000	472	2167	172.435	172.435	172.435
315	1	0	17.338875	8.738771	0.000000	482	2167	172.935	172.935	172.935
316	1	0	18.238875	8.788771	3.179830	500	2166	173.837	173.837	173.837
317	1	0	18.988875	8.788771	0.000000	515	2166	174.587	174.587	174.587
318	1	0	19.488875	8.788771	0.000000	525	2166	175.087	175.087	175.087
319	1	0	20.038875	8.788771	0.000000	536	2166	175.637	175.637	175.637
320	1	0	18.388875	9.738771	150.068488	503	2147	177.541	177.541	177.541
321	1	0	18.238875	10.088771	113.198591	500	2140	177.921	177.921	177.921
322	1	0	18.838875	11.488771	66.801409	512	2112	179.445	179.445	179.445
323	1	0	18.438875	11.688771	153.434949	504	2108	179.892	179.892	179.892
324	1	0	17.938875	11.688771	180.000000	494	2108	180.392	180.392	180.392
325	1	0	17.338875	11.638771	-175.236358	482	2109	180.994	180.994	180.994
326	1	0	16.838875	11.638771	180.000000	472	2109	181.494	181.494	181.494
327	1	0	16.288875	11.638771	180.000000	461	2109	182.044	182.044	182.044
328	1	0	15.738875	11.588771	-174.805571	450	2110	182.596	182.596	182.596
329	1	0	15.188875	11.588771	180.000000	439	2110	183.146	183.146	183.146
330	1	0	14.638875	11.538771	-174.805571	428	2111	183.698	183.698	183.698
331	1	0	14.088875	11.538771	180.000000	417	2111	184.248	184.248	184.248
332	1	0	13.538875	11.488771	-174.805571	406	2112	184.801	184.801	184.801
333	1	0	12.988875	11.488771	180.000000	395	2112	185.351	185.351	185.351
334	1	0	12.438875	11.438771	-174.805571	384	2113	185.903	185.903	185.903
335	1	0	11.688875	11.188771	-161.565051	369	2118	186.694	186.694	186.694
336	1	0	11.188875	11.188771	180.000000	359	2118	187.194	187.194	187.194
337	1	0	10.688875	11.238771	174.289407	349	2117	187.696	187.696	187.696
338	1	0	10.138875	11.188771	-174.805571	338	2118	188.248	188.248	188.248
339	1	0	9.588875	11.188771	180.000000	327	2118	188.798	188.798	188.798
340	1	0	9.188875	11.338771	159.443955	319	2115	189.225	189.225	189.225
341	1	0	8.638875	11.288771	-174.805571	308	2116	189.778	189.778	189.778
342	1	0	8.088875	11.288771	180.000000	297	2116	190.328	190.328	190.328
343	1	0	7.538875	11.238771	-174.805571	286	2117	190.880	190.880	190.880
344	1	0	6.988875	11.238771	180.000000	275	2117	191.430	191.430	191.430
345	1	0	6.438875	11.188771	-174.805571	264	2118	191.982	191.982	191.982
346	1	0	5.888875	11.188771	180.000000	253	2118	192.532	192.532	192.532
347	1	0	5.338875	11.138771	-174.805571	242	2119	193.085	193.085	193.085
348	1	0	4.788875	11.138771	180.000000	231	2119	193.635	193.635	193.635
349	1	0	4.738875	11.688771	95.194429	230	2108	194.187	194.187	194.187
350	1	0	4.738875	12.238771	90.000000	230	2097	194.737	194.737	194.737
351	1	0	4.688875	12.788771	95.194429	229	2086	195.289	195.289	195.289
352	1	0	4.688875	13.338771	90.000000	229	2075	195.839	195.839	195.839
353	1	0	4.638875	13.888771	95.194429	228	2064	196.391	196.391	196.391
354	1	0	4.638875	14.438771	90.000000	228	2053	196.941	196.941	196.941
355	1	0	4.588875	14.988771	95.194429	227	2042	197.494	197.494	197.494
356	1	0	4.488875	15.638771	98.746162	225	2029	198.151	198.151	198.151
357	1	0	4.538875	16.088771	83.659808	226	2020	198.604	198.604	198.604
358	1	0	4.538875	16.638771	90.000000	226	2009	199.154	199.154	199.154
359	1	0	4.488875	17.188771	95.194429	225	1998	199.706	199.706	199.706
360	1	0	4.488875	17.738771	90.000000	225	1987	200.256	200.256	200.256
361	1	0	4.438875	18.288771	95.194429	224	1976	200.809	200.809	200.809
362	1	0	4.438875	18.838771	90.000000	224	1965	201.359	201.359	201.359
363	1	0	4.388875	19.388771	95.194429	223	1954	201.911	201.911	201.911
364	1	0	4.388875	19.938771	90.000000	223	1943	202.461	202.461	202.461
365	1	0	4.338875	20.488771	95.194429	222	1932	203.013	203.013	203.013
366	1	0	4.338875	21.038771	90.000000	222	1921	203.563	203.563	203.563
367	1	0	4.338875	21.588771	90.000000	222	1910	204.113	204.113	204.113
368	1	0	4.288875	22.138771	95.194429	221	1899	204.665	204.665	204.665
369	1	0	4.288875	22.688771	90.000000	221	1888	205.215	205.215	205.215
370	1	0	4.238875	23.238771	95.194429	220	1877	205.768	205.768	205.768
371	1	0	4.238875	23.738771	90.000000	220	1867	206.268	206.268	206.268
372	1	0	4.188875	24.288771	95.194429	219	1856	206.820	206.820	206.820
373	1	0	4.188875	24.838771	90.000000	219	1845	207.370	207.370	207.370
374	1	0	4.138875	25.388771	95.194429	218	1834	207.922	207.922	207.922
375	1	0	4.138875	25.938771	90.000000	218	1823	208.472	208.472	208.472
376	1	0	4.088875	26.488771	95.194429	217	1812	209.024	209.024	209.024
377	1	0	4.088875	27.038771	90.000000	217	1801	209.574	209.574	209.574
378	1	0	4.038875	27.588771	95.194429	216	1790	210.127	210.127	210.127
379	1	0	4.038875	28.138771	90.000000	216	1779	210.677	210.677	210.677
380	1	0	3.988875	28.688771	95.194429	215	1768	211.229	211.229	211.229
381	1	0	3.988875	29.238771	90.000000	215	1757	211.779	211.779	211.779
382	1	0	3.938875	29.788771	95.194429	214	1746	212.331	212.331	212.331
383	1	0	4.338875	29.988771	26.565051	222	1742	212.778	212.778	212.778
384	1	0	4.388875	29.438771	-84.805571	223	1753	213.331	213.331	213.331
385	1	0	4.388875	28.888771	-90.000000	223	1764	213.881	213.881	213.881
386	1	0	4.388875	28.388771	-90.000000	223	1774	214.381	214.381	214.381
387	1	0	4.588875	27.638771	-75.068583	227	1789	215.157	215.157	215.157
388	1	0	4.588875	27.138771	-90.000000	227	1799	215.657	215.657	215.657
389	1	0	4.538875	26.638771	-95.710593	226	1809	216.159	216.159	216.159
390	1	0	4.538875	26.138771	-90.000000	226	1819	216.659	216.659	216.659
391	1	0	4.588875	25.538771	-85.236358	227	1831	217.262	217.262	217.262
392	1	0	4.488875	25.088771	-102.528808	225	1840	217.723	217.723	217.723
393	1	0	4.488875	24.588771	-90.000000	225	1850	218.223	218.223	218.223
394	1	0	4.488875	24.038771	-90.000000	225	1861	218.773	218.773	218.773
395	1	0	4.788875	23.238771	-69.443955	231	1877	219.627	219.627	219.627
396	1	0	4.838875	22.688771	-84.805571	232	1888	220.179	220.179	220.179
397	1	0	5.388875	22.688771	0.000000	243	1888	220.729	220.729	220.729
398	1	0	5.938875	22.738771	5.194429	254	1887	221.281	221.281	221.281
399	1	0	6.488875	22.738771	0.000000	265	1887	221.831	221.831	221.831
400	1	0	7.038875	22.788771	5.194429	276	1886	222.384	222.384	222.384
401	1	0	7.538875	22.788771	0.000000	286	1886	222.884	222.884	222.884
402	1	0	8.088875	22.838771	5.194429	297	1885	223.436	223.436	223.436
403	1	0	8.638875	22.838771	0.000000	308	1885	223.986	223.986	223.986
404	1	0	9.188875	22.888771	5.194429	319	1884	224.538	224.538	224.538
405	1	0	9.738875	22.888771	0.000000	330	1884	225.088	225.088	225.088
406	1	0	10.288875	22.938771	5.194429	341	1883	225.641	225.641	225.641
407	1	0	10.838875	22.938771	0.000000	352	1883	226.191	226.191	226.191
408	1	0	11.388875	22.988771	5.194429	363	1882	226.743	226.743	226.743
409	1	0	11.938875	22.988771	0.000000	374	1882	227.293	227.293	227.293
410	1	0	12.488875	23.038771	5.194429	385	1881	227.845	227.845	227.845
411	1	0	13.038875	23.038771	0.000000	396	1881	228.395	228.395	228.395
412	1	0	13.588875	23.088771	5.194429	407	1880	228.947	228.947	228.947
413	1	0	14.138875	23.088771	0.000000	418	1880	229.497	229.497	229.497
414	1	0	14.688875	23.138771	5.194429	429	1879	230.050	230.050	230.050
415	1	0	15.238875	23.138771	0.000000	440	1879	230.600	230.600	230.600
416	1	0	15.788875	23.188771	5.194429	451	1878	231.152	231.152	231.152
417	1	0	16.338875	23.188771	0.000000	462	1878	231.702	231.702	231.702
418	1	0	16.888875	23.238771	5.194429	473	1877	232.254	232.254	232.254
419	1	0	17.438875	23.238771	0.000000	484	1877	232.804	232.804	232.804
420	1	0	17.988875	23.288771	5.194429	495	1876	233.356	233.356	233.356
421	1	0	18.538875	23.288771	0.000000	506	1876	233.906	233.906	233.906
422	1	0	19.088875	23.288771	0.000000	517	1876	234.456	234.456	234.456
423	1	0	19.638875	23.338771	5.194429	528	1875	235.009	235.009	235.009
424	1	0	20.188875	23.338771	0.000000	539	1875	235.559	235.559	235.559
425	1	0	20.738875	23.388771	5.194429	550	1874	236.111	236.111	236.111
426	1	0	21.288875	23.388771	0.000000	561	1874	236.661	236.661	236.661
427	1	0	21.238875	22.938771	-96.340192	560	1883	237.114	237.114	237.114
428	1	0	20.738875	22.888771	-174.289407	550	1884	237.616	237.616	237.616
429	1	0	20.138875	22.888771	180.000000	538	1884	238.216	238.216	238.216
430	1	0	19.588875	22.888771	180.000000	527	1884	238.766	238.766	238.766
431	1	0	18.738875	23.588771	140.527540	510	1870	239.867	239.867	239.867
432	1	0	17.788875	23.588771	180.000000	491	1870	240.817	240.817	240.817
433	1	0	17.388875	23.588771	180.000000	483	1870	241.217	241.217	241.217
434	1	0	16.738875	23.588771	180.000000	470	1870	241.867	241.867	241.867
435	1	0	16.338875	23.738771	159.443955	462	1867	242.295	242.295	242.295
436	1	0	15.938875	23.888771	159.443955	454	1864	242.722	242.722	242.722
437	1	0	15.138875	23.538771	-156.370622	438	1871	243.595	243.595	243.595
438	1	0	14.538875	23.488771	-175.236358	426	1872	244.197	244.197	244.197
439	1	0	13.988875	23.488771	180.000000	415	1872	244.747	244.747	244.747
440	1	0	13.588875	23.638771	159.443955	407	1869	245.174	245.174	245.174
441	1	0	13.038875	23.588771	-174.805571	396	1870	245.726	245.726	245.726
442	1	0	12.488875	23.588771	180.000000	385	1870	246.276	246.276	246.276
443	1	0	11.988875	23.438771	-163.300756	375	1873	246.799	246.799	246.799
444	1	0	11.288875	23.438771	180.000000	361	1873	247.499	247.499	247.499
445	1	0	10.788875	23.438771	180.000000	351	1873	247.999	247.999	247.999
446	1	0	10.238875	23.438771	180.000000	340	1873	248.549	248.549	248.549
447	1	0	9.738875	23.438771	180.000000	330	1873	249.049	249.049	249.049
448	1	0	9.138875	23.388771	-175.236358	318	1874	249.651	249.651	249.651
449	1	0	8.638875	23.388771	180.000000	308	1874	250.151	250.151	250.151
450	1	0	8.088875	23.388771	180.000000	297	1874	250.701	250.701	250.701
451	1	0	7.538875	23.338771	-174.805571	286	1875	251.253	251.253	251.253
452	1	0	6.988875	23.338771	180.000000	275	1875	251.803	251.803	251.803
453	1	0	6.438875	23.288771	-174.805571	264	1876	252.355	252.355	252.355
454	1	0	5.888875	23.288771	180.000000	253	1876	252.905	252.905	252.905
455	1	0	6.588875	22.488771	-48.814075	267	1892	253.968	253.968	253.968
456	1	0	7.738875	22.488771	0.000000	290	1892	255.118	255.118	255.118
457	1	0	8.734084	22.268230	-5.440332	310	1896	256.137	256.137	256.137
458	1	0	9.206000	22.338771	-6.340192	319	1895	256.615	256.615	256.615
459	1	0	9.632708	22.330565	29.744881	328	1895	257.041	257.041	257.041
460	1	0	9.501873	21.679189	-115.016893	325	1908	257.706	257.706	257.706
461	1	0	8.788875	21.638771	-161.565051	311	1909	258.420	258.420	258.420
462	1	0	8.788875	21.238771	-90.000000	311	1917	258.820	258.820	258.820
463	1	0	8.788875	20.688771	-90.000000	311	1928	259.370	259.370	259.370
464	1	0	8.788875	20.088771	-90.000000	311	1940	259.970	259.970	259.970
465	1	0	8.938875	19.788771	-63.434949	314	1946	260.305	260.305	260.305
466	1	0	9.338875	19.588771	-26.565051	322	1950	260.753	260.753	260.753
467	1	0	9.738875	19.738771	20.556045	330	1947	261.180	261.180	261.180
468	1	0	10.238875	19.838771	11.309932	340	1945	261.690	261.690	261.690
469	1	0	10.838875	19.788771	-4.763642	352	1946	262.292	262.292	262.292
470	1	0	11.388875	19.838771	5.194429	363	1945	262.844	262.844	262.844
471	1	0	12.138875	19.738771	-7.594643	378	1947	263.601	263.601	263.601
472	1	0	12.638875	19.738771	0.000000	388	1947	264.101	264.101	264.101
473	1	0	13.188875	19.738771	0.000000	399	1947	264.651	264.651	264.651
474	1	0	13.738875	19.788771	5.194429	410	1946	265.203	265.203	265.203
475	1	0	14.188875	19.888771	12.528808	419	1944	265.664	265.664	265.664
476	1	0	14.788875	19.888771	0.000000	431	1944	266.264	266.264	266.264
477	1	0	15.338875	19.888771	0.000000	442	1944	266.814	266.814	266.814
478	1	0	15.938875	19.888771	0.000000	454	1944	267.414	267.414	267.414
479	1	0	16.488875	19.888771	0.000000	465	1944	267.964	267.964	267.964
480	1	0	17.038875	19.938771	5.194429	476	1943	268.516	268.516	268.516
481	1	0	17.588875	19.938771	0.000000	487	1943	269.066	269.066	269.066
482	1	0	18.138875	19.988771	5.194429	498	1942	269.618	269.618	269.618
483	1	0	18.688875	19.988771	0.000000	509	1942	270.168	270.168	270.168
484	1	0	19.238875	20.038771	5.194429	520	1941	270.721	270.721	270.721
485	1	0	19.788875	20.038771	0.000000	531	1941	271.271	271.271	271.271
486	1	0	20.338875	20.038771	0.000000	542	1941	271.821	271.821	271.821
487	1	0	20.888875	20.088771	5.194429	553	1940	272.373	272.373	272.373
488	1	0	21.438875	20.088771	0.000000	564	1940	272.923	272.923	272.923
489	1	0	21.288875	20.488771	110.556045	561	1932	273.350	273.350	273.350
490	1	0	20.738875	20.488771	180.000000	550	1932	273.900	273.900	273.900
491	1	0	20.188875	20.438771	-174.805571	539	1933	274.452	274.452	274.452
492	1	0	19.688875	20.488771	174.289407	529	1932	274.955	274.955	274.955
493	1	0	19.188875	20.488771	180.000000	519	1932	275.455	275.455	275.455
494	1	0	18.688875	20.538771	174.289407	509	1931	275.957	275.957	275.957
495	1	0	18.138875	20.538771	180.000000	498	1931	276.507	276.507	276.507
496	1	0	17.588875	20.488771	-174.805571	487	1932	277.060	277.060	277.060
497	1	0	17.038875	20.488771	180.000000	476	1932	277.610	277.610	277.610
498	1	0	16.488875	20.438771	-174.805571	465	1933	278.162	278.162	278.162
499	1	0	15.938875	20.438771	180.000000	454	1933	278.712	278.712	278.712
500	1	0	15.388875	20.388771	-174.805571	443	1934	279.264	279.264	279.264
501	1	0	14.838875	20.388771	180.000000	432	1934	279.814	279.814	279.814
502	1	0	14.288875	20.338771	-174.805571	421	1935	280.367	280.367	280.367
503	1	0	13.738875	20.338771	180.000000	410	1935	280.917	280.917	280.917
504	1	0	13.188875	20.288771	-174.805571	399	1936	281.469	281.469	281.469
505	1	0	12.638875	20.288771	180.000000	388	1936	282.019	282.019	282.019
506	1	0	12.088875	20.238771	-174.805571	377	1937	282.571	282.571	282.571
507	1	0	11.538875	20.238771	180.000000	366	1937	283.121	283.121	283.121
508	1	0	10.988875	20.188771	-174.805571	355	1938	283.673	283.673	283.673
509	1	0	10.438875	20.188771	180.000000	344	1938	284.223	284.223	284.223
510	1	0	9.888875	20.138771	-174.805571	333	1939	284.776	284.776	284.776
511	1	0	9.338875	20.138771	180.000000	322	1939	285.326	285.326	285.326
512	1	0	9.288875	20.688771	95.194429	321	1928	285.878	285.878	285.878
513	1	0	9.688875	20.688771	0.000000	329	1928	286.278	286.278	286.278
514	1	0	9.688875	19.288771	-90.000000	329	1956	287.678	287.678	287.678
515	1	0	9.388875	19.038771	-140.194429	323	1961	288.068	288.068	288.068
516	1	0	9.338875	18.538771	-95.710593	322	1971	288.571	288.571	288.571
517	1	0	9.288875	18.088771	-96.340192	321	1980	289.024	289.024	289.024
518	1	0	9.138875	17.688771	-110.556045	318	1988	289.451	289.451	289.451
519	1	0	8.888875	17.338771	-125.537678	313	1995	289.881	289.881	289.881
520	1	0	8.988875	16.938771	-75.963757	315	2003	290.293	290.293	290.293
521	1	0	9.488875	16.838771	-11.309932	325	2005	290.803	290.803	290.803
522	1	0	9.988875	16.888771	5.710593	335	2004	291.306	291.306	291.306
523	1	0	10.588875	16.888771	0.000000	347	2004	291.906	291.906	291.906
524	1	0	11.138875	16.888771	0.000000	358	2004	292.456	292.456	292.456
525	1	0	11.688875	16.938771	5.194429	369	2003	293.008	293.008	293.008
526	1	0	12.238875	16.938771	0.000000	380	2003	293.558	293.558	293.558
527	1	0	12.788875	16.988771	5.194429	391	2002	294.110	294.110	294.110
528	1	0	13.338875	16.988771	0.000000	402	2002	294.660	294.660	294.660
529	1	0	13.888875	17.038771	5.194429	413	2001	295.212	295.212	295.212
530	1	0	14.438875	17.038771	0.000000	424	2001	295.762	295.762	295.762
531	1	0	14.988875	17.088771	5.194429	435	2000	296.315	296.315	296.315
532	1	0	15.538875	17.088771	0.000000	446	2000	296.865	296.865	296.865
533	1	0	16.088875	17.138771	5.194429	457	1999	297.417	297.417	297.417
534	1	0	16.638875	17.138771	0.000000	468	1999	297.967	297.967	297.967
535	1	0	17.188875	17.188771	5.194429	479	1998	298.519	298.519	298.519
536	1	0	17.738875	17.188771	0.000000	490	1998	299.069	299.069	299.069
537	1	0	18.288875	17.238771	5.194429	501	1997	299.622	299.622	299.622
538	1	0	18.838875	17.238771	0.000000	512	1997	300.172	300.172	300.172
539	1	0	19.388875	17.288771	5.194429	523	1996	300.724	300.724	300.724
540	1	0	19.938875	17.288771	0.000000	534	1996	301.274	301.274	301.274
541	1	0	20.488875	17.338771	5.194429	545	1995	301.826	301.826	301.826
542	1	0	21.038875	17.338771	0.000000	556	1995	302.376	302.376	302.376
543	1	0	21.588875	17.388771	5.194429	567	1994	302.928	302.928	302.928
544	1	0	21.588875	16.988771	-90.000000	567	2002	303.328	303.328	303.328
545	1	0	21.838875	16.088771	-74.475889	572	2020	304.262	304.262	304.262
546	1	0	21.838875	15.038771	-90.000000	572	2041	305.312	305.312	305.312
547	1	0	21.688875	14.638771	-110.556045	569	2049	305.740	305.740	305.740
548	1	0	21.688875	14.088771	-90.000000	569	2060	306.290	306.290	306.290
549	1	0	21.138875	14.038771	-174.805571	558	2061	306.842	306.842	306.842
550	1	0	20.588875	14.038771	180.000000	547	2061	307.392	307.392	307.392
551	1	0	20.038875	13.988771	-174.805571	536	2062	307.944	307.944	307.944
552	1	0	19.488875	13.988771	180.000000	525	2062	308.494	308.494	308.494
553	1	0	18.838875	14.038771	175.601295	512	2061	309.146	309.146	309.146
554	1	0	18.288875	14.038771	180.000000	501	2061	309.696	309.696	309.696
555	1	0	17.838875	13.888771	-161.565051	492	2064	310.170	310.170	310.170
556	1	0	17.238875	13.938771	175.236358	480	2063	310.772	310.772	310.772
557	1	0	16.738875	13.838771	-168.690068	470	2065	311.282	311.282	311.282
558	1	0	16.188875	13.838771	180.000000	459	2065	311.832	311.832	311.832
559	1	0	15.538875	13.888771	175.601295	446	2064	312.484	312.484	312.484
560	1	0	15.038875	13.838771	-174.289407	436	2065	312.987	312.987	312.987
561	1	0	14.488875	13.788771	-174.805571	425	2066	313.539	313.539	313.539
562	1	0	13.938875	13.788771	180.000000	414	2066	314.089	314.089	314.089
563	1	0	13.488875	13.688771	-167.471192	405	2068	314.550	314.550	314.550
564	1	0	12.938875	13.688771	180.000000	394	2068	315.100	315.100	315.100
565	1	0	12.388875	13.638771	-174.805571	383	2069	315.652	315.652	315.652
566	1	0	12.338875	14.188771	95.194429	382	2058	316.205	316.205	316.205
567	1	0	12.338875	14.738771	90.000000	382	2047	316.755	316.755	316.755
568	1	0	12.288875	15.288771	95.194429	381	2036	317.307	317.307	317.307
569	1	0	12.288875	15.838771	90.000000	381	2025	317.857	317.857	317.857
570	1	0	12.238875	16.388771	95.194429	380	2014	318.409	318.409	318.409
571	1	0	12.788875	16.438771	5.194429	391	2013	318.961	318.961	318.961
572	1	0	13.338875	16.438771	0.000000	402	2013	319.511	319.511	319.511
573	1	0	13.888875	16.488771	5.194429	413	2012	320.064	320.064	320.064
574	1	0	13.938875	15.938771	-84.805571	414	2023	320.616	320.616	320.616
575	1	0	13.938875	15.388771	-90.000000	414	2034	321.166	321.166	321.166
576	1	0	13.988875	14.838771	-84.805571	415	2045	321.718	321.718	321.718
577	1	0	13.988875	14.288771	-90.000000	415	2056	322.268	322.268	322.268
578	1	0	13.438875	14.238771	-174.805571	404	2057	322.820	322.820	322.820
579	1	0	12.888875	14.238771	180.000000	393	2057	323.370	323.370	323.370
580	1	0	12.888875	14.788771	90.000000	393	2046	323.920	323.920	323.920
581	1	0	12.838875	15.338771	95.194429	392	2035	324.473	324.473	324.473
582	1	0	12.838875	15.888771	90.000000	392	2024	325.023	325.023	325.023
583	1	0	13.388875	15.888771	0.000000	403	2024	325.573	325.573	325.573
584	1	0	13.388875	15.338771	-90.000000	403	2035	326.123	326.123	326.123
585	1	0	13.438875	14.788771	-84.805571	404	2046	326.675	326.675	326.675
586	1	0	14.438875	14.738771	-2.862405	424	2047	327.676	327.676	327.676
587	1	0	15.038875	14.788771	4.763642	436	2046	328.278	328.278	328.278
588	1	0	15.538875	14.788771	0.000000	446	2046	328.778	328.778	328.778
589	1	0	16.138875	14.838771	4.763642	458	2045	329.380	329.380	329.380
590	1	0	16.638875	14.838771	0.000000	468	2045	329.880	329.880	329.880
591	1	0	17.138875	14.838771	0.000000	478	2045	330.380	330.380	330.380
592	1	0	17.838875	14.838771	0.000000	492	2045	331.080	331.080	331.080
593	1	0	18.188875	14.788771	-8.130102	499	2046	331.434	331.434	331.434
594	1	0	18.738875	14.838771	5.194429	510	2045	331.986	331.986	331.986
595	1	0	19.288875	14.838771	0.000000	521	2045	332.536	332.536	332.536
596	1	0	19.788875	14.838771	0.000000	531	2045	333.036	333.036	333.036
597	1	0	20.338875	14.838771	0.000000	542	2045	333.586	333.586	333.586
598	1	0	20.588875	14.588771	-45.000000	547	2050	333.940	333.940	333.940
599	1	0	20.038875	14.538771	-174.805571	536	2051	334.492	334.492	334.492
600	1	0	19.488875	14.538771	180.000000	525	2051	335.042	335.042	335.042
601	1	0	18.938875	14.488771	-174.805571	514	2052	335.594	335.594	335.594
602	1	0	18.388875	14.488771	180.000000	503	2052	336.144	336.144	336.144
603	1	0	17.838875	14.438771	-174.805571	492	2053	336.697	336.697	336.697
604	1	0	17.288875	14.438771	180.000000	481	2053	337.247	337.247	337.247
605	1	0	16.738875	14.388771	-174.805571	470	2054	337.799	337.799	337.799
606	1	0	16.188875	14.388771	180.000000	459	2054	338.349	338.349	338.349
607	1	0	15.638875	14.338771	-174.805571	448	2055	338.901	338.901	338.901
608	1	0	15.088875	14.338771	180.000000	437	2055	339.451	339.451	339.451
609	1	0	14.538875	14.288771	-174.805571	426	2056	340.003	340.003	340.003
610	1	0	13.788875	13.438771	-131.423666	411	2073	341.137	341.137	341.137
611	1	0	13.488875	13.138771	-135.000000	405	2079	341.561	341.561	341.561
612	1	0	12.938875	13.138771	180.000000	394	2079	342.111	342.111	342.111
613	1	0	12.388875	13.088771	-174.805571	383	2080	342.664	342.664	342.664
614	1	0	12.438875	12.538771	-84.805571	384	2091	343.216	343.216	343.216
615	1	0	12.438875	11.988771	-90.000000	384	2102	343.766	343.766	343.766
616	1	0	12.988875	12.038771	5.194429	395	2101	344.318	344.318	344.318
617	1	0	13.538875	12.038771	0.000000	406	2101	344.868	344.868	344.868
618	1	0	13.838875	12.338771	45.000000	412	2095	345.292	345.292	345.292
619	1	0	13.838875	12.788771	90.000000	412	2086	345.742	345.742	345.742
620	1	0	13.538875	12.588771	-146.309932	406	2090	346.103	346.103	346.103
621	1	0	12.988875	12.588771	180.000000	395	2090	346.653	346.653	346.653
622	1	0	11.788875	14.188771	126.869898	371	2058	348.653	348.653	348.653
623	1	0	11.788875	14.738771	90.000000	371	2047	349.203	349.203	349.203
624	1	0	11.238875	14.688771	-174.805571	360	2048	349.755	349.755	349.755
625	1	0	10.688875	14.688771	180.000000	349	2048	350.305	350.305	350.305
626	1	0	10.138875	14.638771	-174.805571	338	2049	350.857	350.857	350.857
627	1	0	9.588875	14.638771	180.000000	327	2049	351.407	351.407	351.407
628	1	0	9.038875	14.638771	180.000000	316	2049	351.957	351.957	351.957
629	1	0	8.488875	14.588771	-174.805571	305	2050	352.510	352.510	352.510
630	1	0	7.938875	14.588771	180.000000	294	2050	353.060	353.060	353.060
631	1	0	7.388875	14.538771	-174.805571	283	2051	353.612	353.612	353.612
632	1	0	6.838875	14.538771	180.000000	272	2051	354.162	354.162	354.162
633	1	0	6.288875	14.488771	-174.805571	261	2052	354.714	354.714	354.714
634	1	0	5.738875	14.488771	180.000000	250	2052	355.264	355.264	355.264
635	1	0	5.188875	14.438771	-174.805571	239	2053	355.816	355.816	355.816
636	1	0	5.188875	13.888771	-90.000000	239	2064	356.366	356.366	356.366
637	1	0	5.038875	13.538771	-113.198591	236	2071	356.747	356.747	356.747
638	1	0	4.988875	13.038771	-95.710593	235	2081	357.250	357.250	357.250
639	1	0	5.038875	12.438771	-85.236358	236	2093	357.852	357.852	357.852
640	1	0	5.038875	11.938771	-90.000000	236	2103	358.352	358.352	358.352
641	1	0	5.588875	11.438771	-42.273689	247	2113	359.095	359.095	359.095
642	1	0	5.088875	10.288771	-113.498566	237	2136	360.349	360.349	360.349
643	1	0	3.888875	9.838771	-159.443955	213	2145	361.631	361.631	361.631
644	1	0	3.888875	8.788771	-90.000000	213	2166	362.681	362.681	362.681
645	1	0	3.838875	10.688771	91.507436	212	2128	364.581	364.581	364.581
646	1	0	3.838875	11.838771	90.000000	212	2105	365.731	365.731	365.731
647	1	0	3.788875	12.338771	95.710593	211	2095	366.234	366.234	366.234
648	1	0	3.788875	12.938771	90.000000	211	2083	366.834	366.834	366.834
649	1	0	3.788875	13.488771	90.000000	211	2072	367.384	367.384	367.384
650	1	0	3.788875	14.088771	90.000000	211	2060	367.984	367.984	367.984
651	1	0	3.738875	14.638771	95.194429	210	2049	368.536	368.536	368.536
652	1	0	3.738875	15.188771	90.000000	210	2038	369.086	369.086	369.086
653	1	0	3.738875	15.738771	90.000000	210	2027	369.636	369.636	369.636
654	1	0	4.888875	16.838771	43.726970	233	2005	371.228	371.228	371.228
655	1	0	5.038875	17.188771	66.801409	236	1998	371.608	371.608	371.608
656	1	0	4.888875	17.588771	110.556045	233	1990	372.036	372.036	372.036
657	1	0	5.388875	17.538771	-5.710593	243	1991	372.538	372.538	372.538
658	1	0	5.888875	17.538771	0.000000	253	1991	373.038	373.038	373.038
659	1	0	6.438875	17.538771	0.000000	264	1991	373.588	373.588	373.588
660	1	0	6.988875	17.588771	5.194429	275	1990	374.140	374.140	374.140
661	1	0	7.538875	17.588771	0.000000	286	1990	374.690	374.690	374.690
662	1	0	7.788875	17.288771	-50.194429	291	1996	375.081	375.081	375.081
663	1	0	7.838875	16.888771	-82.874984	292	2004	375.484	375.484	375.484
664	1	0	8.238875	16.938771	7.125016	300	2003	375.887	375.887	375.887
665	1	0	8.338875	17.338771	75.963757	302	1995	376.299	376.299	376.299
666	1	0	7.238875	17.288771	-177.397438	280	1996	377.400	377.400	377.400
667	1	0	6.688875	17.288771	180.000000	269	1996	377.950	377.950	377.950
668	1	0	6.138875	17.238771	-174.805571	258	1997	378.503	378.503	378.503
669	1	0	5.588875	17.238771	180.000000	247	1997	379.053	379.053	379.053
670	1	0	5.588875	16.888771	-90.000000	247	2004	379.403	379.403	379.403
671	1	0	6.038875	16.838771	-6.340192	256	2005	379.856	379.856	379.856
672	1	0	6.638875	16.788771	-4.763642	268	2006	380.458	380.458	380.458
673	1	0	7.138875	16.888771	11.309932	278	2004	380.967	380.967	380.967
674	1	0	6.638875	14.788771	-103.392498	268	2046	383.126	383.126	383.126
675	1	0	6.838875	13.988771	-75.963757	272	2062	383.951	383.951	383.951
676	1	0	6.788875	13.588771	-97.125016	271	2070	384.354	384.354	384.354
677	1	0	6.188875	13.538771	-175.236358	259	2071	384.956	384.956	384.956
678	1	0	5.638875	13.538771	180.000000	248	2071	385.506	385.506	385.506
679	1	0	5.738875	13.938771	75.963757	250	2063	385.918	385.918	385.918
680	1	0	6.288875	13.938771	0.000000	261	2063	386.468	386.468	386.468
681	1	0	7.288875	13.588771	-19.290046	281	2070	387.528	387.528	387.528
682	1	0	7.938875	13.588771	0.000000	294	2070	388.178	388.178	388.178
683	1	0	8.438875	13.588771	0.000000	304	2070	388.678	388.678	388.678
684	1	0	9.088875	13.588771	0.000000	317	2070	389.328	389.328	389.328
685	1	0	9.238875	12.838771	-78.690068	320	2085	390.093	390.093	390.093
686	1	0	9.238875	12.538771	-90.000000	320	2091	390.393	390.393	390.393
687	1	0	9.288875	12.038771	-84.289407	321	2101	390.895	390.895	390.895
688	1	0	9.488875	10.488771	-82.647621	325	2132	392.458	392.458	392.458
689	1	0	9.338875	10.138771	-113.198591	322	2139	392.839	392.839	392.839
690	1	0	9.338875	9.788771	-90.000000	322	2146	393.189	393.189	393.189
691	1	0	9.281845	8.907042	-86.185925	321	2164	394.072	394.072	394.072
692	1	0	12.374213	8.884748	3.632951	383	2164	397.165	397.165	397.165
693	1	0	13.088875	9.288771	5.194429	397	2156	397.986	397.986	397.986
694	1	0	13.638875	9.288771	0.000000	408	2156	398.536	398.536	398.536
695	1	0	13.988875	9.538771	35.537678	415	2151	398.966	398.966	398.966
696	1	0	13.588875	10.388771	115.201124	407	2134	399.905	399.905	399.905
697	1	0	13.038875	10.388771	180.000000	396	2134	400.455	400.455	400.455
698	1	0	12.488875	10.338771	-174.805571	385	2135	401.008	401.008	401.008
699	1	0	12.538875	9.788771	-84.805571	386	2146	401.560	401.560	401.560
700	1	0	13.088875	9.838771	5.194429	397	2145	402.112	402.112	402.112
701	1	0	13.638875	9.838771	0.000000	408	2145	402.662	402.662	402.662
702	1	0	11.188875	14.188771	119.389011	359	2058	407.655	407.655	407.655
703	1	0	10.638875	14.188771	180.000000	348	2058	408.205	408.205	408.205
704	1	0	10.088875	14.138771	-174.805571	337	2059	408.757	408.757	408.757
705	1	0	9.588875	14.088771	-174.289407	327	2060	409.259	409.259	409.259
706	1	0	9.038875	14.088771	180.000000	316	2060	409.809	409.809	409.809
707	1	0	8.488875	14.038771	-174.805571	305	2061	410.362	410.362	410.362
708	1	0	7.938875	14.038771	180.000000	294	2061	410.912	410.912	410.912
709	1	0	9.188875	14.938771	35.753887	319	2043	412.452	412.452	412.452
710	1	0	9.538875	15.188771	35.537678	326	2038	412.882	412.882	412.882
711	1	0	9.838875	15.438771	39.805571	332	2033	413.273	413.273	413.273
712	1	0	9.788875	15.988771	95.194429	331	2022	413.825	413.825	413.825
713	1	0	9.438875	17.388771	104.036243	324	1994	415.268	415.268	415.268
714	1	0	9.988875	17.388771	0.000000	335	1994	415.818	415.818	415.818
715	1	0	10.538875	17.438771	5.194429	346	1993	416.370	416.370	416.370
716	1	0	11.088875	17.438771	0.000000	357	1993	416.920	416.920	416.920
717	1	0	11.638875	17.488771	5.194429	368	1992	417.472	417.472	417.472
718	1	0	12.188875	17.488771	0.000000	379	1992	418.022	418.022	418.022
719	1	0	12.738875	17.538771	5.194429	390	1991	418.575	418.575	418.575
720	1	0	13.288875	17.538771	0.000000	401	1991	419.125	419.125	419.125
721	1	0	13.838875	17.588771	5.194429	412	1990	419.677	419.677	419.677
722	1	0	14.388875	17.588771	0.000000	423	1990	420.227	420.227	420.227
723	1	0	14.938875	17.638771	5.194429	434	1989	420.779	420.779	420.779
724	1	0	15.488875	17.638771	0.000000	445	1989	421.329	421.329	421.329
725	1	0	16.038875	17.688771	5.194429	456	1988	421.882	421.882	421.882
726	1	0	16.588875	17.688771	0.000000	467	1988	422.432	422.432	422.432
727	1	0	17.088875	17.688771	0.000000	477	1988	422.932	422.932	422.932
728	1	0	17.738875	17.788771	8.746162	490	1986	423.589	423.589	423.589
729	1	0	18.138875	17.688771	-14.036243	498	1988	424.001	424.001	424.001
730	1	0	18.688875	17.688771	0.000000	509	1988	424.551	424.551	424.551
731	1	0	19.238875	17.688771	0.000000	520	1988	425.101	425.101	425.101
732	1	0	19.788875	17.738771	5.194429	531	1987	425.654	425.654	425.654
733	1	0	20.338875	17.738771	0.000000	542	1987	426.204	426.204	426.204
734	1	0	20.888875	17.788771	5.194429	553	1986	426.756	426.756	426.756
735	1	0	20.838875	16.988771	-93.576334	552	2002	427.558	427.558	427.558
736	1	0	20.288875	16.938771	-174.805571	541	2003	428.110	428.110	428.110
737	1	0	19.738875	16.938771	180.000000	530	2003	428.660	428.660	428.660
738	1	0	19.288875	16.938771	180.000000	521	2003	429.110	429.110	429.110
739	1	0	18.588875	16.938771	180.000000	507	2003	429.810	429.810	429.810
740	1	0	18.188875	16.838771	-165.963757	499	2005	430.222	430.222	430.222
741	1	0	17.588875	16.838771	180.000000	487	2005	430.822	430.822	430.822
742	1	0	17.088875	16.888771	174.289407	477	2004	431.325	431.325	431.325
743	1	0	17.738875	18.338771	65.854458	490	1975	432.914	432.914	432.914
744	1	0	17.738875	18.938771	90.000000	490	1963	433.514	433.514	433.514
745	1	0	17.738875	19.488771	90.000000	490	1952	434.064	434.064	434.064
746	1	0	17.438875	22.738771	95.273896	484	1887	437.327	437.327	437.327
747	1	0	16.888875	22.738771	180.000000	473	1887	437.877	437.877	437.877
748	1	0	16.288875	22.738771	180.000000	461	1887	438.477	438.477	438.477
749	1	0	15.738875	22.738771	180.000000	450	1887	439.027	439.027	439.027
750	1	0	15.288875	22.738771	180.000000	441	1887	439.477	439.477	439.477
751	1	0	14.588875	22.838771	171.869898	427	1885	440.185	440.185	440.185
752	1	0	13.988875	22.738771	-170.537678	415	1887	440.793	440.793	440.793
753	1	0	13.638875	22.538771	-150.255119	408	1891	441.196	441.196	441.196
754	1	0	13.088875	22.488771	-174.805571	397	1892	441.748	441.748	441.748
755	1	0	12.538875	22.488771	180.000000	386	1892	442.298	442.298	442.298
756	1	0	12.238875	22.138771	-130.601295	380	1899	442.759	442.759	442.759
757	1	0	12.288875	21.588771	-84.805571	381	1910	443.311	443.311	443.311
758	1	0	12.588875	20.838771	-68.198591	387	1925	444.119	444.119	444.119
759	1	0	13.138875	20.838771	0.000000	398	1925	444.669	444.669	444.669
760	1	0	13.688875	20.888771	5.194429	409	1924	445.222	445.222	445.222
761	1	0	13.688875	21.438771	90.000000	409	1913	445.772	445.772	445.772
762	1	0	13.638875	21.988771	95.194429	408	1902	446.324	446.324	446.324
763	1	0	13.088875	21.938771	-174.805571	397	1903	446.876	446.876	446.876
764	1	0	12.538875	21.938771	180.000000	386	1903	447.426	447.426	447.426
765	1	0	12.588875	21.388771	-84.805571	387	1914	447.978	447.978	447.978
766	1	0	13.138875	21.388771	0.000000	398	1914	448.528	448.528	448.528
767	1	0	13.238875	19.188771	-87.397438	400	1958	450.731	450.731	450.731
768	1	0	13.238875	18.638771	-90.000000	400	1969	451.281	451.281	451.281
769	1	0	13.288875	18.088771	-84.805571	401	1980	451.833	451.833	451.833
770	1	0	13.738875	18.038771	-6.340192	410	1981	452.286	452.286	452.286
771	1	0	13.688875	18.788771	93.814075	409	1966	453.037	453.037	453.037
772	1	0	13.788875	19.238771	77.471192	411	1957	453.498	453.498	453.498
773	1	0	12.688875	19.188771	-177.397438	389	1958	454.599	454.599	454.599
774	1	0	12.138875	19.138771	-174.805571	378	1959	455.152	455.152	455.152
775	1	0	12.138875	18.588771	-90.000000	378	1970	455.702	455.702	455.702
776	1	0	12.188875	18.038771	-84.805571	379	1981	456.254	456.254	456.254
777	1	0	12.738875	18.088771	5.194429	390	1980	456.806	456.806	456.806
778	1	0	12.688875	18.638771	95.194429	389	1969	457.358	457.358	457.358
779	1	0	8.350497	20.040810	166.250951	302	1941	461.918	461.918	461.918
780	1	0	7.568334	19.962063	140.194429	287	1943	462.704	462.704	462.704
781	1	0	7.488875	20.388771	119.744881	285	1934	463.138	463.138	463.138
782	1	0	6.938875	20.388771	180.000000	274	1934	463.688	463.688	463.688
783	1	0	6.438875	20.388771	180.000000	264	1934	464.188	464.188	464.188
784	1	0	5.888875	20.388771	180.000000	253	1934	464.738	464.738	464.738
785	1	0	5.388875	20.388771	180.000000	243	1934	465.238	465.238	465.238
786	1	0	4.838875	20.388771	180.000000	232	1934	465.788	465.788	465.788
787	1	0	4.938875	19.938771	-77.471192	234	1943	466.249	466.249	466.249
788	1	0	5.488875	19.988771	5.194429	245	1942	466.801	466.801	466.801
789	1	0	6.038875	19.988771	0.000000	256	1942	467.351	467.351	467.351
790	1	0	6.588875	19.988771	0.000000	267	1942	467.901	467.901	467.901
791	1	0	7.138875	20.038771	5.194429	278	1941	468.453	468.453	468.453
792	1	0	8.350497	20.366855	22.380135	302	1934	469.709	469.709	469.709
793	1	0	8.561988	20.801699	22.380135	306	1925	470.192	470.192	470.192
794	1	0	8.770194	21.930398	22.380135	310	1903	471.340	471.340	471.340
795	1	0	8.277074	22.653641	22.380135	300	1888	472.215	472.215	472.215
796	1	0	6.988875	23.888771	105.945396	275	1864	474.000	474.000	474.000
797	1	0	6.938875	24.438771	95.194429	274	1853	474.552	474.552	474.552
798	1	0	6.938875	24.988771	90.000000	274	1842	475.102	475.102	475.102
799	1	0	6.888875	25.538771	95.194429	273	1831	475.655	475.655	475.655
800	1	0	6.888875	26.088771	90.000000	273	1820	476.205	476.205	476.205
801	1	0	6.838875	26.638771	95.194429	272	1809	476.757	476.757	476.757
802	1	0	6.838875	27.188771	90.000000	272	1798	477.307	477.307	477.307
803	1	0	6.788875	27.738771	95.194429	271	1787	477.859	477.859	477.859
804	1	0	6.238875	27.688771	-174.805571	260	1788	478.411	478.411	478.411
805	1	0	5.688875	27.688771	180.000000	249	1788	478.961	478.961	478.961
806	1	0	5.138875	27.638771	-174.805571	238	1789	479.514	479.514	479.514
807	1	0	5.088875	27.188771	-96.340192	237	1798	479.966	479.966	479.966
808	1	0	5.688875	27.188771	0.000000	249	1798	480.566	480.566	480.566
809	1	0	6.238875	27.188771	0.000000	260	1798	481.116	481.116	481.116
810	1	0	5.988875	27.988771	107.354025	255	1782	481.955	481.955	481.955
811	1	0	7.338875	27.738771	-10.491477	282	1787	483.328	483.328	483.328
812	1	0	7.888875	27.788771	5.194429	293	1786	483.880	483.880	483.880
813	1	0	8.438875	27.788771	0.000000	304	1786	484.430	484.430	484.430
814	1	0	8.988875	27.838771	5.194429	315	1785	484.982	484.982	484.982
815	1	0	9.538875	27.838771	0.000000	326	1785	485.532	485.532	485.532
816	1	0	10.038875	27.838771	0.000000	336	1785	486.032	486.032	486.032
817	1	0	10.588875	27.838771	0.000000	347	1785	486.582	486.582	486.582
818	1	0	11.188875	27.938771	9.462322	359	1783	487.190	487.190	487.190
819	1	0	11.738875	27.938771	0.000000	370	1783	487.740	487.740	487.740
820	1	0	12.288875	27.988771	5.194429	381	1782	488.293	488.293	488.293
821	1	0	12.838875	27.988771	0.000000	392	1782	488.843	488.843	488.843
822	1	0	13.288875	27.888771	-12.528808	401	1784	489.304	489.304	489.304
823	1	0	13.838875	27.938771	5.194429	412	1783	489.856	489.856	489.856
824	1	0	14.438875	27.988771	4.763642	424	1782	490.458	490.458	490.458
825	1	0	14.938875	27.988771	0.000000	434	1782	490.958	490.958	490.958
826	1	0	15.488875	27.988771	0.000000	445	1782	491.508	491.508	491.508
827	1	0	16.138875	28.138771	12.994617	458	1779	492.175	492.175	492.175
828	1	0	16.688875	28.138771	0.000000	469	1779	492.725	492.725	492.725
829	1	0	17.238875	28.188771	5.194429	480	1778	493.277	493.277	493.277
830	1	0	17.638875	28.038771	-20.556045	488	1781	493.704	493.704	493.704
831	1	0	18.138875	28.038771	0.000000	498	1781	494.204	494.204	494.204
832	1	0	18.988875	28.088771	3.366461	515	1780	495.056	495.056	495.056
833	1	0	19.788875	28.088771	0.000000	531	1780	495.856	495.856	495.856
834	1	0	20.288875	28.088771	0.000000	541	1780	496.356	496.356	496.356
835	1	0	20.838875	28.088771	0.000000	552	1780	496.906	496.906	496.906
836	1	0	21.088875	27.788771	-50.194429	557	1786	497.296	497.296	497.296
837	1	0	21.138875	27.238771	-84.805571	558	1797	497.849	497.849	497.849
838	1	0	20.588875	27.238771	180.000000	547	1797	498.399	498.399	498.399
839	1	0	19.988875	27.238771	180.000000	535	1797	498.999	498.999	498.999
840	1	0	19.488875	27.188771	-174.289407	525	1798	499.501	499.501	499.501
841	1	0	18.938875	27.138771	-174.805571	514	1799	500.053	500.053	500.053
842	1	0	18.388875	27.138771	180.000000	503	1799	500.603	500.603	500.603
843	1	0	17.788875	27.138771	180.000000	491	1799	501.203	501.203	501.203
844	1	0	17.238875	27.138771	180.000000	480	1799	501.753	501.753	501.753
845	1	0	16.788875	27.138771	180.000000	471	1799	502.203	502.203	502.203
846	1	0	16.188875	27.038771	-170.537678	459	1801	502.812	502.812	502.812
847	1	0	15.638875	27.088771	174.805571	448	1800	503.364	503.364	503.364
848	1	0	14.988875	27.088771	180.000000	435	1800	504.014	504.014	504.014
849	1	0	14.588875	27.088771	180.000000	427	1800	504.414	504.414	504.414
850	1	0	13.738875	27.188771	173.290163	410	1798	505.270	505.270	505.270
851	1	0	13.438875	26.938771	-140.194429	404	1803	505.660	505.660	505.660
852	1	0	12.888875	26.888771	-174.805571	393	1804	506.213	506.213	506.213
853	1	0	12.338875	26.888771	180.000000	382	1804	506.763	506.763	506.763
854	1	0	12.038875	27.088771	146.309932	376	1800	507.123	507.123	507.123
855	1	0	11.788875	27.388771	129.805571	371	1794	507.514	507.514	507.514
856	1	0	11.238875	27.388771	180.000000	360	1794	508.064	508.064	508.064
857	1	0	10.688875	27.338771	-174.805571	349	1795	508.616	508.616	508.616
858	1	0	10.138875	27.338771	180.000000	338	1795	509.166	509.166	509.166
859	1	0	9.588875	27.288771	-174.805571	327	1796	509.718	509.718	509.718
860	1	0	9.038875	27.288771	180.000000	316	1796	510.268	510.268	510.268
861	1	0	8.488875	27.238771	-174.805571	305	1797	510.821	510.821	510.821
862	1	0	7.938875	27.238771	180.000000	294	1797	511.371	511.371	511.371
863	1	0	9.488875	26.838771	-14.470294	325	1805	512.971	512.971	512.971
864	1	0	9.488875	26.288771	-90.000000	325	1816	513.521	513.521	513.521
865	1	0	9.488875	25.788771	-90.000000	325	1826	514.021	514.021	514.021
866	1	0	9.638875	25.038771	-78.690068	328	1841	514.786	514.786	514.786
867	1	0	9.688875	24.538771	-84.289407	329	1851	515.289	515.289	515.289
868	1	0	9.688875	23.988771	-90.000000	329	1862	515.839	515.839	515.839
869	1	0	12.088875	23.938771	-1.193489	377	1863	518.239	518.239	518.239
870	1	0	12.438875	24.138771	29.744881	384	1859	518.642	518.642	518.642
871	1	0	12.988875	24.138771	0.000000	395	1859	519.192	519.192	519.192
872	1	0	13.538875	24.188771	5.194429	406	1858	519.745	519.745	519.745
873	1	0	13.538875	24.738771	90.000000	406	1847	520.295	520.295	520.295
874	1	0	13.488875	25.288771	95.194429	405	1836	520.847	520.847	520.847
875	1	0	13.488875	25.838771	90.000000	405	1825	521.397	521.397	521.397
876	1	0	13.488875	26.388771	90.000000	405	1814	521.947	521.947	521.947
877	1	0	12.938875	26.338771	-174.805571	394	1815	522.499	522.499	522.499
878	1	0	12.388875	26.338771	180.000000	383	1815	523.049	523.049	523.049
879	1	0	12.038875	26.088771	-144.462322	376	1820	523.479	523.479	523.479
880	1	0	12.388875	25.788771	-40.601295	383	1826	523.940	523.940	523.940
881	1	0	12.938875	25.788771	0.000000	394	1826	524.490	524.490	524.490
882	1	0	12.938875	25.238771	-90.000000	394	1837	525.040	525.040	525.040
883	1	0	12.988875	24.688771	-84.805571	395	1848	525.592	525.592	525.592
884	1	0	12.438875	24.688771	180.000000	384	1848	526.142	526.142	526.142
885	1	0	12.088875	24.838771	156.801409	377	1845	526.523	526.523	526.523
886	1	0	12.038875	25.138771	99.462322	376	1839	526.827	526.827	526.827
887	1	0	12.388875	25.238771	15.945396	383	1837	527.191	527.191	527.191
888	1	0	12.338875	27.438771	91.301953	382	1793	529.392	529.392	529.392
889	1	0	12.888875	27.438771	0.000000	393	1793	529.942	529.942	529.942
890	1	0	13.438875	27.488771	5.194429	404	1792	530.494	530.494	530.494
891	1	0	13.988875	27.488771	0.000000	415	1792	531.044	531.044	531.044
892	1	0	14.538875	27.538771	5.194429	426	1791	531.597	531.597	531.597
893	1	0	15.088875	27.538771	0.000000	437	1791	532.147	532.147	532.147
894	1	0	15.638875	27.588771	5.194429	448	1790	532.699	532.699	532.699
895	1	0	16.138875	27.588771	0.000000	458	1790	533.199	533.199	533.199
896	1	0	16.688875	27.588771	0.000000	469	1790	533.749	533.749	533.749
897	1	0	17.238875	27.638771	5.194429	480	1789	534.301	534.301	534.301
898	1	0	17.788875	27.638771	0.000000	491	1789	534.851	534.851	534.851
899	1	0	18.338875	27.688771	5.194429	502	1788	535.403	535.403	535.403
900	1	0	18.888875	27.688771	0.000000	513	1788	535.953	535.953	535.953
901	1	0	19.438875	27.738771	5.194429	524	1787	536.506	536.506	536.506
902	1	0	19.988875	27.738771	0.000000	535	1787	537.056	537.056	537.056
903	1	0	19.438875	26.688771	-117.645975	524	1808	538.241	538.241	538.241
904	1	0	18.938875	26.588771	-168.690068	514	1810	538.751	538.751	538.751
905	1	0	18.988875	26.038771	-84.805571	515	1821	539.303	539.303	539.303
906	1	0	18.988875	25.488771	-90.000000	515	1832	539.853	539.853	539.853
907	1	0	19.038875	24.938771	-84.805571	516	1843	540.405	540.405	540.405
908	1	0	19.038875	24.388771	-90.000000	516	1854	540.955	540.955	540.955
909	1	0	19.088875	23.838771	-84.805571	517	1865	541.508	541.508	541.508
910	1	0	19.438875	24.088771	35.537678	524	1860	541.938	541.938	541.938
911	1	0	19.438875	24.588771	90.000000	524	1850	542.438	542.438	542.438
912	1	0	19.438875	25.138771	90.000000	524	1839	542.988	542.988	542.988
913	1	0	19.438875	25.638771	90.000000	524	1829	543.488	543.488	543.488
914	1	0	19.438875	26.188771	90.000000	524	1818	544.038	544.038	544.038
915	1	0	16.588875	25.738771	-171.027373	467	1827	546.923	546.923	546.923
916	1	0	16.238875	25.938771	150.255119	460	1823	547.326	547.326	547.326
917	1	0	15.888875	25.738771	-150.255119	453	1827	547.729	547.729	547.729
918	1	0	15.888875	25.238771	-90.000000	453	1837	548.229	548.229	548.229
919	1	0	15.938875	24.138771	-87.397438	454	1859	549.330	549.330	549.330
920	1	0	16.288875	24.288771	23.198591	461	1856	549.711	549.711	549.711
921	1	0	16.638875	24.338771	8.130102	468	1855	550.065	550.065	550.065
922	1	0	16.588875	25.088771	93.814075	467	1840	550.816	550.816	550.816
923	1	0	16.238875	25.388771	139.398705	460	1834	551.277	551.277	551.277
924	1	0	15.938875	26.238771	109.440035	454	1817	552.179	552.179	552.179
925	1	0	16.188875	26.488771	45.000000	459	1812	552.532	552.532	552.532
926	1	0	16.538875	26.688771	29.744881	466	1808	552.935	552.935	552.935
927	1	0	15.838875	28.438771	111.801409	452	1773	554.820	554.820	554.820
928	1	0	15.788875	29.488771	92.726311	451	1752	555.871	555.871	555.871
929	1	0	16.088875	29.788771	45.000000	457	1746	556.296	556.296	556.296
930	1	0	16.638875	29.788771	0.000000	468	1746	556.846	556.846	556.846
931	1	0	17.188875	29.838771	5.194429	479	1745	557.398	557.398	557.398
932	1	0	17.438875	30.088771	45.000000	484	1740	557.752	557.752	557.752
933	1	0	17.438875	30.638771	90.000000	484	1729	558.302	558.302	558.302
934	1	0	17.488875	31.088771	83.659808	485	1720	558.754	558.754	558.754
935	1	0	18.188875	31.238771	12.094757	499	1717	559.470	559.470	559.470
936	1	0	18.488875	31.238771	0.000000	505	1717	559.770	559.770	559.770
937	1	0	19.088875	31.238771	0.000000	517	1717	560.370	560.370	560.370
938	1	0	19.638875	31.238771	0.000000	528	1717	560.920	560.920	560.920
939	1	0	20.188875	31.288771	5.194429	539	1716	561.472	561.472	561.472
940	1	0	20.738875	31.288771	0.000000	550	1716	562.022	562.022	562.022
941	1	0	22.338875	31.988771	23.629378	582	1702	563.769	563.769	563.769
942	1	0	22.588875	31.738771	-45.000000	587	1707	564.122	564.122	564.122
943	1	0	22.588875	31.188771	-90.000000	587	1718	564.672	564.672	564.672
944	1	0	22.638875	30.638771	-84.805571	588	1729	565.225	565.225	565.225
945	1	0	22.638875	30.088771	-90.000000	588	1740	565.775	565.775	565.775
946	1	0	22.688875	29.538771	-84.805571	589	1751	566.327	566.327	566.327
947	1	0	22.688875	28.988771	-90.000000	589	1762	566.877	566.877	566.877
948	1	0	22.738875	28.438771	-84.805571	590	1773	567.429	567.429	567.429
949	1	0	22.738875	27.888771	-90.000000	590	1784	567.979	567.979	567.979
950	1	0	22.788875	27.338771	-84.805571	591	1795	568.531	568.531	568.531
951	1	0	22.788875	26.788771	-90.000000	591	1806	569.081	569.081	569.081
952	1	0	22.838875	26.238771	-84.805571	592	1817	569.634	569.634	569.634
953	1	0	22.838875	25.688771	-90.000000	592	1828	570.184	570.184	570.184
954	1	0	22.888875	25.138771	-84.805571	593	1839	570.736	570.736	570.736
955	1	0	22.888875	24.588771	-90.000000	593	1850	571.286	571.286	571.286
956	1	0	22.938875	24.038771	-84.805571	594	1861	571.838	571.838	571.838
957	1	0	22.938875	23.488771	-90.000000	594	1872	572.388	572.388	572.388
958	1	0	22.938875	22.988771	-90.000000	594	1882	572.888	572.888	572.888
959	1	0	22.938875	22.438771	-90.000000	594	1893	573.438	573.438	573.438
960	1	0	22.938875	21.938771	-90.000000	594	1903	573.938	573.938	573.938
961	1	0	22.938875	21.388771	-90.000000	594	1914	574.488	574.488	574.488
962	1	0	22.888875	20.888771	-95.710593	593	1924	574.991	574.991	574.991
963	1	0	22.888875	20.388771	-90.000000	593	1934	575.491	575.491	575.491
964	1	0	22.888875	19.838771	-90.000000	593	1945	576.041	576.041	576.041
965	1	0	22.888875	19.338771	-90.000000	593	1955	576.541	576.541	576.541
966	1	0	17.238875	28.738771	121.008554	480	1767	587.508	587.508	587.508
967	1	0	17.188875	29.288771	95.194429	479	1756	588.060	588.060	588.060
968	1	0	16.638875	29.238771	-174.805571	468	1757	588.613	588.613	588.613
969	1	0	16.088875	29.238771	180.000000	457	1757	589.163	589.163	589.163
970	1	0	16.138875	28.688771	-84.805571	458	1768	589.715	589.715	589.715
971	1	0	16.688875	28.688771	0.000000	469	1768	590.265	590.265	590.265
972	1	0	16.588875	30.338771	93.468229	467	1735	591.918	591.918	591.918
973	1	0	16.588875	30.888771	90.000000	467	1724	592.468	592.468	592.468
974	1	0	16.038875	30.888771	180.000000	456	1724	593.018	593.018	593.018
975	1	0	16.038875	30.338771	-90.000000	456	1735	593.568	593.568	593.568
976	1	0	17.138875	30.388771	2.602562	478	1734	594.669	594.669	594.669
977	1	0	17.138875	30.938771	90.000000	478	1723	595.219	595.219	595.219
978	1	0	12.738875	30.738771	-177.397438	390	1727	599.624	599.624	599.624
979	1	0	12.188875	30.738771	180.000000	379	1727	600.174	600.174	600.174
980	1	0	11.738875	30.788771	173.659808	370	1726	600.626	600.626	600.626
981	1	0	11.838875	30.338771	-77.471192	372	1735	601.087	601.087	601.087
982	1	0	11.838875	29.738771	-90.000000	372	1747	601.687	601.687	601.687
983	1	0	11.838875	29.188771	-90.000000	372	1758	602.237	602.237	602.237
984	1	0	11.838875	28.588771	-90.000000	372	1770	602.837	602.837	602.837
985	1	0	12.288875	28.538771	-6.340192	381	1771	603.290	603.290	603.290
986	1	0	12.838875	28.538771	0.000000	392	1771	603.840	603.840	603.840
987	1	0	12.788875	29.088771	95.194429	391	1760	604.392	604.392	604.392
988	1	0	12.788875	29.638771	90.000000	391	1749	604.942	604.942	604.942
989	1	0	12.738875	30.188771	95.194429	390	1738	605.495	605.495	605.495
990	1	0	12.188875	30.188771	180.000000	379	1738	606.045	606.045	606.045
991	1	0	12.238875	29.638771	-84.805571	380	1749	606.597	606.597	606.597
992	1	0	12.238875	29.088771	-90.000000	380	1760	607.147	607.147	607.147
